#,head_p,head_y,head_r,gaze_x,gaze_y,diameter_l,diameter_r,open_l,open_r,gvd,act,qoe,quality,cyb,fat,imm
0,0.49803009,0.50357424,0.49986366,0.5133071,0.50706729,5.12741063,5.1642119,1,1,100.57332855,1,5,original,low,med,high
1,0.4475575,0.43061353,0.4978496,0.47362979,0.48700736,7.65866243,7.68273405,1,1,100.23975268,1
2,0.43531052,0.3423413,0.4904158,0.51095635,0.4924447,7.70445297,7.70635157,1,1,1584.89318815,1
3,0.44236391,0.25379492,0.50976024,0.49654499,0.47679729,7.6284294,7.65220336,1,1,1584.32403218,1
4,0.43126579,0.19185298,0.48260089,0.50187285,0.46406304,7.80730011,7.84518327,1,1,109.55552151,1
5,0.43125759,0.19176102,0.48247411,0.47800826,0.45162452,7.84332559,7.85439298,1,1,101.83744251,1
6,0.49002935,0.2311203,0.49800942,0.43882498,0.43892413,7.62334129,7.68472672,1,1,365.9494137,1
7,0.50158353,0.22977878,0.48530797,0.4021659,0.42016113,7.92715975,7.93950758,1,1,1459.60215582,1
8,0.49042626,0.24382131,0.48464021,0.40430794,0.4415887,7.67724638,7.72626837,1,1,1556.15824978,1
9,0.50048082,0.24959138,0.49643892,0.44566146,0.45975717,7.77429709,7.77861583,1,1,100.01596883,1
10,0.51200324,0.25706663,0.50636645,0.48672255,0.46653243,7.51864649,7.56196303,1,1,1584.89318409,1
11,0.49356752,0.27443793,0.4907046,0.51554333,0.47393891,7.53080737,7.57447511,1,1,100.00023708,1
12,0.51344095,0.27767196,0.48635738,0.47524477,0.45447405,7.88345389,7.94355533,1,1,101.94476767,1
13,0.50639716,0.27875883,0.4999085,0.51467312,0.47008042,7.57449149,7.64239788,1,1,1333.77544345,1
14,0.51726117,0.28856686,0.49539499,0.48449645,0.48966683,7.6510814,7.70055892,1,1,231.267752,1
15,0.51725394,0.28891666,0.49543443,0.45846273,0.47517729,7.52074224,7.54323149,1,1,1584.80605475,1
16,0.59205448,0.30502471,0.51110853,0.47879062,0.48170235,7.50353927,7.57326823,1,1,1584.41213541,1
17,0.5675081,0.29906127,0.51027736,0.45363399,0.49511505,7.66108497,7.70243237,1,1,1464.9071131,1
18,0.56159484,0.3058545,0.49736967,0.49243674,0.47526663,7.73043413,7.77144223,1,1,100.08706137,1
19,0.55582595,0.33344919,0.4968895,0.53181722,0.46055553,7.64474239,7.69689082,1,1,1503.92608345,1
20,0.55363374,0.34215759,0.52529167,0.56935903,0.48074993,7.7767482,7.82565327,1,1,112.18792506,1
21,0.5459827,0.35383047,0.51145875,0.55128274,0.49357542,7.63003133,7.6587661,1,1,104.32478528,1
22,0.56145611,0.35061965,0.49614445,0.51560888,0.48189358,7.61295665,7.62381202,1,1,1449.40796976,1
23,0.53654934,0.36655741,0.5129059,0.53606485,0.49592095,7.81163559,7.86496849,1,1,111.071543,1
24,0.53677601,0.3667908,0.51293673,0.5208143,0.47628007,7.83009648,7.87951563,1,1,100.10485073,1
25,0.58140505,0.34434669,0.51795159,0.55497601,0.47439609,7.54740349,7.60520063,1,1,100.30635773,1
26,0.59629365,0.35564861,0.51299623,0.51391703,0.48888718,7.70212606,7.72545829,1,1,100.00015145,1
27,0.58290474,0.3756073,0.52909031,0.55361427,0.50717814,7.46066434,7.52953853,1,1,1476.69027167,1
28,0.57847855,0.38761443,0.5332711,0.59144138,0.48713779,7.77314669,7.81388077,1,1,933.60910294,1
29,0.56060003,0.38382032,0.53327207,0.62867419,0.50718111,7.52774837,7.56521451,1,1,100.07477895,1
30,0.53899132,0.39969589,0.53824045,0.6143643,0.52385946,7.64318225,7.69153256,1,1,472.15396472,1
31,0.538942,0.39965685,0.53836688,0.58368196,0.54164494,7.78522047,7.7858549,1,1,1562.64142176,1
32,0.57374028,0.37058017,0.55367129,0.54424389,0.54981426,7.70394931,7.73036631,1,1,134.78715315,1
33,0.57220726,0.37898385,0.55011229,0.58234603,0.53032981,7.5682494,7.6419192,1,1,163.60856988,1
34,0.57472264,0.40657771,0.54663016,0.60397874,0.54444347,7.56290386,7.61332806,1,1,737.39945483,1
35,0.57269421,0.40262119,0.53768028,0.640649,0.56023814,7.58291099,7.64977859,1,1,101.94654772,1
36,0.54421655,0.41903119,0.56260361,0.677328,0.56895419,7.68621886,7.70421912,1,1,1581.96423095,1
37,0.56269503,0.42246805,0.55583366,0.63776743,0.55465647,7.56310119,7.62746488,1,1,834.09744083,1
38,0.56273315,0.42232152,0.55587792,0.60384968,0.5727634,7.77639177,7.79161834,1,1,119.67311239,1
39,0.61266325,0.37464954,0.55449182,0.5697144,0.56797451,7.67840781,7.69980451,1,1,100.00053954,1
40,0.59461178,0.39337803,0.57869586,0.55911125,0.58593361,7.4840803,7.49935951,1,1,1380.68216663,1
41,0.57730789,0.40155269,0.55711619,0.51896095,0.58202336,7.64849738,7.68668463,1,1,1509.95035794,1
42,0.57257131,0.41390868,0.57916008,0.55169517,0.56040291,7.67474924,7.73076816,1,1,100.00692172,1
43,0.56854116,0.43202329,0.55719334,0.55371726,0.57356394,7.66885444,7.69370844,1,1,557.24400891,1
44,0.5543275,0.44041004,0.5570275,0.53603218,0.57507298,7.87204271,7.89524213,1,1,1584.74869662,1
45,0.55436148,0.43918821,0.5570737,0.57498983,0.55986556,7.65652927,7.6685639,1,1,404.14919814,1
46,0.59127269,0.42194163,0.57489551,0.54493388,0.54879667,7.74762086,7.80159377,1,1,795.60650878,1
47,0.58902561,0.41604715,0.58670498,0.58282614,0.56590529,7.62449067,7.69962537,1,1,108.13806014,1
48,0.56222541,0.43381252,0.55301557,0.62109012,0.58372754,7.8852026,7.90470634,1,1,101.38267686,1
49,0.55901863,0.44275972,0.572555,0.57896682,0.56462377,7.75862125,7.78971836,1,1,100.42111824,1
50,0.54547229,0.45429136,0.56833978,0.47222567,0.62079425,7.62495707,7.6675413,1,1,100.0329165,0
51,0.53875843,0.45148951,0.57868732,0.37119187,0.59282099,7.86955867,7.89987454,1,1,1044.44774901,0
52,0.53883706,0.45095223,0.57876437,0.2861577,0.64855936,7.7669693,7.78363811,1,1,210.82482565,0
53,0.54585309,0.48429392,0.4913146,0.1709185,0.69573174,7.43212673,7.4739454,1,1,1584.23070316,0
54,0.49515069,0.54750847,0.40963594,0.29668198,0.64269411,7.79870599,7.83746198,1,1,1363.84425203,0
55,0.42613432,0.587605,0.3181023,0.29290221,0.69134964,7.7468592,7.81528775,1,1,439.46938804,0
56,0.39803482,0.65531381,0.26096066,0.18111951,0.73054943,7.77985911,7.85535266,1,1,100.33152883,0
57,0.39800205,0.65522484,0.26094755,0.21629706,0.79315257,7.63765827,7.67604125,1,1,100.00003179,0
58,0.40438284,0.6403345,0.35975468,0.32745018,0.73926532,7.53877844,7.60203392,1,1,103.75642875,0
59,0.42977353,0.57669256,0.43685475,0.21183058,0.7284941,7.83297654,7.8400841,1,1,100.00061371,0
60,0.49064062,0.50834451,0.53308137,0.33189714,0.72534719,7.62074532,7.65278418,1,1,100.01518577,0
61,0.53837667,0.40953279,0.64345564,0.3327925,0.7874137,7.68734889,7.73223905,1,1,144.822724,0
62,0.58384863,0.35682359,0.73390792,0.21646705,0.7331354,7.60547341,7.65254046,1,1,1563.88477321,0
63,0.62428388,0.30994874,0.77442459,0.18604472,0.79800303,7.7202038,7.79602212,1,1,1336.88417972,0
64,0.62419432,0.31003197,0.77437579,0.17101593,0.74432788,7.8617565,7.90189319,1,1,106.75648674,0
65,0.64890191,0.35482606,0.72871586,0.29613717,0.69213901,7.62068729,7.6607384,1,1,1584.89318274,0
66,0.60426647,0.42385211,0.6113051,0.38289805,0.75312854,7.76120728,7.78757052,1,1,356.24696746,0
67,0.56166712,0.49746855,0.51495681,0.27389986,0.72473203,7.59460977,7.64352574,1,1,1172.50751643,0
68,0.51351409,0.56284032,0.38746764,0.23351541,0.68850063,7.62380755,7.69819542,1,1,105.87933434,0
69,0.46408596,0.6404475,0.30591019,0.11891042,0.72457842,7.83484604,7.90045412,1,1,1574.82426886,0
70,0.45433607,0.66777518,0.25122181,0.01228611,0.74940857,7.89411639,7.95803991,1,1,100.00250345,0
71,0.45433692,0.66752932,0.25119114,0.12247253,0.7295396,7.71067171,7.78542196,1,1,1584.89319245,0
72,0.4475995,0.65329302,0.36408046,0.06735276,0.79696915,7.57080398,7.59591199,1,1,138.37771738,0
73,0.48755112,0.5611932,0.49158106,0.19125375,0.74797046,7.68436011,7.75133124,1,1,1584.69855602,0
74,0.51693066,0.49416761,0.63318892,0.3171911,0.7173071,7.92416302,7.99242208,1,1,215.09761255,0
75,0.54417054,0.43153761,0.73700861,0.24472808,0.66634129,7.77423188,7.83946729,1,1,113.63174948,0
76,0.57994608,0.3832015,0.83216525,0.36469298,0.61626647,7.73010708,7.76783571,1,1,100.00045988,0
77,0.58018588,0.38315045,0.83222362,0.31606814,0.67896373,7.62212374,7.6286078,1,1,100.01372062,0
78,0.60039895,0.43265915,0.73408196,0.28924459,0.65643751,7.51490392,7.57864555,1,1,133.83714171,0
79,0.5611392,0.50896558,0.56716667,0.3928546,0.60226423,7.98294227,8.01855041,1,1,100.01109129,0
80,0.49848915,0.57327198,0.39913444,0.51477162,0.62215223,7.67933982,7.69961361,1,1,1578.81280415,0
81,0.44551591,0.65246475,0.22349296,0.41246365,0.61110278,7.90145016,7.95023133,1,1,100.04060091,0
82,0.40313548,0.71584282,0.08307135,0.52627267,0.66142629,7.79314925,7.85762581,1,1,100.00005312,0
83,0.37996624,0.77397595,0.98991609,0.54355406,0.64137763,7.69030173,7.73006216,1,1,598.09999403,1
84,0.38000403,0.77384066,0.9901018,0.58137073,0.65846598,7.74751433,7.80789613,1,1,1238.24549025,1
85,0.35044377,0.80761368,0.04300716,0.55423654,0.6559883,7.62797487,7.65481234,1,1,204.68870014,1
86,0.36205966,0.83569958,0.0208815,0.59049604,0.6330006,7.70294902,7.76886795,1,1,100.23160465,1
87,0.37373035,0.78758637,0.99910515,0.55029696,0.64253786,7.66299411,7.67256749,1,1,149.70151828,1
88,0.37031546,0.82184985,0.00424279,0.51400423,0.62208806,7.7280901,7.79273917,1,1,112.70212639,1
89,0.38910275,0.79548429,0.01017808,0.5526455,0.60015659,7.68845143,7.74837262,1,1,1389.81240557,1
90,0.39715309,0.77205186,0.96233757,0.51536453,0.57925925,7.81795721,7.84705026,1,1,216.34091722,1
91,0.41601516,0.74898172,0.99291264,0.47634011,0.55840107,7.50058897,7.54106865,1,1,107.30284395,1
92,0.41219837,0.74812631,0.94868837,0.51604747,0.53764231,7.50977914,7.56899074,1,1,446.36075374,1
93,0.43758433,0.7419537,0.92928227,0.47586975,0.51691815,7.60103292,7.6703534,1,1,1574.80376,1
94,0.44070897,0.75781042,0.94689856,0.48591384,0.50018646,7.74865323,7.82163533,1,1,100.00309923,1
95,0.44074055,0.75839954,0.94676033,0.49070151,0.4803175,7.65265353,7.71137627,1,1,931.62952062,1
96,0.4160148,0.81156761,0.97216825,0.47760383,0.46087433,7.76680187,7.8046752,1,1,531.4686853,1
97,0.42190464,0.8003483,0.99126786,0.51232871,0.47586759,7.757366,7.77441363,1,1,1584.89272645,1
98,0.42949641,0.78521185,0.9705631,0.52711505,0.48507672,7.69986276,7.75245529,1,1,100.60239794,1
99,0.43704852,0.75841075,0.96637233,0.54555657,0.49844333,7.5697312,7.57045895,1,1,155.46329816,1
100,0.45100149,0.73221879,0.9376874,0.50660224,0.51544098,7.59408653,7.6615768,1,1,133.97675782,1
101,0.44154781,0.73443232,0.92014786,0.53966712,0.52120676,7.69423098,7.71300104,1,1,1584.57941866,1
102,0.45399289,0.71838748,0.94096502,0.50608983,0.54058161,7.70655118,7.75121256,1,1,1584.88742946,1
103,0.46829181,0.71435985,0.92391028,0.54049722,0.55969343,7.6933938,7.75760469,1,1,1569.92166071,1
104,0.45384869,0.73404595,0.88600546,0.50761731,0.54206015,7.70599053,7.72065821,1,1,274.73687388,1
105,0.45369979,0.73377769,0.88609445,0.47467436,0.52196309,7.75430482,7.77208462,1,1,100.02709521,1
106,0.42174893,0.75514464,0.92431955,0.51499131,0.52162693,7.72437011,7.76707095,1,1,116.73504611,1
107,0.43305331,0.76002603,0.89232234,0.47652426,0.50265727,7.90006646,7.90466346,1,1,1356.05026767,1
108,0.43237019,0.76415254,0.88511361,0.43727176,0.48773382,7.85631527,7.87222,1,1,100.00042724,1
109,0.43638844,0.74099993,0.86753334,0.41684117,0.50551073,7.97041892,8.03280897,1,1,1552.05319486,1
110,0.44308793,0.7131345,0.8820794,0.45799077,0.52540009,7.80298139,7.82971178,1,1,100.00001336,1
111,0.46349321,0.71801691,0.86783477,0.41887722,0.50493388,7.93839685,7.98352059,1,1,1584.85168421,1
112,0.45815381,0.72688865,0.85757075,0.4194085,0.52025793,7.65120195,7.68836746,1,1,267.3308051,1
113,0.47595293,0.70135269,0.85276534,0.38355897,0.51057335,7.70618433,7.75932494,1,1,100.18130025,1
114,0.47591224,0.70106066,0.85281073,0.35913651,0.50560794,8.04888029,8.07209792,1,1,1570.53206431,1
115,0.45422142,0.7391272,0.87181191,0.35730211,0.50825,7.58823982,7.6218749,1,1,100.03296414,1
116,0.46078308,0.70992566,0.85585616,0.32063869,0.52637522,7.63077398,7.63077739,1,1,1584.89289299,1
117,0.45695413,0.72226975,0.84654026,0.28474763,0.50596588,7.73176543,7.79323482,1,1,1584.77993495,1
118,0.44927979,0.67977158,0.86520889,0.31927786,0.48595617,7.55683179,7.58400052,1,1,299.47969987,1
119,0.47741322,0.68576068,0.85781445,0.29466796,0.46732116,7.63117301,7.68814778,1,1,1506.36968232,1
120,0.48021809,0.67600448,0.84881234,0.26514351,0.44797925,7.7976021,7.81776821,1,1,101.21335747,1
121,0.4865393,0.66855599,0.84452714,0.23992334,0.45720819,7.7274827,7.76187415,1,1,1583.2443319,1
122,0.48653896,0.66888685,0.84444479,0.21144841,0.46390162,7.56491797,7.57682029,1,1,134.35512537,1
123,0.46088679,0.68802405,0.87955295,0.24489408,0.4816607,7.63425976,7.6690082,1,1,102.76809521,1
124,0.4633477,0.68351229,0.88113525,0.21315168,0.49366572,7.6504416,7.67798914,1,1,1583.12498437,1
125,0.45651988,0.67685594,0.85093332,0.25857432,0.47586649,7.58438972,7.61073137,1,1,1568.89131489,1
126,0.47845131,0.67630345,0.82534121,0.27247418,0.48159122,7.86737281,7.87434255,1,1,1584.53167306,1
127,0.48178643,0.66795799,0.81114095,0.23716369,0.50133765,7.69901007,7.72101307,1,1,930.36693255,1
128,0.48046628,0.63622998,0.82020584,0.20244657,0.48131297,7.74395538,7.81153085,1,1,100.09703942,1
129,0.47802418,0.65374865,0.80124155,0.24296639,0.46617886,7.80475363,7.86504631,1,1,1575.99374606,1
130,0.47802794,0.65399547,0.80121474,0.21218892,0.47784878,7.8156549,7.86867244,1,1,1569.89230924,1
131,0.43187393,0.69294056,0.8401465,0.22153862,0.46907137,7.6389855,7.69161485,1,1,101.43118429,1
132,0.4529912,0.68774926,0.83545785,0.18780956,0.45919302,7.71429744,7.77716134,1,1,1584.80592717,1
133,0.46347261,0.65718944,0.80670278,0.23121623,0.47831344,7.7133874,7.74127645,1,1,100.02678943,1
134,0.45442365,0.64018138,0.81052881,0.20102766,0.49834462,7.86995112,7.92512875,1,1,1321.36173216,1
135,0.48158051,0.65649244,0.76591018,0.24695748,0.48573562,7.44976355,7.5123771,1,1,102.57966517,1
136,0.47253158,0.62713657,0.77934612,0.24958062,0.48578043,7.53951254,7.56875484,1,1,101.72115361,1
137,0.48940609,0.62430366,0.78854463,0.25011438,0.48471012,7.40816355,7.45403543,1,1,117.99280004,1
138,0.48930068,0.62352768,0.78866692,0.2776013,0.46590049,7.50319756,7.56849764,1,1,100.02762952,1
139,0.4655238,0.65465155,0.78190054,0.24335661,0.45904129,7.61163805,7.62652297,1,1,100.00005304,1
140,0.46995326,0.64897312,0.80259518,0.2351902,0.47965614,7.7409184,7.79549641,1,1,100.86003333,1
141,0.46793346,0.62880616,0.79637127,0.28041551,0.46206835,7.78564195,7.82076948,1,1,1321.6747641,1
142,0.49433519,0.6261407,0.77550549,0.32169486,0.44472591,7.47370099,7.5389595,1,1,1211.59079492,1
143,0.49313354,0.61574661,0.76398289,0.28609389,0.46152605,7.7697787,7.82725413,1,1,247.38579158,1
144,0.49025265,0.58879602,0.73811764,0.32968045,0.47836696,7.67976841,7.73481708,1,1,100.00000015,1
145,0.49024936,0.58945494,0.73815447,0.3726373,0.48004813,7.65484151,7.65959761,1,1,1565.54997899,1
146,0.48581659,0.60911517,0.74085173,0.34662666,0.49488656,7.77362443,7.8460851,1,1,493.98707618,1
147,0.47847536,0.60363182,0.76475021,0.3804763,0.49702986,7.71591951,7.73913723,1,1,100.00769809,1
148,0.49355547,0.59262075,0.74994039,0.34310882,0.50066828,7.7169878,7.77231015,1,1,1584.85873678,1
149,0.480951,0.57394505,0.73982068,0.37255125,0.48095343,7.6876284,7.71140215,1,1,694.34680384,1
150,0.48576263,0.55923234,0.70440445,0.35418381,0.5005951,7.7779632,7.84864396,1,1,1208.36521376,1
151,0.50522399,0.55862802,0.71480724,0.31878429,0.48070546,7.63633013,7.68884894,1,1,100.04170468,1
152,0.50543931,0.55850508,0.71488935,0.28903515,0.46112304,7.8278993,7.90581841,1,1,1575.18405601,1
153,0.47703209,0.54953549,0.70672804,0.32660597,0.45067767,7.84922905,7.85798452,1,1,1584.62231687,1
154,0.47750088,0.54692548,0.73032163,0.32920883,0.45128484,7.84178875,7.91216645,1,1,1584.60193728,1
155,0.45922346,0.55650102,0.68174106,0.34301305,0.46477818,7.76495337,7.80330938,1,1,1580.92905549,1
156,0.487954,0.52488139,0.67159689,0.38485507,0.45498354,7.73061001,7.78666665,1,1,100.00003225,1
157,0.47424934,0.52816316,0.65459596,0.48636983,0.47333946,7.87110398,7.89856181,1,1,1557.27607355,0
158,0.47418591,0.52748168,0.65456708,0.49036598,0.51764339,7.60091668,7.63702349,1,1,257.94437758,0
159,0.59549867,0.63258713,0.97941538,0.39041472,0.57774783,7.6204328,7.64138223,1,1,1390.64109199,0
160,0.63894083,0.65935918,0.26387912,0.47927012,0.63993196,7.63481043,7.6934262,1,1,819.63896252,0
161,0.73112787,0.71444206,0.57751126,0.59939218,0.69745318,7.76417491,7.77410358,1,1,116.51032994,0
162,0.7389491,0.74934246,0.10099381,0.47797099,0.75297926,7.65968279,7.67518647,1,1,100.04052288,0
163,0.7389162,0.74950299,0.10099438,0.58587299,0.72901651,7.80175085,7.81851346,1,1,748.81476903,0
164,0.67174383,0.69005139,0.18879468,0.53919472,0.78361841,7.51116926,7.54829781,1,1,100.27119248,0
165,0.60269763,0.62762187,0.28961995,0.42591308,0.80800252,7.87458999,7.9189803,1,1,100.02130946,0
166,0.54899625,0.55463775,0.41577257,0.33457696,0.83927975,7.58660615,7.65220756,1,1,1581.80506458,0
167,0.44909856,0.48190761,0.54633957,0.22344476,0.78274561,7.78158361,7.78865838,1,1,344.19763161,0
168,0.37781573,0.41532194,0.66554137,0.11589146,0.83772689,7.72032163,7.72852325,1,1,116.23590133,0
169,0.33170042,0.36360921,0.78472698,0.24079008,0.8457819,7.72883866,7.79443073,1,1,101.13371333,0
170,0.29014261,0.33488762,0.80511557,0.21240526,0.84517917,7.69930008,7.76072049,1,1,1580.76591428,0
171,0.29016707,0.33469933,0.80498933,0.09969616,0.90944276,7.50277325,7.54761647,1,1,100.02385414,0
172,0.38527307,0.436624,0.73877293,0.22158503,0.95276557,7.46981701,7.48887636,1,1,1584.87570804,0
173,0.4400313,0.49039028,0.66427691,0.23474569,1,7.86920552,7.93361951,1,1,1580.12015901,0
174,0.52382256,0.55503483,0.55988481,0.25656505,0.97849781,7.79501568,7.86803062,1,1,100.89320045,1
175,0.58077432,0.62836984,0.43782148,0.29515803,0.95639402,7.64330006,7.69263217,1,1,788.7577539,1
176,0.66474881,0.64690071,0.35772113,0.33879379,0.94623342,7.71587715,7.77139641,1,1,124.58560058,1
177,0.67145044,0.70455971,0.29104033,0.31900424,0.95169858,7.58183733,7.6148808,1,1,111.70150609,1
178,0.67149463,0.70485815,0.29092385,0.28263164,0.92290841,7.7868824,7.84647902,1,1,1583.0309142,1
179,0.65932951,0.68083955,0.29523644,0.28200551,0.93213473,7.78398184,7.801561,1,1,100.00024652,1
180,0.6533286,0.65420414,0.3098239,0.25071001,0.92007935,7.80516085,7.83673239,1,1,100.87569684,1
181,0.62878021,0.65772958,0.30802323,0.26106808,0.93161768,7.61823006,7.67146063,1,1,100.00648335,1
182,0.61930582,0.64687189,0.30600719,0.29586728,0.93982886,7.48270321,7.48702457,1,1,1547.63445033,1
183,0.60341703,0.66893024,0.30731025,0.25998747,0.91105329,7.59679998,7.61778159,1,1,1531.00780856,1
184,0.61206761,0.63663228,0.32561321,0.25203194,0.88362481,7.79929795,7.84676402,1,1,126.9714634,1
185,0.60142759,0.62373601,0.32655402,0.34590535,0.89318462,7.60776641,7.61225124,1,1,100.00269946,0
186,0.57407587,0.64242065,0.3208604,0.37980364,0.94348095,7.70716589,7.7128872,1,1,1337.54402114,0
187,0.57386684,0.62009551,0.32521927,0.26748389,0.9909429,7.7658802,7.79317125,1,1,1584.66225681,0
188,0.56529931,0.6222781,0.32204272,0.15227221,0.93653616,7.68063301,7.70059184,1,1,101.1565262,0
189,0.56526566,0.62227773,0.32196407,0.10043381,0.94945117,7.9454026,7.95914646,1,1,897.78141415,0
190,0.51865697,0.56893212,0.41467502,0.1153073,0.94925285,7.6825381,7.74818434,1,1,1414.98367374,0
191,0.49283338,0.50219721,0.50397724,0.20499518,1,7.57930661,7.60493772,1,1,101.20843408,0
192,0.45837506,0.42854616,0.61262693,0.33076926,0.94885687,7.9010487,7.96305602,1,1,1584.7798688,0
193,0.42530505,0.34976247,0.67473871,0.45414586,0.97708611,7.70281641,7.77328717,1,1,756.35000596,0
194,0.40760935,0.31286218,0.75801622,0.35657532,1,7.62616523,7.644883,1,1,106.13388383,0
195,0.4076666,0.3127472,0.75791724,0.47015341,0.97896512,7.66016582,7.7283297,1,1,1445.38277175,0
196,0.49877199,0.41273253,0.68637629,0.4533472,0.96889032,7.74253601,7.7890377,1,1,1584.89300318,0
197,0.50044412,0.46241885,0.59318111,0.55109066,0.96761142,7.65938152,7.66990504,1,1,100.27620435,0
198,0.53859245,0.55779802,0.50694349,0.51827816,0.92029669,7.70551086,7.77754962,1,1,667.55681818,0
199,0.6028049,0.63989238,0.37502378,0.39982561,0.94195844,7.713471,7.73020482,1,1,557.99190886,0
200,0.62336691,0.66834114,0.2939407,0.28281325,0.88412409,7.63495576,7.6681383,1,1,840.55343749,0
201,0.63489648,0.70283099,0.23595338,0.40240536,0.83201525,7.77296836,7.84648272,1,1,1576.82537044,0
202,0.63466713,0.70354002,0.23599616,0.28438524,0.78963588,7.365697,7.39343499,1,1,1560.65664818,0
203,0.57166196,0.64099544,0.32689465,0.38370898,0.84702721,7.7509056,7.76952227,1,1,1472.62025791,0
204,0.53262085,0.57288973,0.40120699,0.39224401,0.88381706,7.76094841,7.76285126,1,1,1532.69717614,0
205,0.46915401,0.49144185,0.51686558,0.45281401,0.94433784,7.50797101,7.56682098,1,1,1564.18052728,0
206,0.40960875,0.42310438,0.62235815,0.54166484,0.8853759,7.75319546,7.81143662,1,1,1564.49050213,0
207,0.36330657,0.37862469,0.69531554,0.42101719,0.88327096,7.96082307,7.97644555,1,1,1584.89297189,0
208,0.34520856,0.35202058,0.76100251,0.38465393,0.87059474,7.6858708,7.6963119,1,1,105.65943746,1
209,0.345099,0.35270314,0.76092451,0.42690515,0.88304796,7.61343041,7.67795352,1,1,1419.72111768,1
210,0.38188122,0.40168123,0.77997665,0.46372365,0.89379731,7.78521775,7.83102311,1,1,1544.94557972,1
211,0.38212754,0.41792639,0.79340928,0.46485243,0.88392134,7.59543024,7.60827641,1,1,100.02528218,1
212,0.38712892,0.40572955,0.79537593,0.50545734,0.89103728,7.68199007,7.68800411,1,1,100.43968822,1
213,0.41439439,0.41218415,0.7836476,0.48929671,0.86336588,7.76158666,7.7710251,1,1,100.00265469,1
214,0.42892269,0.42945575,0.74131459,0.44973579,0.87523968,7.46458281,7.5184323,1,1,1584.89228277,1
215,0.4370044,0.42615803,0.74977293,0.41219254,0.88606316,7.89394129,7.9341557,1,1,261.92324367,1
216,0.44100935,0.43378874,0.77288578,0.45248477,0.89810694,7.73280665,7.80294307,1,1,1439.22922417,1
217,0.46147848,0.41713933,0.75512428,0.41514541,0.89056424,7.67754241,7.74349928,1,1,100.00336313,1
218,0.45209252,0.42920845,0.76577313,0.4568216,0.86294844,7.6454926,7.70696789,1,1,109.41460767,1
219,0.45203569,0.42909521,0.76572567,0.43207196,0.87507278,7.79454541,7.82585091,1,1,1581.28525374,1
220,0.52588372,0.47754947,0.7742767,0.40147814,0.8527617,7.68388069,7.72128426,1,1,1583.87102558,1
221,0.52037001,0.50435824,0.77906409,0.36359142,0.82787438,7.8075091,7.83389467,1,1,100.08866801,1
222,0.53471842,0.50377387,0.75712738,0.40500945,0.84050885,7.61254674,7.61857591,1,1,145.53865743,1
223,0.51683173,0.50639824,0.74011355,0.36708002,0.8502353,7.77491734,7.83020398,1,1,1584.88116935,1
224,0.51415132,0.4983449,0.76908959,0.32980063,0.8232928,7.54151805,7.60227314,1,1,130.48157838,1
225,0.51382851,0.51553759,0.75836383,0.30033519,0.80277507,7.77202479,7.84802841,1,1,1539.46549994,1
226,0.51373564,0.51547079,0.75843437,0.31527691,0.77740617,7.833576,7.85877758,1,1,100.00441605,1
227,0.49311057,0.44861008,0.7443162,0.35852008,0.76355938,7.65433558,7.65824255,1,1,1551.43387433,1
228,0.48436079,0.45932662,0.70304449,0.38756734,0.73834692,7.55207941,7.58842917,1,1,100.01290116,1
229,0.47063627,0.4729475,0.66149148,0.42975431,0.75340857,7.65417474,7.6761761,1,1,881.73464511,1
230,0.47293223,0.47886577,0.59871621,0.41664565,0.72834608,7.72399927,7.73113853,1,1,100.30594843,1
231,0.46955205,0.47660462,0.5658079,0.45818038,0.70552161,7.70165608,7.7302343,1,1,1584.27628773,1
232,0.46948888,0.47641502,0.56591491,0.44742274,0.72132033,7.82301042,7.8485141,1,1,100.019231,1
233,0.52109565,0.53628505,0.58008291,0.42864669,0.70108236,7.63911149,7.70832412,1,1,107.34814611,1
234,0.50744441,0.54533013,0.58820816,0.39050896,0.70247024,7.53627696,7.60357644,1,1,100.5237802,1
235,0.51533042,0.52881798,0.55898456,0.35272434,0.67876481,7.72811822,7.74799699,1,1,100.00051781,1
236,0.53210814,0.53202663,0.56382741,0.36529281,0.69515955,7.68234717,7.7189923,1,1,100.04770374,1
237,0.53154415,0.54365181,0.575123,0.34680754,0.70312278,7.57820321,7.5851666,1,1,780.10514905,1
238,0.53155772,0.54376193,0.57517971,0.37634887,0.67982337,7.73009277,7.7843612,1,1,100.02344114,1
239,0.49823871,0.51833522,0.57700924,0.33889438,0.68444985,7.4749495,7.500326,1,1,1483.20095128,1
240,0.50838724,0.51590932,0.5969869,0.37907582,0.66792058,7.65899223,7.70959285,1,1,1584.89318352,1
241,0.50692724,0.50835298,0.58816496,0.35469808,0.64556246,7.72249527,7.74830468,1,1,1580.64039862,1
242,0.51591708,0.51475008,0.58958617,0.39580612,0.66234658,7.68489212,7.71498029,1,1,100.00052822,1
243,0.50524515,0.51309449,0.56901794,0.43583724,0.65006965,7.54014249,7.57731753,1,1,767.64692103,1
244,0.50538398,0.51360169,0.56888502,0.55285372,0.59524516,7.77843092,7.82660969,1,1,1578.83072488,0
245,0.54774265,0.52073128,0.85403678,0.66828629,0.56370159,7.78035339,7.79240746,1,1,1531.07889307,0
246,0.62486773,0.48739815,0.13342749,0.60793429,0.56021512,7.88049155,7.90697921,1,1,101.71231196,0
247,0.68090779,0.43893529,0.3812631,0.72442881,0.61782523,7.65529849,7.66186565,1,1,1584.88704057,0
248,0.7346929,0.3865683,0.86299856,0.829772,0.66321894,7.6212826,7.64592233,1,1,1556.43012423,0
249,0.7348161,0.38688633,0.86294014,0.90096327,0.60275941,7.89248796,7.90419328,1,1,1575.83264273,0
250,0.73357616,0.39026139,0.80805871,0.99579484,0.54737709,7.55951285,7.60909158,1,1,1481.61795805,0
251,0.65597376,0.44163157,0.66668406,0.86605871,0.47753365,7.648605,7.70594551,1,1,1582.89106136,0
252,0.56459819,0.49521008,0.53274793,0.9737232,0.42047391,7.54945124,7.55578235,1,1,1204.4186087,0
253,0.48241635,0.55261912,0.41861895,1,0.43597122,7.68312359,7.69154505,1,1,100.0004246,0
254,0.40702927,0.6167648,0.30875764,0.87656143,0.4858352,7.45459665,7.47858124,1,1,1374.16495196,0
255,0.34467052,0.62999013,0.24481652,0.9866116,0.41864369,7.63701577,7.64035161,1,1,373.98568746,0
256,0.3446557,0.63006295,0.24464377,0.91913407,0.3493616,7.5701615,7.5804292,1,1,1584.03637645,0
257,0.37059576,0.65299918,0.34218491,0.96535937,0.32913192,7.84764317,7.8689042,1,1,1546.88393392,0
258,0.45000067,0.60069209,0.45147045,1,0.26482054,7.61503932,7.65078362,1,1,100.01755448,0
259,0.51556502,0.51536904,0.57416689,1,0.19508292,7.62870809,7.69809455,1,1,294.74713819,0
260,0.61539309,0.4354127,0.73223574,0.95643575,0.13405062,7.73417868,7.77875412,1,1,109.69448539,0
261,0.64869752,0.39184198,0.82870843,1,0.16546371,7.75816835,7.81681775,1,1,1584.45571263,0
262,0.70252326,0.34295833,0.86486765,0.89393602,0.21521068,7.36920693,7.38640013,1,1,100.24188997,0
263,0.70240728,0.34329923,0.8647712,0.77498136,0.14811328,7.77823274,7.83659854,1,1,1583.38344659,0
264,0.67471227,0.38370655,0.75446166,0.8891232,0.08602932,7.67811803,7.72507231,1,1,100.21074417,0
265,0.63965769,0.44272839,0.66428797,0.82408223,0.13594333,7.70439166,7.73155131,1,1,284.12110139,0
266,0.57150158,0.49901335,0.50367532,0.79651574,0.07255658,7.8936166,7.90301534,1,1,1584.68175734,0
267,0.4781074,0.58895134,0.33018301,0.84342501,0.00953236,7.61649833,7.65694763,1,1,1584.89276442,0
268,0.42687624,0.63328103,0.21632069,0.71742358,0.01745265,7.90018164,7.97410686,1,1,116.91778089,0
269,0.38536903,0.68399379,0.13803441,0.8322857,0,7.73568662,7.79483878,1,1,100.03029864,0
270,0.3853472,0.68435805,0.13794973,0.80021544,0.05335171,7.88484939,7.88936531,1,1,1568.89317271,0
271,0.3882689,0.6607219,0.24685091,0.67545902,0.10672236,7.64094757,7.66418309,1,1,1578.85323364,0
272,0.42938162,0.59490137,0.3681146,0.55608213,0.05394247,7.68427483,7.72527272,1,1,100.17153715,0
273,0.47459662,0.52249989,0.51876944,0.67300155,0.109678,7.6770864,7.69397594,1,1,100.58339143,0
274,0.50744493,0.44456308,0.67344323,0.7835198,0.1660847,7.71547179,7.78487869,1,1,100.12349479,0
275,0.55255661,0.37323664,0.74920703,0.86965078,0.11017594,7.73129724,7.75416607,1,1,222.10653232,0
276,0.56853439,0.33350084,0.85196518,0.82749471,0.09821908,7.63789288,7.70459814,1,1,1112.55415301,1
277,0.56842182,0.3337995,0.85198585,0.81445347,0.11592708,7.46904179,7.53140159,1,1,100.04518284,1
278,0.61640456,0.31059397,0.85639183,0.76828481,0.13996225,7.82207346,7.84364488,1,1,526.28290699,1
279,0.61316941,0.31894182,0.84164342,0.80248104,0.15045541,7.65478787,7.72836975,1,1,1294.07936135,1
280,0.5938447,0.34309422,0.87878695,0.83400669,0.14454999,7.83391077,7.86740148,1,1,1505.56231199,1
281,0.58114983,0.35363276,0.8509131,0.85311724,0.13459524,7.90960729,7.91174865,1,1,104.36933546,1
282,0.56962168,0.36790665,0.82489719,0.8126302,0.16053173,7.81257917,7.88779751,1,1,161.34217348,1
283,0.58544991,0.36216615,0.84125567,0.76674177,0.17372172,7.53663163,7.60893837,1,1,100.78418809,1
284,0.55820167,0.38051696,0.84365693,0.737972,0.19901961,8.00818432,8.06797125,1,1,1584.89290138,1
285,0.57675339,0.38069334,0.8157172,0.69322675,0.2242309,7.63166068,7.65264378,1,1,100.33582799,1
286,0.5767183,0.38110814,0.81562884,0.64960835,0.22706243,7.59175419,7.65798323,1,1,100.95451596,1
287,0.61105857,0.37332785,0.84375185,0.610452,0.2524623,7.91906716,7.99677668,1,1,1511.022885,1
288,0.61383214,0.37380943,0.83035491,0.644832,0.2375018,7.68349042,7.74343147,1,1,112.89562431,1
289,0.61616128,0.38677301,0.82691354,0.60487126,0.26057724,7.82082199,7.83694362,1,1,154.48585523,1
290,0.60147587,0.38971865,0.82495417,0.56282747,0.24536587,7.7456352,7.75167191,1,1,123.79242126,1
291,0.59280645,0.41007915,0.80227698,0.53463638,0.25826686,7.54862269,7.60334464,1,1,296.86380125,1
292,0.59523406,0.42090099,0.77987898,0.53389189,0.28303365,7.85989135,7.90322496,1,1,100.00726618,1
293,0.56669856,0.40557213,0.81290212,0.50079572,0.26864856,7.8992487,7.93270265,1,1,1537.16691381,1
294,0.56654252,0.4063908,0.81282004,0.53879585,0.2850283,7.56181569,7.58739109,1,1,125.27603581,1
295,0.6078916,0.37793601,0.84570062,0.50274529,0.27875061,7.52986026,7.55597567,1,1,615.38042043,1
296,0.58878211,0.36845302,0.84074988,0.50285302,0.29155287,7.626441,7.6912958,1,1,1584.66705904,1
297,0.58274837,0.38569321,0.79407505,0.52440063,0.27577336,7.77487165,7.83607421,1,1,1025.48182713,1
298,0.57307986,0.39352528,0.81004625,0.54907393,0.26105506,7.68029868,7.70047899,1,1,1255.35431025,1
299,0.56540386,0.40554455,0.80592803,0.58784949,0.24585218,7.48231829,7.48801121,1,1,104.22382794,1
300,0.55971265,0.42100229,0.77135112,0.6260674,0.27091193,7.53126621,7.55014964,1,1,1584.89176447,1
301,0.55959252,0.42132526,0.77129088,0.6627145,0.29452817,7.80382648,7.86641799,1,1,1464.83097014,1
302,0.58111711,0.38641813,0.77703146,0.61994118,0.31631432,7.85509954,7.88571752,1,1,100.00195096,1
303,0.56393431,0.38145814,0.78166286,0.64915991,0.30915879,7.58175638,7.6575132,1,1,103.3759939,1
304,0.56092144,0.38678639,0.77308611,0.68617181,0.31660437,7.72011746,7.74302044,1,1,100.0000196,1
305,0.53586049,0.40432836,0.75073423,0.66746398,0.33957227,7.70215543,7.77123407,1,1,1554.81947996,1
306,0.52608047,0.40658727,0.75639261,0.66237347,0.35955614,7.76773698,7.78687035,1,1,100.02764621,1
307,0.50995158,0.42384233,0.72473699,0.62124027,0.36063499,7.60514016,7.63500152,1,1,1584.73900295,1
308,0.50978644,0.42362668,0.72481229,0.6081906,0.34406409,7.72403412,7.73576749,1,1,295.63359913,1
309,0.55157314,0.43774387,0.73615076,0.60671766,0.36670296,7.54682497,7.60118726,1,1,202.66727285,1
310,0.55562082,0.43651832,0.72423987,0.57725633,0.36269173,7.63869053,7.66152022,1,1,197.45021491,1
311,0.54185345,0.45579602,0.73123313,0.61569836,0.34552458,7.63783461,7.70273628,1,1,100.37956544,1
312,0.54745986,0.45685712,0.6985599,0.57338554,0.36858792,7.42078476,7.45766889,1,1,1584.64840919,1
313,0.53878644,0.47150222,0.68252613,0.58256181,0.36447959,7.64920085,7.68826182,1,1,602.38737633,1
314,0.54605928,0.47614239,0.68128876,0.59199064,0.38272157,8.03586625,8.10542202,1,1,1541.65740279,1
315,0.54607489,0.47667864,0.68116326,0.55553619,0.40501913,7.76712228,7.8353278,1,1,1580.69307228,1
316,0.57428781,0.43017068,0.68178375,0.54343434,0.42170382,7.41297084,7.47201622,1,1,102.41206018,1
317,0.56598708,0.42705545,0.67232274,0.51031297,0.43386562,7.73409064,7.7773926,1,1,100.27954965,1
318,0.53376458,0.44869431,0.69045754,0.54996889,0.41544316,7.41956045,7.48971028,1,1,522.73911587,1
319,0.53421279,0.4659115,0.67316288,0.53666906,0.39774092,7.83485899,7.87335044,1,1,1584.36218076,1
320,0.52547718,0.45283452,0.64858351,0.49706316,0.41646659,7.70461845,7.70551064,1,1,100.00381208,1
321,0.52536339,0.45246818,0.64867648,0.50828341,0.40118413,7.94984448,8.01786731,1,1,115.75335972,1
322,0.52313007,0.40552919,0.66663595,0.47697881,0.4110592,7.59492099,7.62728627,1,1,179.07229364,1
323,0.51704157,0.41494613,0.63326504,0.43844703,0.42375145,7.30988273,7.33547799,1,1,163.97735817,1
324,0.51953278,0.4125433,0.62030765,0.47966844,0.4064948,7.82267916,7.89815693,1,1,1394.01940436,1
325,0.49075576,0.43987153,0.60867847,0.4422233,0.42669723,7.70511988,7.70989068,1,1,100.45540931,1
326,0.49769078,0.4305455,0.56822724,0.48336936,0.41223047,7.8547911,7.90767711,1,1,135.5662453,1
327,0.49764543,0.43019168,0.56812961,0.5038534,0.40529886,7.69828294,7.72219499,1,1,100.34981852,1
328,0.5639726,0.46433279,0.58781157,0.473598,0.42541367,7.45540453,7.51667904,1,1,109.535962,1
329,0.56711816,0.44645495,0.57863934,0.46210398,0.44530743,7.55603727,7.58574818,1,1,517.14758279,1
330,0.53891342,0.45994345,0.57610329,0.42289687,0.42653913,7.80919925,7.84559978,1,1,127.98534854,1
331,0.53735789,0.46721722,0.55909382,0.46420679,0.44242439,7.94649053,7.97886149,1,1,100.00677543,1
332,0.54906229,0.48140052,0.57772751,0.43183135,0.42420117,7.78659236,7.81308971,1,1,100.00000531,1
333,0.54917126,0.48148484,0.57759078,0.46388862,0.44568028,7.75900882,7.80652704,1,1,100.18871023,1
334,0.5678743,0.44931775,0.57547339,0.44383557,0.45830678,7.60489052,7.66997095,1,1,100.00009868,1
335,0.54591066,0.45324261,0.58512557,0.48490565,0.47640639,7.35770477,7.35779408,1,1,118.80980915,1
336,0.55659197,0.46200862,0.57572751,0.52241512,0.45700666,7.72859415,7.76867687,1,1,1130.97336771,1
337,0.53364789,0.47950344,0.5867312,0.55851868,0.47431296,7.71005227,7.71875291,1,1,100.00724432,1
338,0.52775941,0.49034137,0.57417691,0.59734498,0.46792382,7.69379299,7.76539293,1,1,101.34576824,1
339,0.52772749,0.49056725,0.57407901,0.55732611,0.44938562,7.82364315,7.8953869,1,1,1584.89319152,1
340,0.55150949,0.46313598,0.58128923,0.59530924,0.46618276,7.7084139,7.781513,1,1,1575.82427002,1
341,0.52951223,0.46706244,0.56641983,0.57273604,0.4750839,7.70989973,7.72928135,1,1,156.22994297,1
342,0.52248397,0.48024143,0.5744993,0.5313653,0.45572961,7.77113396,7.77256029,1,1,1373.93670312,1
343,0.50541017,0.48008826,0.56710221,0.49083557,0.47508739,7.8437011,7.90758636,1,1,100.01639858,1
344,0.4975312,0.49204632,0.57808902,0.53096645,0.47356936,7.74279515,7.76097444,1,1,100.81744472,1
345,0.49761247,0.49168267,0.57802134,0.5349015,0.4937852,7.53140903,7.58285489,1,1,1584.44208963,1
346,0.56268704,0.53218397,0.57658751,0.4942616,0.47454401,7.56758587,7.56971849,1,1,100.00612907,1
347,0.56694893,0.53014133,0.52642388,0.53413734,0.4611176,7.72344294,7.75533957,1,1,1577.31272423,1
348,0.54319653,0.55367614,0.49255946,0.53087811,0.47103998,7.82396958,7.90078868,1,1,329.91470399,1
349,0.53601515,0.55859945,0.48275436,0.57025763,0.45466255,7.72044874,7.78081067,1,1,1384.55932168,1
350,0.53606643,0.55938142,0.48283229,0.52914547,0.47513256,7.65201282,7.66423676,1,1,111.4479414,1
351,0.48856428,0.52908259,0.48507654,0.49252054,0.45566061,7.69603413,7.70822138,1,1,106.80080333,1
352,0.51100617,0.51073404,0.50790526,0.52897819,0.44038969,7.74511057,7.76146484,1,1,100.00000356,1
353,0.50660728,0.52017285,0.50229053,0.5479795,0.43160204,7.73387644,7.79740463,1,1,100.25229395,1
354,0.49263364,0.51603284,0.51251813,0.58624837,0.43416949,7.82955591,7.8698545,1,1,1557.89000504,1
355,0.47680121,0.52601314,0.48924784,0.55607202,0.45514686,7.99236813,8.05619397,1,1,100.00002241,1
356,0.47688893,0.52190432,0.51570564,0.59411545,0.46230015,7.83901582,7.89762413,1,1,1535.54938883,1
357,0.47692211,0.52168864,0.51567818,0.63060591,0.44382553,7.796287,7.86198468,1,1,100.61522726,1
358,0.50170998,0.60739873,0.51530731,0.58800994,0.46466741,7.8043752,7.86760173,1,1,1212.09678105,1
359,0.51849394,0.58573808,0.52069595,0.59198995,0.48406562,7.69908269,7.73648448,1,1,100.00117133,1
360,0.50965988,0.5918045,0.52293258,0.62819888,0.50371004,7.5016648,7.55010162,1,1,114.12956457,1
361,0.53998179,0.58742211,0.5272007,0.62260382,0.4852749,7.7305381,7.7635346,1,1,972.62525815,1
362,0.52425813,0.58508041,0.5139499,0.65960592,0.48314357,7.68679031,7.71908553,1,1,100.00070362,1
363,0.52426223,0.58572777,0.51391969,0.61642679,0.4634808,7.38264245,7.44909687,1,1,100.00076404,1
364,0.50625742,0.56967686,0.52395696,0.57468888,0.44433014,7.48217341,7.48772342,1,1,1584.85244085,1
365,0.50124366,0.57415381,0.53083626,0.61313537,0.42551465,7.69459143,7.72115948,1,1,104.2010957,1
366,0.50333835,0.57854372,0.53268031,0.64996459,0.43874199,7.74022391,7.77232224,1,1,1584.89318644,1
367,0.49577563,0.55245377,0.53638407,0.67902103,0.42070395,7.75901887,7.81119179,1,1,1573.9463913,1
368,0.49176135,0.54829796,0.52166485,0.71478906,0.4344416,7.79132545,7.80175466,1,1,1583.50384725,1
369,0.49184863,0.54895314,0.52160322,0.75017702,0.45573908,7.55694744,7.6192855,1,1,1581.82138223,1
370,0.47788031,0.56455989,0.53707587,0.73116169,0.46337916,7.7283344,7.80027121,1,1,625.15117992,1
371,0.48104227,0.55196284,0.53534392,0.71174946,0.45827443,7.84346807,7.86952192,1,1,156.99154808,1
372,0.47561131,0.55903027,0.5213097,0.68203395,0.43987734,7.62523622,7.63359167,1,1,100.38042114,1
373,0.48468236,0.54306124,0.52954508,0.63999562,0.42549391,7.82976377,7.85314526,1,1,1264.22223038,1
374,0.47448272,0.53277144,0.52258728,0.62501339,0.40825377,7.62617505,7.67173599,1,1,127.58217369,1
375,0.4923446,0.51606347,0.52946233,0.66183671,0.39418189,7.69933735,7.72005033,1,1,104.07109582,1
376,0.49231867,0.5154234,0.52969673,0.64329886,0.38128603,7.62971549,7.64555222,1,1,100.00014219,1
377,0.48435621,0.57812927,0.52757331,0.60043587,0.37929978,7.65261372,7.70441823,1,1,100.26472535,1
378,0.48311583,0.56628361,0.52214329,0.63756857,0.39890316,7.70244547,7.72856664,1,1,127.52401391,1
379,0.49317986,0.54654973,0.52040159,0.62018037,0.41103367,7.63635769,7.65643405,1,1,1553.29891361,1
380,0.49271431,0.54336071,0.53427701,0.58852825,0.39377724,7.72705855,7.75857608,1,1,100.00002901,1
381,0.51424805,0.54099112,0.52089508,0.61034512,0.40470256,7.8211645,7.84645122,1,1,100.03113117,1
382,0.51445838,0.54054301,0.52089507,0.6477781,0.40929955,7.71240753,7.73083509,1,1,100.00957069,1
383,0.46879704,0.53512855,0.53925861,0.66514392,0.42964421,7.91031116,7.9464625,1,1,1576.71622561,1
384,0.47147448,0.51923404,0.53887641,0.63773915,0.44975744,7.72100246,7.75350957,1,1,1584.88989665,1
385,0.47770307,0.50860686,0.53426332,0.5991884,0.43109332,7.70197631,7.77524668,1,1,100.00288445,1
386,0.46926869,0.51923648,0.53367381,0.55811664,0.43257867,7.65076268,7.70269244,1,1,1309.45936437,1
387,0.49357663,0.51203482,0.52854099,0.5179529,0.41564768,7.76498887,7.81611474,1,1,1551.01529125,1
388,0.49354102,0.51192687,0.52851881,0.5574464,0.43719755,7.8408362,7.85619772,1,1,1581.5896771,1
389,0.55092591,0.59737871,0.53403499,0.52469666,0.41853443,7.67020054,7.67480695,1,1,100.7288014,1
390,0.55317622,0.56786632,0.52613529,0.51730142,0.4394429,7.78073481,7.84798503,1,1,1584.8931674,1
391,0.56653424,0.58040396,0.51205837,0.55384331,0.42126941,7.60171508,7.66142803,1,1,183.60323823,1
392,0.55906763,0.57320379,0.53314253,0.51423666,0.44049491,7.53828778,7.57478337,1,1,138.36752875,1
393,0.55903809,0.573488,0.53315721,0.49422855,0.42847043,7.68885516,7.72130146,1,1,100.00556141,1
394,0.53368175,0.54275278,0.54048197,0.50944144,0.44968491,7.41224315,7.44058043,1,1,100.00000027,1
395,0.54043988,0.55142839,0.55191783,0.50448657,0.45399864,7.33759624,7.3443139,1,1,158.63678099,1
396,0.52921683,0.55795235,0.5307995,0.46583051,0.46335564,7.82347844,7.88051843,1,1,1584.89313743,1
397,0.53362591,0.53593757,0.55485995,0.42754742,0.44415102,7.7402631,7.76630706,1,1,102.99087769,1
398,0.53037543,0.55493313,0.54545247,0.38900591,0.46500981,8.04057363,8.07855713,1,1,100.0919887,1
399,0.52095685,0.53621439,0.54590846,0.35577521,0.4856521,7.82093203,7.89395349,1,1,1584.39529314,1
400,0.52090277,0.53629101,0.54584434,0.39404257,0.46794988,7.80878115,7.86680944,1,1,197.46231543,1
401,0.48268671,0.50434697,0.55315037,0.41470336,0.4622638,7.76188498,7.81829878,1,1,100.02897282,1
402,0.47281531,0.50296216,0.56699156,0.37700319,0.48225918,7.64269671,7.66743957,1,1,355.43667481,1
403,0.4909563,0.48741288,0.56604848,0.38280065,0.47728817,7.64179573,7.65955684,1,1,100.19861047,1
404,0.48955146,0.49322273,0.55275025,0.34529228,0.46157202,7.73894022,7.76845237,1,1,1584.8928586,1
405,0.4910838,0.49204237,0.55779539,0.34469879,0.48004219,7.78070718,7.82817653,1,1,1584.81375044,1
406,0.49105113,0.49278277,0.55793571,0.32520285,0.49857562,7.65689983,7.72782743,1,1,113.17269746,1
407,0.530063,0.55017855,0.56922267,0.32079421,0.48789064,7.76076316,7.82576711,1,1,1578.61199954,1
408,0.54708756,0.5465769,0.54283018,0.35334776,0.50811363,7.62017301,7.64865468,1,1,1120.88977269,1
409,0.56046382,0.55982125,0.53895303,0.32037367,0.48810561,7.86248884,7.88600646,1,1,100.0,1
410,0.53773541,0.5534489,0.53287991,0.36285445,0.50739703,7.6747569,7.71265894,1,1,104.96714636,1
411,0.54992463,0.5589173,0.53500371,0.341539,0.52663571,7.39000946,7.4401878,1,1,1493.02882153,1
412,0.54993279,0.55869357,0.53495276,0.3242974,0.50924092,7.50871727,7.56476063,1,1,102.75955284,1
413,0.52637836,0.52332923,0.55347898,0.36771405,0.52079209,7.86876018,7.93362465,1,1,426.34699144,1
414,0.52581875,0.52018727,0.55804204,0.35679802,0.50113616,7.63466176,7.68983992,1,1,445.65760685,1
415,0.50388281,0.50573707,0.54699541,0.39962884,0.48123693,7.79118377,7.81052645,1,1,472.50600289,1
416,0.50585146,0.51346601,0.55038864,0.36342132,0.50050624,7.47643509,7.54022972,1,1,100.00000765,1
417,0.49757466,0.51433524,0.53417927,0.38823346,0.48086536,7.68146684,7.73793249,1,1,1552.47790865,1
418,0.50543051,0.51304208,0.54560349,0.37665111,0.50123892,7.54336191,7.57467341,1,1,101.89224631,1
419,0.50549951,0.51268465,0.5454294,0.40651856,0.50304457,7.78963103,7.81169527,1,1,100.0002,1
420,0.45492931,0.50090078,0.55603546,0.38768731,0.4831391,7.66744059,7.67911362,1,1,114.15038405,1
421,0.46420578,0.4906837,0.56039421,0.46161543,0.43061806,7.71591536,7.75985702,1,1,101.32751148,0
422,0.46659549,0.47455301,0.53184411,0.57407214,0.37309718,7.9132427,7.97866189,1,1,1365.92767184,0
423,0.47144451,0.48342134,0.5361011,0.63648578,0.31593286,7.8929645,7.96466326,1,1,135.74342141,0
424,0.47341404,0.49199611,0.51790588,0.75024502,0.36694888,7.64543485,7.71486741,1,1,388.33237717,0
425,0.47334836,0.49172852,0.51781933,0.62624187,0.30207763,7.69732606,7.75390933,1,1,1584.75694537,0
426,0.58550929,0.58627938,0.4461195,0.50462157,0.24384751,7.98193981,8.04072943,1,1,1584.88835929,0
427,0.66217236,0.60314515,0.36711918,0.46815143,0.18466828,7.6461134,7.70724253,1,1,100.00000008,0
428,0.73897093,0.6506732,0.27137934,0.41783381,0.1285709,7.73850508,7.80206049,1,1,1577.97310924,0
429,0.77575333,0.67765023,0.21344501,0.39533999,0.11243399,7.72093004,7.77913477,1,1,100.00138592,0
430,0.77575081,0.67751173,0.21352535,0.49381345,0.09792255,7.70178841,7.77644886,1,1,100.00661434,0
431,0.7109262,0.59722455,0.28749215,0.61152532,0.12553168,7.74849131,7.75646027,1,1,1524.09699004,0
432,0.64466838,0.54965061,0.37269535,0.72867574,0.12965166,7.54250221,7.56345382,1,1,100.97709792,0
433,0.54594246,0.50280984,0.45751534,0.67136924,0.06836172,7.77163794,7.83135422,1,1,779.20452721,0
434,0.44560982,0.43775324,0.59188464,0.78582291,0.11971456,7.72490552,7.74925709,1,1,100.01352866,0
435,0.34347663,0.40054506,0.68544947,0.89934099,0.16464931,7.58278408,7.62316055,1,1,1499.94080734,0
436,0.28633044,0.3535125,0.75019088,1,0.13435984,7.80994853,7.83806696,1,1,100.00067026,0
437,0.23670628,0.32315581,0.80462154,1,0.16167168,8.01801855,8.07115169,1,1,1583.71011815,1
438,0.23662965,0.32294726,0.80462453,0.95041453,0.15486549,7.67967193,7.67985997,1,1,101.01313913,1
439,0.26383626,0.38986386,0.81772281,0.93764361,0.17238051,7.62915038,7.64812192,1,1,100.00014519,1
440,0.27236361,0.37872395,0.80112969,0.96702515,0.19558329,7.71878081,7.74986308,1,1,119.46893771,1
441,0.27928814,0.38832946,0.83602665,0.93642466,0.20107281,7.72366612,7.72518255,1,1,100.04423628,1
442,0.3025396,0.39973285,0.82265059,0.88775591,0.19453516,7.52798462,7.59833396,1,1,1584.36092246,1
443,0.30747416,0.38453479,0.83303449,0.91983341,0.21333032,7.92567057,8.00351452,1,1,100.00369022,1
444,0.33703277,0.40062552,0.81545168,0.89292223,0.20034814,7.41314806,7.47101639,1,1,100.00818655,1
445,0.34452481,0.39578068,0.79842988,0.92260376,0.22378117,7.63686496,7.68720569,1,1,1567.24670706,1
446,0.36106217,0.39670022,0.78629968,0.9439292,0.20955865,7.59026496,7.6359419,1,1,1520.4749678,1
447,0.37569408,0.39131142,0.78750087,0.89518889,0.22829642,7.55436646,7.58825667,1,1,1492.97425406,1
448,0.38434795,0.39265897,0.78860504,0.90573656,0.25363945,7.46556227,7.5362776,1,1,100.00221959,1
449,0.38613652,0.40931407,0.78123343,0.92925849,0.24224258,7.7810967,7.79803456,1,1,1584.8931683,1
450,0.38605118,0.40880974,0.78123072,0.88172363,0.2273981,7.73852508,7.77351471,1,1,1552.17553983,1
451,0.43764223,0.48796244,0.81218347,0.90447335,0.21296838,7.74646908,7.76153663,1,1,100.08173904,1
452,0.43732912,0.47963725,0.77765751,0.85641625,0.20189922,7.7496044,7.7813314,1,1,100.00003616,1
453,0.45397679,0.5027163,0.78852964,0.81109648,0.22062209,7.58701332,7.63819132,1,1,104.16006184,1
454,0.47273098,0.50168141,0.79378371,0.76961343,0.23080901,7.61865018,7.67023092,1,1,104.49630494,1
455,0.4657572,0.48188742,0.78684846,0.73376304,0.25527792,7.58856764,7.62330821,1,1,101.19416543,1
456,0.48546867,0.47891969,0.78727775,0.74829014,0.25020825,7.58009762,7.6385857,1,1,100.91428084,1
457,0.48523415,0.47335215,0.76332541,0.7070292,0.27003468,7.43198765,7.49793887,1,1,1454.5038914,1
458,0.48519679,0.47345529,0.76324885,0.70010307,0.28742994,7.84915216,7.87882188,1,1,409.41996692,1
459,0.5501698,0.53521507,0.75839725,0.72972958,0.27249822,7.89385272,7.95216825,1,1,1548.03883935,1
460,0.55517525,0.52527583,0.73158187,0.68516685,0.25755758,7.66377611,7.70253181,1,1,792.85355568,1
461,0.56164745,0.51888555,0.7133015,0.67153195,0.2791622,7.72161239,7.72521072,1,1,1127.02270519,1
462,0.56003352,0.53674879,0.69052013,0.64509634,0.29005187,7.61888817,7.65287195,1,1,100.02193395,1
463,0.54088354,0.54533646,0.66498214,0.68187907,0.27812846,7.77697198,7.80155731,1,1,625.78372234,1
464,0.54092934,0.54540196,0.66499761,0.71446094,0.28997137,7.71454547,7.76366496,1,1,110.87293125,1
465,0.53634681,0.52844906,0.68688544,0.74259941,0.2963418,7.5102893,7.55263898,1,1,1305.75219658,1
466,0.53467726,0.5239812,0.66633109,0.72914776,0.28321221,7.80243656,7.82888059,1,1,127.20594697,1
467,0.52811775,0.51263155,0.64627606,0.76320361,0.2867207,7.45672744,7.52296917,1,1,100.5710252,1
468,0.50055288,0.50943049,0.65368588,0.7185971,0.3109652,7.59419718,7.62629027,1,1,1584.89288068,1
469,0.49178567,0.50078121,0.65127459,0.67430082,0.29474755,7.63824569,7.69865521,1,1,905.11489628,1
470,0.48850623,0.50360766,0.63726709,0.71056022,0.31883852,7.72803395,7.78352528,1,1,254.61412724,1
471,0.48838729,0.50418645,0.63733259,0.67074652,0.32674566,7.60895745,7.68405546,1,1,1584.89195663,1
472,0.47286417,0.51365048,0.64625839,0.62978229,0.31130442,7.70756316,7.71901457,1,1,146.43429569,1
473,0.47663466,0.52022839,0.62629798,0.65804769,0.33375465,7.86963491,7.91048155,1,1,1272.00014898,1
474,0.48269322,0.5215607,0.61407472,0.61740622,0.33911762,7.69237859,7.69317641,1,1,109.06841997,1
475,0.49805113,0.50064698,0.62998205,0.57506353,0.36041832,7.82843113,7.85683638,1,1,773.81722008,1
476,0.51135605,0.49708994,0.61527774,0.53500327,0.34638968,7.58373531,7.59955478,1,1,100.00297047,1
477,0.51130657,0.49703218,0.61517132,0.49531329,0.36946181,7.72721182,7.74689466,1,1,181.19469423,1
478,0.51489106,0.45654823,0.62072831,0.50495263,0.38390337,7.78488944,7.79488633,1,1,1556.72987175,1
479,0.50315913,0.4587556,0.58097297,0.48185219,0.36719631,7.49260064,7.52480511,1,1,1576.23191185,1
480,0.4884947,0.45624266,0.57380586,0.48910891,0.37435779,7.62569741,7.68505078,1,1,100.01583393,1
481,0.49740579,0.48150809,0.57063652,0.45942832,0.35714898,7.84585288,7.85157824,1,1,178.21519084,1
482,0.49734989,0.48148228,0.57081225,0.43160899,0.34057514,7.77060075,7.83518831,1,1,1369.65694984,1
483,0.4852611,0.48545621,0.57252164,0.47025496,0.3240538,7.68989287,7.6913495,1,1,1580.52287987,1
484,0.49452464,0.47660201,0.57052371,0.43497636,0.33042501,7.5762649,7.61867552,1,1,1451.51348707,1
485,0.48222188,0.48873746,0.55179529,0.40106792,0.35049472,7.55471243,7.58425972,1,1,1546.51413711,1
486,0.50245335,0.48258242,0.52517296,0.37010562,0.37265109,7.57953693,7.60739943,1,1,166.94377827,1
487,0.50254902,0.48254447,0.52523114,0.33395652,0.35522912,7.7713885,7.77833374,1,1,1584.78522002,1
488,0.57110232,0.47175364,0.52444776,0.31134168,0.36473885,7.61114801,7.65517858,1,1,100.00009235,1
489,0.56796439,0.46900975,0.5324648,0.27587644,0.37947353,7.83162181,7.87658242,1,1,100.000002,1
490,0.55345455,0.49226879,0.53410478,0.32035154,0.37139307,7.46137438,7.51117182,1,1,155.71365512,1
491,0.53458895,0.4885325,0.51963543,0.36274945,0.3579405,7.76281722,7.82165616,1,1,1584.89101523,1
492,0.53479861,0.48870861,0.5195689,0.33321514,0.35680222,7.93010975,7.93627395,1,1,100.79452296,1
493,0.55683899,0.45771716,0.54733182,0.35803853,0.34080213,7.960806,8.02317518,1,1,1499.8649839,1
494,0.52374416,0.45935427,0.52373518,0.33820474,0.36396387,7.5536242,7.61886011,1,1,1125.21340796,1
495,0.50731433,0.46416514,0.53320123,0.31299397,0.38235493,7.7144954,7.73953826,1,1,134.6695452,1
496,0.52487294,0.46833279,0.51416602,0.34989874,0.36680388,7.58471626,7.63724765,1,1,763.22744396,1
497,0.50528461,0.48361223,0.52810877,0.35425999,0.37816251,7.50038817,7.51804729,1,1,100.00007608,1
498,0.50507097,0.48433543,0.52825289,0.32229553,0.3687381,8.04422175,8.10728293,1,1,932.30985535,1
499,0.58411829,0.47089793,0.55252081,0.28629161,0.39074317,7.68206659,7.68938454,1,1,195.72588067,1
500,0.57783112,0.49340804,0.54104655,0.2771745,0.41157206,7.6617588,7.69557498,1,1,100.00100839,1
501,0.56852634,0.49512024,0.52035916,0.32030966,0.43009335,7.97799836,7.98681422,1,1,642.24821797,1
502,0.53713777,0.51915079,0.52752878,0.28559605,0.45070108,7.41747456,7.48328692,1,1,1580.10212435,1
503,0.54392341,0.53061654,0.53483606,0.29509008,0.46735257,7.89698222,7.94074921,1,1,1561.7311147,1
504,0.54381666,0.53076322,0.53484023,0.27886471,0.48653637,7.5725738,7.61426275,1,1,1584.46268691,1
505,0.51542895,0.49490596,0.55628091,0.26846598,0.50666405,7.59895673,7.62471136,1,1,842.50926754,1
506,0.52999539,0.49896587,0.53857554,0.29705126,0.52532404,7.79286561,7.83436888,1,1,370.47531618,1
507,0.52522316,0.48143487,0.53057096,0.34073266,0.54190093,7.64827625,7.71816293,1,1,114.59232252,1
508,0.52156744,0.48955817,0.54434153,0.30449026,0.53621419,7.65103122,7.65739482,1,1,100.00031363,1
509,0.49246072,0.5037097,0.54262796,0.3011304,0.53877719,7.70447406,7.77001747,1,1,262.80016721,1
510,0.49255433,0.50356804,0.54260792,0.26555655,0.55765632,7.58144662,7.58297774,1,1,1427.42034453,1
511,0.56515003,0.54202152,0.54988661,0.30579687,0.53705838,7.54110721,7.56857917,1,1,1584.79639715,1
512,0.56157742,0.55201515,0.55316771,0.29084088,0.54182648,7.57115463,7.64385454,1,1,100.00017926,1
513,0.56609868,0.55166479,0.54156084,0.33492044,0.52402545,7.77910829,7.82370604,1,1,119.23074417,1
514,0.5511561,0.56838878,0.53058884,0.30250667,0.5154232,8.03414814,8.08554791,1,1,1034.12142321,1
515,0.56222209,0.55122698,0.51841414,0.27007608,0.53355924,7.79420955,7.83337174,1,1,1582.95556146,1
516,0.56226506,0.55147029,0.51834626,0.23484869,0.51433498,7.89973067,7.89975324,1,1,203.60338562,1
517,0.56978442,0.50960525,0.54853643,0.25008446,0.53187918,7.79894506,7.87270633,1,1,101.13499423,1
518,0.55970369,0.5036608,0.53537767,0.21519606,0.51183849,7.79945288,7.81316132,1,1,1584.73234903,1
519,0.54752952,0.50176575,0.54215211,0.18120769,0.49929901,7.64302478,7.66348768,1,1,198.56802478,1
520,0.54090318,0.52596444,0.52903446,0.22060047,0.49868977,7.6365887,7.67184133,1,1,1576.5933135,1
521,0.51305136,0.52015201,0.53874397,0.26616249,0.50574418,7.87886003,7.94938383,1,1,1066.26821387,1
522,0.52114187,0.52049056,0.51602578,0.30150586,0.48562965,7.61056569,7.66422272,1,1,1555.84094579,1
523,0.5211513,0.52002822,0.5159933,0.34547442,0.50590936,7.7248004,7.79469558,1,1,103.25740406,1
524,0.50727661,0.48876479,0.5371078,0.38512037,0.4893145,7.71272387,7.72201701,1,1,1580.05192162,1
525,0.49513284,0.49164084,0.54336224,0.34983996,0.47568786,7.76392551,7.80240443,1,1,100.04240153,1
526,0.49246325,0.48442675,0.53473587,0.37593768,0.49593278,7.58984809,7.66000473,1,1,1583.59041563,1
527,0.48178313,0.47972612,0.52945339,0.40463831,0.4934674,7.69973371,7.74272026,1,1,1584.89316669,1
528,0.47512262,0.48972566,0.51825922,0.39362927,0.4738344,7.53426033,7.55885075,1,1,111.15613028,1
529,0.4752699,0.48925526,0.51832854,0.36089729,0.45437872,7.74003369,7.74473646,1,1,100.00519176,1
530,0.523768,0.56654842,0.54040284,0.32368045,0.43529468,7.89088202,7.95792962,1,1,1197.9886714,1
531,0.52959807,0.55914601,0.52153049,0.36399507,0.42352363,7.46017178,7.49752947,1,1,1523.75611979,1
532,0.5418731,0.5808494,0.53392691,0.39331124,0.40508527,7.7132487,7.77443252,1,1,1150.66464035,1
533,0.54597636,0.5514478,0.51186241,0.4301943,0.42660582,7.70103113,7.72095177,1,1,1460.62093704,1
534,0.53843301,0.55097918,0.52672805,0.47126066,0.41302418,7.514033,7.53177461,1,1,759.33932407,1
535,0.53855439,0.55043337,0.52679992,0.46990467,0.40189632,7.75935241,7.79683574,1,1,100.00237478,1
536,0.50727621,0.47634846,0.53254356,0.5100299,0.41898209,7.70191292,7.71077065,1,1,630.81101463,1
537,0.52625526,0.48125124,0.54121956,0.54972791,0.40060556,7.52107737,7.54517963,1,1,1527.47855965,1
538,0.50250947,0.50914334,0.52284835,0.56637172,0.3962105,7.68223402,7.68423434,1,1,105.01829954,1
539,0.50076034,0.50822507,0.53314341,0.59804821,0.41817123,7.77403306,7.79087072,1,1,106.40854758,1
540,0.5004644,0.51286716,0.52658931,0.55826292,0.39983909,7.82218673,7.85290708,1,1,101.75290734,1
541,0.50041351,0.51238782,0.52659401,0.54189526,0.42184169,7.53712942,7.57906135,1,1,100.00000137,1
542,0.48874751,0.53146167,0.53736368,0.53435465,0.41126188,7.70233194,7.77383503,1,1,1555.21778623,1
543,0.4835611,0.50863085,0.54646348,0.50186232,0.4280454,7.88126119,7.92021647,1,1,101.63146466,1
544,0.49685827,0.50241012,0.53367537,0.46352828,0.44225204,7.5312119,7.55253165,1,1,1583.93401242,1
545,0.48597802,0.50861371,0.52823556,0.43650263,0.42401756,7.66279972,7.67099346,1,1,100.00002467,1
546,0.49166623,0.49371489,0.54000618,0.47433798,0.4437226,7.61594842,7.65122293,1,1,102.24859572,1
547,0.49177258,0.49395747,0.53992952,0.44250649,0.46433892,7.67697168,7.69494718,1,1,1339.65239771,1
548,0.5455369,0.57461711,0.54428429,0.47876387,0.44709555,7.81337059,7.87951103,1,1,101.24370265,1
549,0.54392771,0.57222846,0.53295396,0.44653718,0.46809449,7.58963355,7.61410138,1,1,101.89672028,1
550,0.57370651,0.57988107,0.52465315,0.48681969,0.48836991,7.77046291,7.78886029,1,1,174.15431481,1
551,0.57381992,0.57154887,0.5351211,0.51691435,0.50611589,7.94893338,7.97231503,1,1,1570.78523931,1
552,0.57292674,0.56899088,0.50515483,0.53527859,0.49604536,7.65910599,7.72908742,1,1,100.00679567,1
553,0.57291238,0.56873273,0.50508267,0.51191583,0.51253388,7.76697715,7.81764137,1,1,1539.38669254,1
554,0.55222532,0.51127256,0.51274185,0.55142719,0.5274018,7.59648945,7.65287889,1,1,1566.47245077,1
555,0.54676282,0.50539255,0.53098162,0.55180082,0.54678725,7.66504651,7.70436057,1,1,115.1532556,1
556,0.54287215,0.51745227,0.53477278,0.52922306,0.52869541,7.71681511,7.79051738,1,1,105.4062959,1
557,0.52146991,0.52045686,0.50860714,0.48967702,0.54256012,7.59508098,7.65120819,1,1,662.77294351,1
558,0.5261312,0.5220022,0.52312894,0.45077122,0.54192073,7.69225441,7.74792601,1,1,186.09350733,1
559,0.52470272,0.53871022,0.51168191,0.43734084,0.56101722,7.82557563,7.87409821,1,1,100.00000083,1
560,0.52489166,0.53899361,0.51167532,0.46803175,0.57792816,7.74298505,7.78957661,1,1,100.00161454,1
561,0.48787187,0.52770736,0.51360772,0.50781773,0.57003343,7.60201031,7.65230886,1,1,100.09905381,1
562,0.49440281,0.52707367,0.51797496,0.46783867,0.5643033,7.69917037,7.71199184,1,1,103.012839,1
563,0.49071491,0.50073434,0.53847907,0.50829552,0.57991056,7.76702408,7.83641169,1,1,100.00882369,1
564,0.47725349,0.50684508,0.5164523,0.47093646,0.572771,7.52235354,7.55741689,1,1,607.89377775,1
565,0.47436803,0.51600991,0.53347358,0.43183455,0.55138023,7.58124664,7.61019925,1,1,100.00074968,1
566,0.4948369,0.5020385,0.51547741,0.46447364,0.57017855,7.85812415,7.92855089,1,1,100.371967,1
567,0.4945554,0.50234374,0.51558677,0.45331603,0.54994081,7.48277725,7.52913248,1,1,101.57409903,1
568,0.48559582,0.56185556,0.53831629,0.44595593,0.52901527,7.7163086,7.75964612,1,1,106.6743911,1
569,0.48179338,0.55317405,0.51193928,0.48539965,0.5411986,7.54746608,7.61878159,1,1,188.82841884,1
570,0.50847599,0.55285798,0.51805625,0.47286788,0.5214627,7.98870583,8.00024608,1,1,1582.233443,1
571,0.51432051,0.551857,0.53360161,0.45525518,0.51428857,7.75413369,7.79783562,1,1,1577.36955527,1
572,0.52502251,0.54128496,0.50813066,0.4824415,0.51127484,7.61858255,7.67967411,1,1,315.90208316,1
573,0.52505153,0.54109946,0.50813331,0.51335899,0.50775537,7.54128264,7.57329983,1,1,1506.5566941,1
574,0.52273361,0.49483568,0.51713755,0.48191777,0.52754832,7.54457268,7.58720823,1,1,185.02458374,1
575,0.49286123,0.49099449,0.51268909,0.51683497,0.53228662,7.76040585,7.81776758,1,1,1371.75954824,1
576,0.50923571,0.49325663,0.52048851,0.47651631,0.51191901,7.70180482,7.75223682,1,1,100.66169132,1
577,0.48388597,0.49730187,0.52110171,0.43894619,0.51263721,7.52365861,7.55189798,1,1,1584.8906803,1
578,0.47841737,0.50835673,0.53374653,0.45167119,0.53216602,7.67232104,7.67762371,1,1,167.29752516,1
579,0.47860218,0.50865018,0.53356286,0.47983591,0.52655882,7.7643846,7.77884396,1,1,1565.27076203,1
580,0.49319167,0.58196984,0.53761321,0.46174566,0.52938544,8.02853504,8.08113065,1,1,122.46919435,1
581,0.5161664,0.57770528,0.53627019,0.49988684,0.50909882,7.74820343,7.82288176,1,1,102.88269982,1
582,0.52971831,0.58060883,0.55084306,0.49830567,0.52191575,7.45619356,7.51705423,1,1,1583.89211063,1
583,0.53180562,0.57166087,0.51908784,0.53082937,0.53530829,7.55041114,7.59152072,1,1,1565.62876932,1
584,0.52823681,0.57204855,0.54421305,0.56369559,0.54661406,7.84578032,7.9120536,1,1,562.59394747,1
585,0.52845146,0.57147455,0.54437335,0.55042205,0.56560301,7.67224869,7.69576113,1,1,101.21154727,1
586,0.51686628,0.55209363,0.55980541,0.51078809,0.57708783,7.75480916,7.81397532,1,1,1531.96255274,1
587,0.51906456,0.55102619,0.56980955,0.47072254,0.57698121,7.63601855,7.6981712,1,1,1584.10300234,1
588,0.51958446,0.54016585,0.55338517,0.48210396,0.56897057,7.97517509,7.99263159,1,1,1574.49213282,1
589,0.49344992,0.53644467,0.54953133,0.51034265,0.58200274,7.71115392,7.7774824,1,1,281.84551932,1
590,0.51453057,0.55079569,0.54565644,0.47288945,0.5964859,7.49539224,7.54389155,1,1,113.01196544,1
591,0.51453525,0.55089578,0.54577452,0.4523962,0.61257632,7.87685267,7.88741982,1,1,100.01433131,1
592,0.51121029,0.53968446,0.55794307,0.41873966,0.62687853,7.53273633,7.58023468,1,1,101.37332028,1
593,0.50108094,0.54201948,0.54448292,0.380509,0.60481161,7.48611913,7.54826064,1,1,101.50324116,1
594,0.48969758,0.51954204,0.55912084,0.37534421,0.60809121,7.49595644,7.51282806,1,1,1574.56773698,1
595,0.47856748,0.52770205,0.53731658,0.33789017,0.5859341,7.67348636,7.72623023,1,1,100.01690653,1
596,0.49925512,0.51243414,0.53263709,0.30163478,0.56731209,7.75318429,7.80005425,1,1,101.70597737,1
597,0.49915501,0.5123922,0.53265696,0.33766656,0.56861789,7.81917255,7.88095252,1,1,100.19907616,1
598,0.54747817,0.5960778,0.54577426,0.31009899,0.56995967,7.83629129,7.87149096,1,1,100.19346711,1
599,0.5616116,0.56670176,0.52807799,0.28937534,0.58793672,7.7335027,7.74062072,1,1,1584.68755772,1
600,0.57157146,0.58851278,0.52530104,0.32450845,0.56871043,7.86429341,7.8705568,1,1,1563.89610694,1
601,0.57180456,0.59375478,0.50945591,0.29190443,0.55438582,7.62964328,7.67754488,1,1,682.2041076,1
602,0.57194692,0.59325752,0.50943694,0.25682055,0.57326907,7.62607023,7.64496266,1,1,1565.74675543,1
603,0.54836939,0.55273285,0.5166951,0.30062675,0.57111284,7.46319992,7.49499388,1,1,108.26065809,1
604,0.54271507,0.5649124,0.51983787,0.34393376,0.56122935,7.91144624,7.97069445,1,1,1584.89238212,1
605,0.543625,0.5601364,0.52113545,0.36115323,0.57931194,7.66841226,7.71322272,1,1,100.52208284,1
606,0.54502553,0.56470137,0.5365179,0.32556725,0.56026465,7.37839361,7.38199553,1,1,100.00536604,1
607,0.54170656,0.54770932,0.51319199,0.36905405,0.54023282,7.52081118,7.57932532,1,1,100.00827065,1
608,0.52702677,0.56917077,0.5136916,0.39098039,0.51945722,7.70296337,7.77277811,1,1,106.42979534,1
609,0.52718641,0.56829307,0.51372858,0.4127863,0.50786096,7.81221258,7.86008808,1,1,1160.9314904,1
610,0.51950627,0.54886828,0.51429556,0.41330734,0.52321888,7.56937348,7.58826988,1,1,100.00002487,1
611,0.50811714,0.53610792,0.53685067,0.38011535,0.54255892,7.56147036,7.58224183,1,1,1217.06426252,1
612,0.48829209,0.55799822,0.5218399,0.42082497,0.55979993,7.91672199,7.98363331,1,1,100.00997448,1
613,0.50284732,0.52787112,0.51400605,0.38627669,0.53876544,7.6780749,7.7439814,1,1,101.37643954,1
614,0.49786525,0.54263269,0.53563281,0.34910464,0.52720419,7.72102667,7.74583532,1,1,171.4629465,1
615,0.49782614,0.54256525,0.53569678,0.39176894,0.50968159,7.6535977,7.72912225,1,1,1584.8931604,1
616,0.46238064,0.57067374,0.53618016,0.35755978,0.49461447,7.94591919,8.01173134,1,1,797.16355375,1
617,0.4734335,0.56826846,0.53623919,0.40029806,0.4770562,7.56513334,7.58948454,1,1,100.0048504,1
618,0.46309699,0.54611225,0.55248906,0.36484021,0.46296911,7.79074492,7.83999205,1,1,1575.11844077,1
619,0.47614251,0.52903412,0.53899957,0.32897377,0.44372636,7.58042644,7.58512446,1,1,115.18939058,1
620,0.47703568,0.53816825,0.53668896,0.33336382,0.43728894,7.63388303,7.70450187,1,1,100.41321715,1
621,0.47701594,0.53789751,0.53675624,0.2991581,0.45779209,7.58797433,7.59943042,1,1,290.37391118,1
622,0.49165709,0.61264754,0.54677407,0.2721768,0.44749,7.81920844,7.82700352,1,1,100.00136341,1
623,0.51140749,0.59586372,0.5551939,0.23673561,0.43914881,7.51018674,7.51182136,1,1,820.02706104,1
624,0.529217,0.5980453,0.52647389,0.21345122,0.45682833,7.76353251,7.831795,1,1,906.66087252,1
625,0.53182414,0.57941902,0.53271562,0.17947817,0.47611336,7.76294154,7.76815779,1,1,1567.83023529,1
626,0.53566698,0.55862762,0.54512874,0.21288095,0.4566553,7.69644391,7.72753494,1,1,1573.31434129,1
627,0.53584298,0.55873833,0.54517223,0.24982944,0.44490545,7.56216757,7.63527485,1,1,1467.3472784,1
628,0.52397585,0.51247373,0.56711599,0.21501008,0.44768101,7.64525227,7.70724472,1,1,100.00318838,1
629,0.51388378,0.52988762,0.56139373,0.26035769,0.45139123,7.84280068,7.91035632,1,1,100.26054262,1
630,0.51896413,0.52501283,0.55031526,0.24612341,0.43324019,7.71539541,7.78411171,1,1,1584.28740108,1
631,0.51138046,0.51475046,0.54651887,0.29095418,0.45451608,7.76850741,7.82384982,1,1,1584.88927855,1
632,0.49432007,0.52841812,0.54043976,0.26545539,0.44990613,7.74206518,7.7897771,1,1,105.01216133,1
633,0.49422996,0.52886723,0.54033215,0.25754396,0.43413199,7.62847095,7.66543194,1,1,447.2864887,1
634,0.44541673,0.54122938,0.5584052,0.2227017,0.42052586,7.7385724,7.75587439,1,1,1486.41924563,1
635,0.45780537,0.52428153,0.5480999,0.21361242,0.40211728,7.69024848,7.75021506,1,1,145.43271181,1
636,0.46986006,0.53999971,0.56641047,0.24074351,0.40598354,7.43261242,7.48975886,1,1,1033.92852237,1
637,0.47040847,0.50416651,0.55607845,0.28584762,0.40105015,7.55937906,7.61020367,1,1,1512.33491159,1
638,0.47200387,0.51863448,0.54208175,0.25022904,0.39119769,7.84821865,7.85203465,1,1,100.03087459,1
639,0.48056355,0.49234572,0.55167762,0.29499699,0.41138863,7.61876563,7.62551741,1,1,120.60298618,1
640,0.48078327,0.49236727,0.55163769,0.33797008,0.43045821,7.72751088,7.75490501,1,1,102.24146564,1
641,0.53727847,0.56145366,0.57715348,0.38110768,0.43138254,7.79158965,7.82532854,1,1,100.00185476,1
642,0.52160071,0.54616383,0.547852,0.34712335,0.4168562,7.5881007,7.63891206,1,1,100.13351967,1
643,0.54552978,0.56389499,0.53491621,0.36983276,0.39902,7.56026286,7.58020073,1,1,198.43946668,1
644,0.54796265,0.55075674,0.52890192,0.40901471,0.41658424,7.96708736,7.97438657,1,1,125.69133582,1
645,0.54482978,0.55398788,0.53232284,0.37909902,0.43673336,7.51726571,7.56772166,1,1,100.92690908,1
646,0.54493634,0.5529225,0.53238073,0.42050723,0.42173727,7.46720174,7.53312507,1,1,1498.75437117,1
647,0.54743211,0.51429685,0.55451112,0.45928867,0.44320875,7.64068067,7.67877604,1,1,338.27565982,1
648,0.52546984,0.52043565,0.53774331,0.49689204,0.44185417,7.44216311,7.48737086,1,1,1408.90172036,1
649,0.53861793,0.52867108,0.53531559,0.53139623,0.45355863,7.65213914,7.68881287,1,1,100.19527665,1
650,0.52708744,0.52014866,0.54698816,0.51109258,0.47413425,7.64067763,7.6845051,1,1,106.72176239,1
651,0.50214173,0.5458948,0.52434537,0.47608925,0.45593777,7.61312644,7.63461764,1,1,1584.87648507,1
652,0.50231713,0.54597106,0.52437401,0.43822542,0.43814682,7.84177789,7.90471569,1,1,1581.41108744,1
653,0.45197295,0.5422205,0.5543011,0.43444718,0.42034564,7.59026104,7.66504095,1,1,1388.96647392,1
654,0.46492737,0.56030992,0.54051016,0.4151264,0.43102693,7.67031101,7.69127919,1,1,1287.86149943,1
655,0.46721111,0.54109643,0.5417849,0.38169093,0.41295488,7.81583849,7.82674392,1,1,111.24802523,1
656,0.48764398,0.53071848,0.52456224,0.34613945,0.43460364,7.69823968,7.72986498,1,1,100.16099302,1
657,0.47637276,0.51748899,0.53621631,0.35928131,0.45442283,7.58385256,7.64207497,1,1,1200.99860061,1
658,0.476465,0.51713794,0.53624389,0.3274915,0.45402983,7.67433948,7.71750275,1,1,151.96269004,1
659,0.4842162,0.60940295,0.55152614,0.33081431,0.46418958,7.60705432,7.66821979,1,1,1576.12695771,1
660,0.50297306,0.58526609,0.55944607,0.29429517,0.44494813,7.63833214,7.64307263,1,1,1584.59107139,1
661,0.50774345,0.58499967,0.52481796,0.28650796,0.46598583,7.85037249,7.8976489,1,1,103.27755664,1
662,0.51995276,0.57075597,0.54339476,0.28197126,0.45206297,7.29135833,7.33685593,1,1,818.78909162,1
663,0.51338595,0.56499261,0.52023128,0.31321013,0.43312509,7.47278491,7.53220711,1,1,1407.49795446,1
664,0.5133111,0.56445473,0.52020252,0.35486717,0.41642935,7.96444905,7.97593664,1,1,1148.48312511,1
665,0.49284805,0.56653512,0.54587659,0.39740473,0.43049755,7.60365478,7.66533424,1,1,106.57538885,1
666,0.48593053,0.55000438,0.52494681,0.43853272,0.44495102,7.41319206,7.47357827,1,1,101.22516578,1
667,0.47986005,0.55711277,0.5270168,0.47328737,0.42610942,7.72067316,7.74884317,1,1,157.6611727,1
668,0.50047406,0.5332333,0.51754038,0.43834578,0.40811708,7.7313825,7.78446515,1,1,100.00000008,1
669,0.48697904,0.54713112,0.54664096,0.47843313,0.3903015,7.51751643,7.54692468,1,1,111.91681694,1
670,0.48714534,0.54772745,0.54661524,0.49728362,0.40744966,7.68076596,7.73848939,1,1,132.76034622,1
671,0.47005116,0.56650182,0.56149971,0.50897802,0.42898628,7.73222937,7.77413393,1,1,341.70403786,1
672,0.48035248,0.55732236,0.54789632,0.46893632,0.42991039,7.61317133,7.62976656,1,1,408.45214262,1
673,0.47496872,0.54214113,0.54342503,0.4861214,0.42064476,7.80186366,7.84538994,1,1,1584.26934268,1
674,0.47716967,0.55920201,0.55053547,0.46240698,0.44034437,7.96981987,8.01617944,1,1,111.92262157,1
675,0.4801267,0.54330944,0.54703483,0.49252324,0.43325986,7.85071566,7.86644467,1,1,125.9540795,1
676,0.48004022,0.54362608,0.54709729,0.45300017,0.41750694,7.64331501,7.71974207,1,1,1579.33747516,1
677,0.48546562,0.58377412,0.56577622,0.43770229,0.40483116,7.8274319,7.88498672,1,1,100.06047176,1
678,0.48375835,0.57299537,0.56502297,0.44571549,0.41160799,7.80573789,7.83716307,1,1,1221.482863,1
679,0.49289174,0.5837026,0.54238567,0.40949412,0.39338012,7.5985685,7.61141592,1,1,100.1763988,1
680,0.5140403,0.57095882,0.55564247,0.44840211,0.41519868,7.58210405,7.65609785,1,1,1584.87714625,1
681,0.51719036,0.56284687,0.54671343,0.40945034,0.40294512,7.82713192,7.89683095,1,1,438.46109635,1
682,0.51709356,0.56264374,0.5467746,0.44358206,0.41089823,7.66353003,7.72516923,1,1,108.27601108,1
683,0.48141321,0.53492247,0.57552072,0.4769594,0.42130848,7.60842791,7.65588703,1,1,1584.18659783,1
684,0.47695262,0.55037748,0.56227696,0.45091824,0.44288208,7.54299032,7.59395338,1,1,100.00354667,1
685,0.48146328,0.54470298,0.55046171,0.42875172,0.43509345,7.58018568,7.630923,1,1,1573.62708382,1
686,0.49861016,0.53612599,0.55984758,0.46221887,0.44248344,7.81252547,7.82657763,1,1,156.27970677,1
687,0.50027113,0.54699807,0.54288981,0.5027681,0.45173834,7.48465575,7.48906271,1,1,1583.54780357,1
688,0.50038947,0.54700465,0.54306015,0.46446682,0.43295166,7.64915255,7.72119,1,1,818.33734581,1
689,0.45895674,0.55198799,0.55566515,0.42765138,0.42435722,7.67597161,7.70798864,1,1,109.84545803,1
690,0.48287086,0.55432725,0.53074411,0.39888246,0.44501538,7.5009578,7.55786303,1,1,100.00672793,1
691,0.47290121,0.54491168,0.52389907,0.41158051,0.43010018,7.63351735,7.65606494,1,1,1576.85962832,1
692,0.47830761,0.54274958,0.49512799,0.44393607,0.41149896,7.8181763,7.88651231,1,1,102.30455323,1
693,0.49120383,0.53820515,0.4999702,0.40820908,0.41996854,7.70742617,7.758347,1,1,1287.78597497,1
694,0.49120039,0.53850732,0.49996308,0.44981904,0.40166813,7.79006778,7.83576255,1,1,100.00278525,1
695,0.55698581,0.58492313,0.50784866,0.48922755,0.39475522,7.3510841,7.37871666,1,1,100.12737137,1
696,0.54755235,0.59310536,0.52760057,0.47406997,0.41685047,7.42131613,7.43315293,1,1,100.01831132,1
697,0.54074449,0.59895013,0.51088926,0.50812033,0.43663428,7.65604667,7.71420832,1,1,377.32144031,1
698,0.5517032,0.5969672,0.50961462,0.54035509,0.44847772,7.78400079,7.79181945,1,1,100.00706124,1
699,0.55153883,0.59658766,0.50964976,0.57939563,0.43367428,7.63071557,7.67094527,1,1,101.91736742,1
700,0.49979421,0.54823483,0.53004494,0.546527,0.42008498,7.66289734,7.67389636,1,1,1584.89274834,1
701,0.49780886,0.56134002,0.52999877,0.58559327,0.43460502,7.77232808,7.82415087,1,1,105.50133073,1
702,0.5028452,0.54287265,0.53434488,0.61045608,0.417324,7.61111735,7.68167257,1,1,217.2002974,1
703,0.50984562,0.5432481,0.53294998,0.6117715,0.39957135,7.55193148,7.61573632,1,1,112.87391449,1
704,0.51768878,0.53796157,0.51852995,0.5717207,0.38213193,7.65978318,7.68333328,1,1,1584.86589896,1
705,0.49280765,0.54486734,0.51720557,0.54276216,0.36452691,7.76303433,7.80651828,1,1,100.51748221,1
706,0.49280204,0.54476691,0.5171258,0.56846851,0.38580363,7.64901078,7.67618494,1,1,1567.0492424,1
707,0.46498411,0.55610638,0.53373769,0.601158,0.37686102,7.96007162,7.98313993,1,1,1524.40107601,1
708,0.44985106,0.5664976,0.5403864,0.63692529,0.35938234,7.86509143,7.92889425,1,1,1584.84300497,1
709,0.45794998,0.54408809,0.51977148,0.59905031,0.38199893,7.54651774,7.59533422,1,1,348.4196818,1
710,0.47946933,0.55885226,0.52653111,0.63382452,0.36565839,7.75886532,7.81749506,1,1,100.02360837,1
711,0.48136107,0.55117566,0.54353912,0.59126544,0.38834431,7.69994363,7.74708507,1,1,110.13510546,1
712,0.48134697,0.55132586,0.54360233,0.55000712,0.37069852,7.40715742,7.43306211,1,1,1583.90131986,1
713,0.46670113,0.57254498,0.57284292,0.51077049,0.39326242,7.68428562,7.73217333,1,1,100.08834318,1
714,0.46782405,0.58433662,0.56743588,0.47135525,0.4140424,7.79261602,7.82540902,1,1,100.00000336,1
715,0.47888054,0.5779885,0.55032785,0.4328168,0.43042055,7.85267083,7.89401469,1,1,1534.42117018,1
716,0.50244578,0.57026599,0.55835319,0.39928645,0.44538364,7.66846087,7.6787719,1,1,1583.87123685,1
717,0.5005905,0.54145078,0.54845743,0.43924265,0.46630157,7.70024282,7.70214202,1,1,1584.89317043,1
718,0.50061184,0.5415361,0.54863242,0.43383489,0.44701079,7.74874983,7.81011971,1,1,100.00025223,1
719,0.48174419,0.57804829,0.54427532,0.47497539,0.46180672,7.65023438,7.72154952,1,1,1584.74862578,1
720,0.4710956,0.56504467,0.54465758,0.43972424,0.44264537,7.83642319,7.84810155,1,1,1582.69923263,1
721,0.50279435,0.54849798,0.50923603,0.41551701,0.46373321,7.76197087,7.77509643,1,1,105.4908171,1
722,0.50086055,0.53359115,0.50328874,0.37722521,0.48358797,7.76451723,7.77965877,1,1,115.61391282,1
723,0.50087471,0.53264694,0.50344014,0.3621484,0.46840623,7.82158247,7.85170434,1,1,100.04004307,1
724,0.45198794,0.51313614,0.51085555,0.35104882,0.48317755,7.55147297,7.6210929,1,1,804.60118149,1
725,0.47447386,0.51390704,0.51389954,0.32118139,0.50340618,7.78670073,7.85155137,1,1,1407.92775729,1
726,0.46726029,0.52450508,0.51756728,0.35348785,0.48335188,7.70166272,7.77015296,1,1,108.59722328,1
727,0.47355217,0.50326512,0.52922876,0.3964051,0.50352489,7.71266887,7.71996576,1,1,101.56326178,1
728,0.47891721,0.49449366,0.51095929,0.3741092,0.48506419,7.54335387,7.55577944,1,1,1563.5787845,1
729,0.47885033,0.49441514,0.51095897,0.33662828,0.50498275,7.60190245,7.62222125,1,1,236.17067812,1
730,0.53224583,0.55100539,0.51058913,0.30285693,0.48507949,7.51773847,7.55162173,1,1,1583.17754506,1
731,0.51586472,0.55172094,0.51733679,0.33365598,0.48609771,7.42103114,7.47155223,1,1,100.00000001,1
732,0.54227964,0.56275767,0.52553093,0.37690728,0.4676699,7.46111994,7.46935098,1,1,1574.28845892,1
733,0.53667874,0.54924539,0.51725391,0.40622618,0.44839978,7.71518672,7.74840037,1,1,1530.84868464,1
734,0.53042864,0.55006585,0.51697616,0.36828502,0.45831006,7.75659615,7.82096108,1,1,100.73769685,1
735,0.53042503,0.55025422,0.51685268,0.33108248,0.45405398,7.71302405,7.73749225,1,1,1571.78033411,1
736,0.52185205,0.49331951,0.52091492,0.30485453,0.43535355,7.46100695,7.52463517,1,1,101.32583627,1
737,0.52200593,0.51304035,0.5190985,0.27438792,0.45341261,7.84819594,7.91014982,1,1,1480.15932096,1
738,0.50123285,0.50610295,0.52668087,0.24958152,0.47434339,7.76911316,7.77396151,1,1,1582.73027211,1
739,0.5043865,0.49585036,0.54270167,0.22042993,0.49410643,7.75997603,7.81472763,1,1,100.00584002,1
740,0.49840507,0.51486927,0.53947722,0.26558062,0.51058555,7.62984966,7.66827611,1,1,253.01422182,1
741,0.49828469,0.51430667,0.53931771,0.27070154,0.53017417,7.86957159,7.87932196,1,1,100.00153679,1
742,0.48327446,0.51382561,0.54825617,0.31525065,0.54645277,7.71313998,7.71877116,1,1,1073.56047392,1
743,0.47831549,0.50919668,0.53947435,0.3071495,0.55440381,7.73249711,7.74820281,1,1,1124.13135665,1
744,0.46640129,0.50186704,0.53070192,0.27111383,0.57294099,7.62493112,7.64003783,1,1,108.07042721,1
745,0.48184167,0.48877094,0.53314788,0.23576151,0.55284116,7.73244707,7.7628769,1,1,1529.93797239,1
746,0.4818793,0.4885857,0.53310118,0.20105588,0.5459998,8.01945979,8.06230623,1,1,1577.90609109,1
747,0.51429284,0.57782533,0.53010477,0.16841672,0.52875899,7.41450083,7.48149784,1,1,1584.7644982,1
748,0.50950581,0.55000566,0.54314749,0.19551997,0.51820388,7.63993769,7.68418912,1,1,1522.57787769,1
749,0.5145064,0.55495721,0.54746924,0.16481322,0.53745222,7.5577271,7.63319069,1,1,1252.20121856,1
750,0.52838998,0.5444283,0.53217433,0.18269657,0.52489104,7.8624361,7.92813518,1,1,1510.81255279,1
751,0.52849256,0.54424457,0.53230666,0.16400533,0.53933962,7.71484893,7.72605072,1,1,100.00000002,1
752,0.50349883,0.49739905,0.5377617,0.13221926,0.52733622,7.48478634,7.52998125,1,1,1571.04465895,1
753,0.51785629,0.50311239,0.55088459,0.17956136,0.5102286,7.65914595,7.68196747,1,1,1580.16513794,1
754,0.49668829,0.49013025,0.53382084,0.15491677,0.49041807,7.65830648,7.66863199,1,1,123.38678771,1
755,0.50615777,0.48933516,0.53100542,0.12750552,0.47124653,7.62584748,7.68948375,1,1,100.00000276,1
756,0.4978953,0.51998149,0.53183707,0.14688398,0.47984449,7.683244,7.72432936,1,1,1128.83775986,1
757,0.4977522,0.51921975,0.53186024,0.19126108,0.50021986,7.77218131,7.80546078,1,1,100.00247249,1
758,0.47938673,0.53649997,0.54413618,0.16281957,0.48930731,7.91123562,7.98988182,1,1,517.11440929,1
759,0.49164054,0.52790466,0.54197892,0.20946384,0.46956446,7.59662872,7.63919484,1,1,100.84116853,1
760,0.49386867,0.52277907,0.52243225,0.17661163,0.45026857,7.72373421,7.74037118,1,1,105.41823432,1
761,0.48953538,0.51480581,0.51550288,0.14308564,0.46773585,7.80753339,7.85477527,1,1,100.05582148,1
762,0.48947851,0.5151354,0.51555266,0.18568525,0.44849651,7.35626333,7.35985962,1,1,1584.75562127,1
763,0.49387257,0.58577056,0.52815987,0.19001522,0.46951662,7.67029326,7.67916391,1,1,102.0083257,1
764,0.51727215,0.5881359,0.53709436,0.20371454,0.46348678,7.94866927,7.96068066,1,1,104.13190869,1
765,0.51149189,0.56503948,0.51853621,0.24697612,0.45051567,7.60966785,7.6223566,1,1,1568.13052998,1
766,0.51632741,0.5535773,0.53184687,0.21341349,0.47146285,7.79711452,7.85686479,1,1,100.00361784,1
767,0.52308181,0.56909843,0.52789173,0.25855445,0.49179181,7.90063663,7.97938947,1,1,100.00002526,1
768,0.52307975,0.56814973,0.52790989,0.22917528,0.47195917,7.56841015,7.62894695,1,1,1576.44575356,1
769,0.47857066,0.53865917,0.52775916,0.19731777,0.45262598,7.94157411,8.00682107,1,1,100.01206537,1
770,0.48728097,0.5532716,0.54946045,0.17602519,0.43523041,7.49277958,7.55406539,1,1,1516.96577164,1
771,0.47591313,0.53635968,0.5463115,0.155479,0.43068398,7.73602203,7.80713985,1,1,1584.87811671,1
772,0.4901299,0.53947217,0.53604987,0.19725089,0.44615528,7.64375508,7.70843473,1,1,188.54931965,1
773,0.47551286,0.53531555,0.53055705,0.24324126,0.43826857,7.69677386,7.74199203,1,1,100.00602343,1
774,0.493169,0.54346297,0.52808492,0.26806599,0.42145178,7.71577063,7.77224301,1,1,1544.72002513,1
775,0.49311134,0.54395557,0.52793765,0.3079673,0.44298113,7.81832256,7.86791365,1,1,100.1118881,1
776,0.44351617,0.56332596,0.53085542,0.29586826,0.45098008,7.77105833,7.83124196,1,1,1570.88054098,1
777,0.45743865,0.54845718,0.54799168,0.26097172,0.43209201,7.69519073,7.77067336,1,1,1584.89278769,1
778,0.47697556,0.56760819,0.52965814,0.30241658,0.41357156,7.59167451,7.59236557,1,1,103.25151318,1
779,0.48240581,0.53284377,0.54575771,0.34596242,0.39568261,7.83956261,7.8413135,1,1,100.0854337,1
780,0.48432495,0.53959067,0.52637187,0.38006194,0.41659433,7.86032571,7.9138425,1,1,100.00000368,1
781,0.48438616,0.53950883,0.52646992,0.41632664,0.40045033,7.68892156,7.72186951,1,1,100.00002747,1
782,0.47063356,0.59119338,0.54467779,0.45701468,0.38784803,7.80143352,7.82862434,1,1,1582.78864836,1
783,0.4649308,0.56884993,0.53776081,0.42501013,0.3950651,7.7749271,7.81450327,1,1,100.00047854,1
784,0.47257988,0.55043449,0.55175811,0.43594641,0.4114043,7.66459018,7.67980282,1,1,100.01747275,1
785,0.4839003,0.54459942,0.53648097,0.47722305,0.41266905,7.66917098,7.71029876,1,1,111.15407632,1
786,0.50032446,0.55349921,0.54200081,0.44261,0.39574378,7.76621137,7.80031589,1,1,133.27673526,1
787,0.5004152,0.55320603,0.54200178,0.48373645,0.41768406,7.71968292,7.78823425,1,1,1583.6143582,1
788,0.47044445,0.56558504,0.55217155,0.47793935,0.4391745,7.62063958,7.64952285,1,1,613.1925532,1
789,0.45930673,0.56624383,0.54301621,0.50232974,0.42041362,7.68686472,7.73969255,1,1,244.24845174,1
790,0.47306946,0.55929332,0.54281766,0.49850498,0.43721331,7.76615936,7.8303516,1,1,100.07316653,1
791,0.48416288,0.53911467,0.53919494,0.50703036,0.42045793,7.47480226,7.51091521,1,1,1555.12196606,1
792,0.47325067,0.53066594,0.55585755,0.4671782,0.40913321,7.67077791,7.70332434,1,1,712.27149457,1
793,0.48761664,0.54186752,0.53605487,0.44250432,0.42703646,7.86742076,7.88615168,1,1,100.00191411,1
794,0.48780508,0.54134213,0.53602878,0.41447417,0.44624503,7.9083604,7.95049039,1,1,104.12404549,1
795,0.492415,0.62256582,0.561452,0.43390602,0.43345101,7.83982832,7.84395555,1,1,1581.23077679,1
796,0.4958297,0.61299633,0.55400476,0.39926325,0.42933653,7.60092677,7.62816597,1,1,100.00039241,1
797,0.50405881,0.61614005,0.54085996,0.38171825,0.41163594,7.68483722,7.70834625,1,1,1583.53111355,1
798,0.54014636,0.59084826,0.53931548,0.3487979,0.39395145,7.65202305,7.70276342,1,1,1584.37413966,1
799,0.5274622,0.5999474,0.52803149,0.36045675,0.37612983,7.63190679,7.66554416,1,1,108.69272137,1
800,0.52747002,0.60004798,0.52809815,0.24327732,0.40644625,7.70774192,7.72613297,1,1,328.44565421,0
801,0.49491176,0.53169127,0.53932586,0.1289965,0.4354102,7.77843541,7.85338406,1,1,553.68727336,0
802,0.47067641,0.46853195,0.52521442,0.0951952,0.47451518,7.66028415,7.73624882,1,1,122.47200328,0
803,0.45273029,0.39619789,0.49194639,0,0.42294037,7.77993821,7.81404801,1,1,100.01306638,0
804,0.42352961,0.33900062,0.47071588,0,0.37603348,7.51206766,7.56725463,1,1,198.51584386,0
805,0.4346881,0.29445904,0.46725724,0.06900285,0.3275521,7.38648841,7.43308448,1,1,100.34175895,0
806,0.43484186,0.29448985,0.46720354,0,0.34329447,7.64404856,7.64648798,1,1,1359.02885055,0
807,0.5144016,0.38302022,0.48248214,0,0.29789679,7.48504555,7.50787705,1,1,1293.89291455,0
808,0.53377306,0.43985334,0.51405399,0,0.34352653,7.77075279,7.84575609,1,1,100.00014923,0
809,0.55872405,0.51782281,0.51027543,0.1121033,0.40008668,7.68503876,7.73439505,1,1,100.00300914,0
810,0.58918436,0.6214123,0.53333269,0.23962382,0.36286898,7.70484162,7.73908014,1,1,1584.89317028,0
811,0.59340653,0.66443251,0.5501867,0.16421494,0.35991608,7.76328547,7.80156478,1,1,721.55134445,0
812,0.59281825,0.71223603,0.54733741,0.05274609,0.33354797,7.83840912,7.85914549,1,1,668.68094291,0
813,0.5927682,0.71183903,0.54722981,0.13207172,0.37995393,7.8184019,7.84203627,1,1,100.68692856,0
814,0.54450252,0.66548837,0.5355427,0.2051234,0.38774446,7.74952397,7.79138136,1,1,1381.87974457,0
815,0.52181945,0.5817568,0.53374559,0.33041811,0.44997882,7.46119875,7.49893443,1,1,100.00263402,0
816,0.48559066,0.52516692,0.49741111,0.41244642,0.51191412,7.90877059,7.91997249,1,1,1285.48163904,0
817,0.44713648,0.42230034,0.49122927,0.29510683,0.45558636,7.65016588,7.66760602,1,1,1584.22454365,0
818,0.39937507,0.36455161,0.48052065,0.22626143,0.40049018,7.66225202,7.72714198,1,1,100.90751342,0
819,0.39801101,0.33215918,0.46228339,0.33082696,0.3958942,7.59936052,7.66608297,1,1,1544.56040424,0
820,0.3981044,0.33256493,0.46229867,0.33494626,0.34400854,7.62381019,7.65219975,1,1,616.746981,0
821,0.48229914,0.43898214,0.48662205,0.22318167,0.30659186,7.58924792,7.61502621,1,1,100.03161343,0
822,0.51892968,0.4871889,0.48732529,0.10894317,0.25321337,7.81621773,7.86114999,1,1,100.09023067,0
823,0.56671206,0.57514956,0.50485707,0,0.28901579,7.70691412,7.72855209,1,1,101.1053896,0
824,0.61697148,0.62399685,0.53932497,0.12164502,0.23903266,7.81982711,7.8887224,1,1,652.87109685,0
825,0.6267305,0.68190921,0.53247836,0.24816538,0.18682948,7.6802634,7.72353078,1,1,135.90523286,0
826,0.65918834,0.73708348,0.56186997,0.27014893,0.14162241,7.61318385,7.61491976,1,1,150.2554816,0
827,0.65918399,0.73700731,0.56173986,0.39383707,0.18202238,7.79128217,7.8398323,1,1,100.00000564,0
828,0.60259516,0.67872798,0.55273712,0.45844685,0.19880988,7.81467701,7.84050315,1,1,1248.36309137,0
829,0.53795566,0.60958629,0.5336646,0.48037643,0.25389836,7.57346102,7.58080044,1,1,120.22862609,0
830,0.50027189,0.52728684,0.50744182,0.59788922,0.19485682,7.60608439,7.61406593,1,1,101.76689867,0
831,0.44681374,0.45824049,0.49965223,0.47733551,0.13515855,7.84241334,7.91776143,1,1,1567.39305235,0
832,0.42065186,0.40719181,0.4911802,0.46932318,0.19477146,7.76990726,7.81313072,1,1,206.6045505,0
833,0.41275482,0.35899236,0.47294258,0.43003135,0.23125441,7.70704853,7.71776045,1,1,100.04092849,0
834,0.41275632,0.3588429,0.47294801,0.31620155,0.28779778,7.79046302,7.83377592,1,1,1008.34803354,0
835,0.50895232,0.44169525,0.50460774,0.34842265,0.33274454,7.7490362,7.81044466,1,1,1556.77522947,0
836,0.54930002,0.52093452,0.5051901,0.44848745,0.38344089,7.66190322,7.71786873,1,1,107.87187626,0
837,0.57861762,0.59836639,0.53888235,0.55462107,0.44379681,7.65675035,7.69464624,1,1,1584.89272384,0
838,0.61132724,0.64943217,0.55096404,0.59030849,0.49821109,7.68661291,7.70244809,1,1,1574.16771466,0
839,0.65087799,0.67790831,0.53771264,0.59349555,0.50829667,7.48431342,7.53215102,1,1,100.08007248,1
840,0.65102791,0.67834674,0.5376223,0.59437659,0.48883192,7.71196023,7.73252071,1,1,100.06248967,1
841,0.6316937,0.64278166,0.56652855,0.58875079,0.50867324,7.87469984,7.888007,1,1,1584.65726154,1
842,0.62567404,0.65083852,0.56382188,0.60167263,0.52776708,7.82863534,7.8804731,1,1,1535.5448556,1
843,0.60897412,0.64391342,0.55841653,0.56053851,0.50726447,7.64827402,7.71222515,1,1,130.29832335,1
844,0.5978499,0.62484769,0.54898123,0.59790522,0.49276516,7.75482547,7.75680234,1,1,820.53243151,1
845,0.59941377,0.64437619,0.56616171,0.63544005,0.51173714,7.78689293,7.83242307,1,1,282.86144862,1
846,0.58311221,0.62880406,0.54283121,0.64579069,0.49162955,7.72938111,7.79315776,1,1,101.09161897,1
847,0.59197222,0.61161936,0.53995569,0.60360779,0.47228633,7.76308689,7.83570724,1,1,146.26072032,1
848,0.57512453,0.61311618,0.53941695,0.628775,0.45647009,7.66321382,7.66907789,1,1,1546.61588485,1
849,0.56958487,0.62782513,0.54405801,0.63903804,0.47509532,7.67820502,7.72516101,1,1,100.00174036,1
850,0.56962835,0.62798326,0.54418236,0.59726625,0.48558797,7.95402996,8.01169025,1,1,100.00041196,1
851,0.54705199,0.58171166,0.56517002,0.63284504,0.50584644,7.69588043,7.72758121,1,1,1583.08083967,1
852,0.54104368,0.59499023,0.56591737,0.66849392,0.51938598,7.78609444,7.79036433,1,1,1573.31485033,1
853,0.52957839,0.57708627,0.56918812,0.62518797,0.53721917,7.67087091,7.73914245,1,1,1350.20886367,1
854,0.52201756,0.59086985,0.5620073,0.6567528,0.55529041,7.64589502,7.64986409,1,1,100.00102543,1
855,0.52561138,0.58723773,0.554458,0.65630651,0.57363524,7.6688949,7.68894669,1,1,1249.70447048,1
856,0.52695139,0.58842841,0.54480522,0.61543054,0.58680103,7.5676775,7.60771954,1,1,100.12104471,1
857,0.50465632,0.58514871,0.55108667,0.65309666,0.6035175,7.67503185,7.71323672,1,1,265.99185546,1
858,0.50469976,0.58515499,0.5511685,0.61086915,0.6150287,7.51508744,7.54489723,1,1,1149.07803748,1
859,0.44866869,0.57942963,0.56873581,0.56866646,0.60976272,7.51241674,7.51303088,1,1,588.97906073,1
860,0.46555677,0.59907081,0.5489274,0.52748778,0.58865752,7.7243818,7.72922976,1,1,100.00002393,1
861,0.46570537,0.58304734,0.54877798,0.52292481,0.60671414,7.57497324,7.64088492,1,1,100.04603539,1
862,0.46864326,0.5693544,0.56376636,0.55459327,0.59073671,7.72982626,7.74274405,1,1,1564.24059319,1
863,0.48361854,0.5513528,0.54948216,0.51453802,0.57768928,7.42612287,7.49455056,1,1,461.61525404,1
864,0.49350673,0.54455736,0.55945021,0.47455405,0.58114547,7.82155041,7.82588257,1,1,963.99903515,1
865,0.49368258,0.54432714,0.55957408,0.44356541,0.59928816,7.51264116,7.53578266,1,1,124.82040776,1
866,0.46997383,0.60582347,0.57033678,0.48429361,0.60873764,7.71565214,7.74351517,1,1,1584.23117026,1
867,0.48569876,0.56817509,0.56377369,0.51655091,0.62627279,7.7547894,7.82454722,1,1,100.01037711,1
868,0.48611673,0.57794025,0.55351729,0.5369402,0.6040145,7.73677448,7.76587435,1,1,100.00000667,1
869,0.49207433,0.55504486,0.52842672,0.57158344,0.58314418,7.42086517,7.48408044,1,1,1584.86103999,1
870,0.49213235,0.55483523,0.52832894,0.59728196,0.58474792,7.63390012,7.66589326,1,1,100.00001918,1
871,0.46013826,0.56677974,0.54813581,0.63472118,0.57390434,7.76494383,7.76527226,1,1,1572.46530013,1
872,0.46724493,0.56121322,0.54037501,0.59220665,0.59199266,7.53442437,7.57546031,1,1,103.71723317,1
873,0.47442459,0.55268534,0.54142601,0.55254861,0.57376199,7.72908014,7.79021376,1,1,149.77437938,1
874,0.4869843,0.54588353,0.53839569,0.59145437,0.55866125,7.89003344,7.90400026,1,1,312.97375286,1
875,0.48535678,0.56194207,0.54344555,0.62535458,0.53787625,7.49449768,7.55639638,1,1,100.00680723,1
876,0.48528716,0.56215151,0.54347469,0.65224095,0.53978581,7.93691289,7.94251573,1,1,635.20109312,1
877,0.43848199,0.58962805,0.57361319,0.61056108,0.55830879,7.54107027,7.59235275,1,1,1584.89113904,1
878,0.46842408,0.59172222,0.55117203,0.63808954,0.57712596,7.75592362,7.77982292,1,1,1584.57557044,1
879,0.48049843,0.57498231,0.55033683,0.63965281,0.56766931,7.68859405,7.74470819,1,1,305.51020756,1
880,0.47019095,0.569011,0.53700846,0.65990263,0.58589844,7.60375761,7.60733037,1,1,100.02131582,1
881,0.49092545,0.57268347,0.55476605,0.67132562,0.59467903,7.48334444,7.52141667,1,1,1161.97239374,1
882,0.49108857,0.57367719,0.55472588,0.68010204,0.60236463,7.65076894,7.71126456,1,1,100.00611483,1
883,0.46513858,0.58313569,0.57799681,0.71645577,0.61971677,7.85677621,7.86772229,1,1,1398.64792189,1
884,0.45813626,0.58101404,0.57159826,0.71503147,0.62538462,7.88768331,7.92924181,1,1,1504.7657645,1
885,0.4831981,0.59067608,0.5655872,0.74972996,0.64018605,7.72723027,7.78614791,1,1,1531.52995334,1
886,0.48518632,0.57927931,0.56596896,0.7846859,0.61830253,7.69580135,7.73706508,1,1,100.97675826,1
887,0.48415984,0.54948094,0.5476013,0.73907291,0.6275242,7.66806527,7.67809417,1,1,100.51584984,1
888,0.48428034,0.54946393,0.54759148,0.77185147,0.64259634,7.79961773,7.87598303,1,1,1181.52355497,1
889,0.46399976,0.59319701,0.56540117,0.76968554,0.65905093,7.60739197,7.67121037,1,1,494.68116317,1
890,0.47444005,0.57435944,0.56492639,0.79238399,0.63592453,7.53489977,7.577595,1,1,110.90889227,1
891,0.48572738,0.5578183,0.54613261,0.82252831,0.64839982,7.58634209,7.65442905,1,1,938.5804217,1
892,0.4899608,0.56691573,0.54625542,0.77758752,0.63506319,7.78756421,7.81097867,1,1,381.42114251,1
893,0.49585916,0.55190271,0.53593407,0.81133554,0.62587207,7.7671649,7.78262806,1,1,187.05643692,1
894,0.49589422,0.55192475,0.535984,0.84199122,0.6432432,7.65109712,7.67634424,1,1,1513.72803363,1
895,0.47017702,0.56236309,0.56109432,0.82342001,0.62535277,7.73217516,7.78161717,1,1,201.83293925,1
896,0.48357058,0.56692534,0.54824966,0.7770059,0.61166962,7.73176816,7.74298701,1,1,1342.77958874,1
897,0.47975121,0.56347983,0.53188682,0.81025878,0.62118937,7.68851292,7.6981683,1,1,100.00642687,1
898,0.47347024,0.55063466,0.54641139,0.78980997,0.60255293,7.72345044,7.77169926,1,1,130.20679391,1
899,0.48109618,0.53883046,0.52188817,0.8236088,0.58151001,7.68777445,7.71367067,1,1,1564.85562214,1
900,0.48114613,0.53881534,0.52186835,0.81035266,0.57919113,7.65248163,7.66539892,1,1,100.03763924,1
901,0.45139742,0.5877992,0.53836809,0.76416555,0.59755541,7.63535099,7.69416836,1,1,258.33365714,1
902,0.47968751,0.57299499,0.54881835,0.79798494,0.57614865,7.6560226,7.7136609,1,1,1420.09658198,1
903,0.47565689,0.58514724,0.54558361,0.82436318,0.5590985,7.60941332,7.67467126,1,1,580.27648533,1
904,0.48812999,0.57409816,0.53690761,0.80142457,0.57775015,7.76429569,7.79447117,1,1,378.17976684,1
905,0.48897541,0.55163546,0.54159386,0.83481396,0.58935844,7.73374671,7.78347616,1,1,1570.46233289,1
906,0.4888589,0.55225252,0.5413975,0.78817879,0.60665875,7.62170635,7.64500047,1,1,100.00017038,1
907,0.467981,0.56743686,0.56095255,0.81947988,0.6193026,7.7222197,7.7489572,1,1,100.03384729,1
908,0.47955688,0.56546924,0.55943183,0.83557644,0.59734858,7.79665721,7.8337824,1,1,100.05142023,1
909,0.49789959,0.55893762,0.53918706,0.79033143,0.61445493,7.78681916,7.85696467,1,1,100.447765,1
910,0.49609071,0.55627527,0.55130139,0.82444556,0.63204522,7.41290087,7.47012566,1,1,108.09163058,1
911,0.50208407,0.55836994,0.56059598,0.82588035,0.61080461,7.68613312,7.7126314,1,1,628.78009714,1
912,0.50216431,0.55876731,0.56058704,0.80137231,0.58862595,7.75813544,7.78825447,1,1,167.60131718,1
913,0.50432684,0.52969828,0.55952492,0.75707303,0.58890893,7.70447865,7.77058977,1,1,1584.82707332,1
914,0.47283638,0.5361432,0.5367381,0.79029707,0.56713122,7.78422112,7.81743866,1,1,100.00431189,1
915,0.47944923,0.52300054,0.53715408,0.80042153,0.58565946,7.49774216,7.50343596,1,1,109.8394948,1
916,0.4785877,0.52938483,0.50750454,0.8278749,0.58369176,7.62726842,7.65078728,1,1,100.00198926,1
917,0.47857885,0.5293507,0.50743384,0.86121207,0.60186411,7.41230458,7.43049576,1,1,100.71940269,1
918,0.45477491,0.59941337,0.53149123,0.81419125,0.61539827,7.5117042,7.52448811,1,1,100.00000417,1
919,0.46253311,0.58228695,0.51618252,0.8332269,0.63266498,7.44464444,7.50118411,1,1,106.19060165,1
920,0.48785423,0.58930864,0.53077189,0.86175226,0.61033006,7.73522998,7.76231912,1,1,100.09659102,1
921,0.50048503,0.58733044,0.51968868,0.81611327,0.58815469,7.69832452,7.70483794,1,1,100.06612708,1
922,0.50354976,0.55681569,0.52232263,0.77026497,0.56909942,7.74565649,7.75160302,1,1,991.32985022,1
923,0.50347888,0.55659161,0.52221541,0.73903191,0.5791438,7.83563611,7.84661969,1,1,791.05660676,1
924,0.47199228,0.56580102,0.52248327,0.75696711,0.59029186,7.657154,7.72309946,1,1,1582.61582609,1
925,0.46246821,0.5480778,0.54133249,0.71642396,0.56929454,7.51571988,7.57758693,1,1,123.03362882,1
926,0.48333124,0.55833321,0.52945835,0.67240726,0.58757054,7.60848797,7.66567916,1,1,100.04700502,1
927,0.49181151,0.53075779,0.51723,0.62896336,0.56786391,7.69521046,7.69784267,1,1,1584.79339723,1
928,0.47761111,0.54876423,0.51464772,0.65109254,0.54871927,7.62735623,7.641826,1,1,100.0073567,1
929,0.47768006,0.54843002,0.51448802,0.66315785,0.56768776,7.91033845,7.97612644,1,1,100.00045574,1
930,0.46329879,0.58782416,0.53716301,0.62110009,0.58137036,7.70102612,7.73530852,1,1,100.06846338,1
931,0.45726935,0.60806951,0.53133088,0.5858168,0.58738521,7.46986109,7.48257216,1,1,103.88324922,1
932,0.4643738,0.56397135,0.53438339,0.59946461,0.57799798,7.65140486,7.65579902,1,1,100.27738833,1
933,0.469137,0.5671555,0.53975464,0.59174452,0.57812157,7.62236264,7.6973083,1,1,100.00000007,1
934,0.48514102,0.55332289,0.52687309,0.55272985,0.59585715,7.593207,7.61355683,1,1,100.07888244,1
935,0.48518815,0.55323618,0.52700228,0.53028301,0.61380838,7.64187797,7.68835433,1,1,152.65606466,1
936,0.47463492,0.58176566,0.55550642,0.49049774,0.63100215,7.48636285,7.52551615,1,1,1578.56642597,1
937,0.47912302,0.56214336,0.54272663,0.52920572,0.6434826,7.51818369,7.54009948,1,1,261.23528573,1
938,0.48033454,0.55630435,0.52644101,0.55870205,0.65990332,7.56780354,7.58655167,1,1,814.11068482,1
939,0.49375992,0.56451114,0.52522928,0.59719221,0.66991358,7.68255916,7.74577327,1,1,103.26320766,1
940,0.51397885,0.5452858,0.54285475,0.56741555,0.68412331,7.66866051,7.70485871,1,1,1583.64061214,1
941,0.51382718,0.54513177,0.54281398,0.6023214,0.66927446,7.76853003,7.79621803,1,1,100.00000001,1
942,0.47974054,0.52756534,0.55007587,0.62043909,0.67458112,7.79549843,7.8501612,1,1,111.20713605,1
943,0.48024097,0.53141258,0.54586858,0.65644546,0.65839455,7.8985348,7.97311621,1,1,137.20094872,1
944,0.48226761,0.5070743,0.53703252,0.61347735,0.63984743,7.73559458,7.76427385,1,1,100.00139337,1
945,0.47933841,0.50695043,0.53441999,0.64614914,0.62542079,7.55743828,7.60328691,1,1,1584.21449021,1
946,0.47119873,0.50778104,0.55752723,0.60561776,0.62704075,7.83021815,7.89684651,1,1,109.49866685,1
947,0.4712023,0.50756587,0.55742539,0.63514229,0.6432604,7.68167477,7.68888847,1,1,103.63056068,1
948,0.44364539,0.54299239,0.5829669,0.60737752,0.66010813,7.76795328,7.84245604,1,1,1584.88350513,1
949,0.45101572,0.55874704,0.56080622,0.61248328,0.67275211,7.67596898,7.72903869,1,1,1584.87927049,1
950,0.47675324,0.54120547,0.57097965,0.57023621,0.6493329,7.66399691,7.73478345,1,1,1575.42581433,1
951,0.46890804,0.51632433,0.554162,0.60056349,0.66622086,7.7049866,7.715587,1,1,100.02397939,1
952,0.49919379,0.51919958,0.55717457,0.56419455,0.65375541,7.70013367,7.74793024,1,1,157.22363089,1
953,0.49929258,0.51926258,0.5570649,0.60265241,0.64540891,7.72789109,7.73995371,1,1,1515.18208316,1
954,0.45799243,0.53952108,0.58446646,0.56905089,0.62812483,7.49746048,7.54664048,1,1,267.45635905,1
955,0.47447631,0.51881729,0.56593232,0.52770565,0.60739801,7.65544007,7.68717379,1,1,1582.10127925,1
956,0.47418794,0.51790569,0.55995293,0.56701446,0.62524374,7.83120313,7.83983306,1,1,1584.31400848,1
957,0.48631088,0.50066656,0.54340393,0.60453141,0.62187715,7.72114614,7.776887,1,1,1579.96380864,1
958,0.47719448,0.50114851,0.56403868,0.56267546,0.60055594,7.54708247,7.62085046,1,1,1321.57641681,1
959,0.4771408,0.50149609,0.56418282,0.52146414,0.61845524,7.72481545,7.76923661,1,1,972.29183365,1
960,0.47084687,0.56892146,0.55965917,0.48123738,0.63276633,7.68569969,7.70310915,1,1,100.20405258,1
961,0.49424191,0.55834675,0.57694885,0.51806224,0.61040367,7.90251961,7.96090272,1,1,111.22972496,1
962,0.50429676,0.54280752,0.55336013,0.54912281,0.62817536,7.69596019,7.72400931,1,1,1584.79193027,1
963,0.5114224,0.54694096,0.54839342,0.51376691,0.62542375,7.6893187,7.70966334,1,1,1584.77640523,1
964,0.5019548,0.53063877,0.54425209,0.55161755,0.6030119,7.70574878,7.70932989,1,1,1375.92340234,1
965,0.50200419,0.53042527,0.54426862,0.51610316,0.59642669,7.4609826,7.46706852,1,1,1339.0614283,1
966,0.48249736,0.56702231,0.5396726,0.55287852,0.57721586,7.74223486,7.74328808,1,1,909.05204705,1
967,0.49763988,0.52948092,0.55550772,0.5902564,0.58460118,7.60628004,7.63250716,1,1,1583.82262505,1
968,0.50008348,0.53102125,0.55279449,0.62189292,0.56324393,7.80312502,7.85929702,1,1,100.1305251,1
969,0.51478856,0.52036749,0.53992825,0.65846127,0.56136684,7.69639884,7.6977815,1,1,132.47275093,1
970,0.49970828,0.52589048,0.52472178,0.69168909,0.54019675,7.7077449,7.71585744,1,1,191.02631419,1
971,0.49965292,0.5261456,0.52477782,0.65298315,0.54005838,7.7414558,7.79322732,1,1,1584.27716546,1
972,0.5399006,0.47839291,0.50853184,0.68413908,0.55552925,7.55670309,7.62464287,1,1,1584.8931363,1
973,0.52733898,0.50725971,0.48943589,0.65977524,0.57348659,7.75370964,7.7918813,1,1,1526.05846553,1
974,0.51804251,0.49732656,0.44482704,0.6173852,0.59150651,7.72694697,7.7850733,1,1,100.02397622,1
975,0.48321775,0.52070147,0.41486913,0.61571782,0.59494635,7.65071375,7.6787682,1,1,1576.75285845,1
976,0.48317162,0.52103745,0.41496263,0.60403255,0.59614179,7.58299743,7.58913139,1,1,1556.38103536,1
977,0.44653785,0.55397414,0.43769509,0.64179419,0.61071613,7.65177289,7.6531363,1,1,100.00229404,1
978,0.45969984,0.53381851,0.43661075,0.66950501,0.58890113,7.59036632,7.65987707,1,1,627.66693277,1
979,0.46759836,0.52628346,0.45095403,0.70391567,0.60023118,7.61978251,7.69130889,1,1,100.62467025,1
980,0.48706645,0.53158304,0.44672078,0.66186768,0.57846729,7.47596353,7.50950225,1,1,108.37727143,1
981,0.49113553,0.51448579,0.43905819,0.69565087,0.55869024,7.61461716,7.68012973,1,1,116.29822565,1
982,0.49112504,0.5140672,0.43902156,0.71588004,0.57714204,7.52778143,7.5618943,1,1,1584.83181454,1
983,0.45854246,0.54074246,0.45645686,0.71432854,0.58681938,7.90151147,7.93878161,1,1,100.4020718,1
984,0.44373223,0.52387299,0.45662086,0.74797819,0.6003067,7.65683391,7.67949536,1,1,141.31071746,1
985,0.45522585,0.51920369,0.45984765,0.70317506,0.57830165,7.53062975,7.54611964,1,1,100.83762235,1
986,0.47581162,0.51565178,0.46636877,0.72627568,0.5698678,7.77227818,7.81031599,1,1,1578.70478264,1
987,0.47335148,0.51624045,0.46522361,0.70486269,0.58051326,7.57275302,7.63843635,1,1,157.43349448,1
988,0.47357061,0.51631071,0.46530691,0.70788731,0.55988619,7.55444631,7.58583639,1,1,100.00026122,1
989,0.50030089,0.574311,0.47960875,0.71134147,0.53940665,7.42433678,7.44376907,1,1,1499.07375198,1
990,0.52959775,0.59731418,0.49800314,0.73608484,0.51869334,7.6415359,7.68611006,1,1,100.00023463,1
991,0.51514644,0.58082565,0.49235149,0.76673703,0.49840702,7.71247627,7.78545686,1,1,100.61598521,1
992,0.54585729,0.59191965,0.48502869,0.79861346,0.49857941,7.54747166,7.60061648,1,1,224.36470328,1
993,0.54176601,0.5887672,0.5081437,0.8114109,0.517155,7.73531471,7.74477889,1,1,100.00001146,1
994,0.54188947,0.58817408,0.50793532,0.77350619,0.53648528,7.74698176,7.75442447,1,1,100.44901245,1
995,0.51639038,0.54581965,0.51737908,0.74343801,0.51645171,7.76337431,7.76520339,1,1,100.04196135,1
996,0.51434488,0.55347014,0.51298961,0.77591571,0.49964194,7.76496261,7.83770596,1,1,1584.79389078,1
997,0.50497433,0.56785712,0.52215845,0.73860731,0.51917049,7.92234191,7.95861087,1,1,1577.64634524,1
998,0.50555745,0.54211535,0.51229863,0.76245862,0.5383874,7.67161618,7.71718507,1,1,350.60915382,1
999,0.51264774,0.5502068,0.51618461,0.76148634,0.55760045,7.77333844,7.81626583,1,1,176.91097042,1
1000,0.50743966,0.5361481,0.53168462,0.77813416,0.57594888,7.72762485,7.78459604,1,1,130.20563038,1
1001,0.50748914,0.53616755,0.53160754,0.73268676,0.58183493,7.55601118,7.60919209,1,1,100.07683623,1
1002,0.45536662,0.53198074,0.53654431,0.76146461,0.59644283,7.82331859,7.88406059,1,1,1584.89155233,1
1003,0.45775972,0.53575964,0.53214511,0.79618815,0.57468697,7.55056751,7.59676113,1,1,378.37953754,1
1004,0.46011626,0.53129782,0.53897078,0.81263534,0.55324752,7.64932099,7.65378113,1,1,384.97274534,1
1005,0.48780981,0.50926947,0.54213289,0.79531126,0.53355384,7.52836078,7.58376207,1,1,155.30670547,1
1006,0.47397358,0.51174079,0.54222747,0.81510935,0.51784322,7.67422949,7.69018413,1,1,106.18964113,1
1007,0.473984,0.51224338,0.54233126,0.80892575,0.53656011,7.84010464,7.91532785,1,1,100.00019471,1
1008,0.50099875,0.61854058,0.54140678,0.84115665,0.51589494,7.65771553,7.70604904,1,1,278.91528758,1
1009,0.49456129,0.59468652,0.5521913,0.79466517,0.53497699,7.69819859,7.72732246,1,1,249.26140407,1
1010,0.52094968,0.58175739,0.54333127,0.7490282,0.51575925,7.78197093,7.85064586,1,1,100.35239181,1
1011,0.51112362,0.58168352,0.55229579,0.70515884,0.52266793,7.78092141,7.81222753,1,1,100.26350068,1
1012,0.52605384,0.56449673,0.53073287,0.74067953,0.5421269,7.71193347,7.76357635,1,1,231.96525393,1
1013,0.52614273,0.56472113,0.53081268,0.77494685,0.5606477,7.64427545,7.66716261,1,1,100.99349326,1
1014,0.5066747,0.51872604,0.54571777,0.74150739,0.53993688,7.74714595,7.76665899,1,1,1584.86024151,1
1015,0.5067516,0.53489282,0.54087349,0.77648259,0.55807547,7.49732469,7.50003506,1,1,100.00052038,1
1016,0.50769724,0.52292804,0.55096167,0.73099329,0.57689832,7.79751144,7.83594032,1,1,100.13545339,1
1017,0.49295103,0.5474675,0.5397387,0.68851619,0.59518405,7.70441235,7.76425663,1,1,163.96286747,1
1018,0.47709096,0.53895815,0.53910754,0.72193092,0.61322297,7.60689201,7.67365661,1,1,115.43348447,1
1019,0.47715122,0.53954381,0.53922303,0.75746105,0.63003318,7.59517267,7.62488593,1,1,100.00100252,1
1020,0.44777613,0.57475371,0.54099355,0.78411418,0.61314152,7.58963437,7.60723253,1,1,110.13298559,1
1021,0.46801199,0.57096197,0.558569,0.73874737,0.6305813,7.63619215,7.70998487,1,1,1520.81991185,1
1022,0.47891295,0.55695903,0.56283889,0.76223893,0.64567479,7.7621019,7.83594312,1,1,100.00590501,1
1023,0.49729952,0.5491357,0.54997556,0.72651449,0.66093604,7.4057752,7.42418153,1,1,893.35296363,1
1024,0.49173207,0.56109098,0.53668409,0.71413892,0.67342087,7.62307735,7.6409391,1,1,101.69250549,1
1025,0.49166673,0.56130913,0.53662997,0.70068845,0.68880855,7.79808651,7.8119237,1,1,100.03485522,1
1026,0.48002301,0.59022868,0.56598739,0.65881322,0.69937708,7.6274968,7.64251822,1,1,100.01922595,1
1027,0.49018852,0.56574303,0.56047406,0.69293376,0.71109255,7.62553193,7.6628469,1,1,100.00080975,1
1028,0.47560297,0.55410422,0.5323515,0.72055007,0.71310183,7.75679956,7.81746705,1,1,269.09257423,1
1029,0.47647654,0.56400399,0.54529953,0.73343005,0.69324868,7.66413919,7.72704558,1,1,999.73216627,1
1030,0.47620765,0.5447764,0.54095593,0.76852686,0.70921769,7.81339235,7.87552651,1,1,100.78670571,1
1031,0.48516442,0.54552652,0.55936475,0.74517356,0.68504509,7.70195034,7.72121099,1,1,1584.87602756,1
1032,0.48513816,0.54556724,0.55948191,0.74320286,0.66252667,7.6841929,7.71674197,1,1,1554.96467537,1
1033,0.43812419,0.58725448,0.58592476,0.77752922,0.67347895,7.80164044,7.85828366,1,1,100.00021576,1
1034,0.44838238,0.58193953,0.57159325,0.75106039,0.67845688,7.66462237,7.7243045,1,1,1153.29006725,1
1035,0.48254554,0.56341554,0.54686879,0.72687278,0.65497959,7.73768475,7.80847977,1,1,193.89787048,1
1036,0.48263682,0.57105422,0.54470655,0.68551068,0.63403595,7.62847623,7.64876372,1,1,1584.17301918,1
1037,0.49463601,0.54063018,0.56073264,0.64408855,0.65135478,7.63079237,7.65300236,1,1,102.19285315,1
1038,0.49478762,0.54053299,0.5608298,0.68117978,0.63412495,7.74344731,7.81643028,1,1,1584.78197844,1
1039,0.45815953,0.57097581,0.570167,0.67633838,0.61190659,7.8729704,7.87907782,1,1,1584.84993004,1
1040,0.48503095,0.5437441,0.56495546,0.70306917,0.62928812,7.80616808,7.80880866,1,1,100.01572024,1
1041,0.48413019,0.53957777,0.54942081,0.73154776,0.62266791,7.52772803,7.57206532,1,1,579.63531677,1
1042,0.47701572,0.5312978,0.5697943,0.71292205,0.60054976,7.80046041,7.85414739,1,1,100.06789889,1
1043,0.48072696,0.54061154,0.55049024,0.67648982,0.57878008,7.81067298,7.85529838,1,1,1580.68958225,1
1044,0.48058186,0.53967389,0.55049152,0.69074406,0.55783101,7.77042965,7.81455847,1,1,1578.99277246,1
1045,0.46191005,0.56348218,0.54738883,0.72680852,0.57666506,7.88688239,7.90533765,1,1,1584.55407062,1
1046,0.48346978,0.57805593,0.54536097,0.74462146,0.59512921,7.60135219,7.6130302,1,1,107.15318966,1
1047,0.49474454,0.56545395,0.55037119,0.71192633,0.57332759,7.78935683,7.81817487,1,1,101.23540464,1
1048,0.49449338,0.55152177,0.54128802,0.72851089,0.57059184,7.71018245,7.74848421,1,1,100.649152,1
1049,0.51494619,0.54206091,0.53417464,0.72737499,0.55833632,7.67374422,7.72966237,1,1,100.11776026,1
1050,0.51502573,0.54255484,0.53435839,0.73165596,0.53734852,7.75441226,7.77725031,1,1,1581.357819,1
1051,0.4882712,0.54315223,0.5333681,0.75145346,0.54361856,7.65159409,7.67530771,1,1,1583.98883448,1
1052,0.49293275,0.51690991,0.53396637,0.77670507,0.56229715,7.69795672,7.70126698,1,1,1584.6282106,1
1053,0.49282165,0.52214172,0.55779662,0.81029946,0.56170084,7.4203081,7.43331812,1,1,1584.30153155,1
1054,0.48538352,0.51679591,0.55028943,0.78423853,0.58038832,7.64462314,7.66102685,1,1,103.00280062,1
1055,0.48773907,0.50642231,0.53411607,0.79409216,0.5972805,7.65419518,7.69371411,1,1,161.70736951,1
1056,0.4877153,0.50632853,0.53407909,0.76577321,0.579417,7.61063175,7.62390948,1,1,100.00034028,1
1057,0.49293365,0.56246503,0.53084897,0.79067278,0.59775926,7.49139976,7.50651773,1,1,1532.20683125,1
1058,0.52066123,0.56659357,0.52776239,0.74649536,0.58214374,7.58020332,7.62200929,1,1,103.40348738,1
1059,0.53957923,0.5666465,0.51406138,0.78116254,0.58207632,7.6307838,7.64973258,1,1,164.79248998,1
1060,0.53399753,0.55306081,0.52663608,0.75622165,0.59995806,7.82543747,7.84657912,1,1,100.00935508,1
1061,0.5338484,0.55242696,0.52660147,0.78883756,0.57810281,7.68325725,7.71233064,1,1,1564.78898201,1
1062,0.51566229,0.54093841,0.54036057,0.81211397,0.55792624,7.68380515,7.72603015,1,1,1528.7625521,1
1063,0.4969907,0.53365969,0.53502111,0.8456908,0.5390376,7.87509885,7.89670291,1,1,102.02327976,1
1064,0.49193721,0.51830936,0.55374039,0.83189601,0.51845663,7.71873382,7.74402815,1,1,105.63414508,1
1065,0.49170021,0.53757034,0.54674834,0.82974618,0.50905153,7.69377561,7.75098351,1,1,1584.6635424,1
1066,0.51029949,0.50657718,0.5503593,0.78857354,0.49705037,7.651245,7.68484316,1,1,478.28475207,1
1067,0.51049825,0.51852458,0.53608743,0.80058123,0.43340135,7.80254788,7.88027761,1,1,111.90464641,0
1068,0.51041264,0.51891499,0.5359867,0.87477611,0.4055616,7.71714637,7.78259504,1,1,1434.32296672,0
1069,0.44810676,0.45862941,0.40456565,0.96320604,0.45512088,7.76719944,7.78979438,1,1,1534.21632203,0
1070,0.35503156,0.49898034,0.26871984,1,0.38655976,7.70996507,7.71459562,1,1,100.92718145,0
1071,0.26998396,0.53706551,0.13557688,0.87007763,0.4354544,7.79923392,7.80433023,1,1,256.8549236,0
1072,0.20570166,0.55691007,0.04141498,0.96876486,0.4838613,7.70719093,7.74626891,1,1,104.53090943,0
1073,0.20567527,0.55662915,0.04123307,1,0.53339906,7.64704847,7.67782759,1,1,1584.88529116,0
1074,0.28026845,0.61841782,0.17867179,0.95195084,0.55694023,7.66240132,7.69501946,1,1,100.39116504,0
1075,0.376926,0.59762021,0.30163627,1,0.600021,7.59629906,7.67072843,1,1,1432.11549508,0
1076,0.48298548,0.56768708,0.49494224,1,0.64385097,7.71813981,7.7726828,1,1,100.00005189,0
1077,0.59531563,0.50896819,0.66843231,0.87000972,0.57395749,7.68704175,7.75227134,1,1,100.05370062,0
1078,0.70532574,0.4863318,0.80703946,0.74414355,0.60636621,7.71573057,7.74174585,1,1,1560.84761152,0
1079,0.7417708,0.48019294,0.88310089,0.80516548,0.64886235,7.72761954,7.78747445,1,1,1584.88335007,0
1080,0.74194915,0.47927265,0.88295,0.91546096,0.58771053,7.66326475,7.72142537,1,1,100.00001101,0
1081,0.67141744,0.44774358,0.77039432,1,0.51979035,7.69893667,7.71522312,1,1,1584.83326423,0
1082,0.58740904,0.44604755,0.61885853,0.87957388,0.45186019,7.51097776,7.54564102,1,1,100.00000232,0
1083,0.45312825,0.46967159,0.40945529,0.75346824,0.42637304,7.63592684,7.6518129,1,1,108.05753192,0
1084,0.34937298,0.48138234,0.21758301,0.63739107,0.36132723,7.75659752,7.82179894,1,1,351.19155587,0
1085,0.25337891,0.50486412,0.0608198,0.7518478,0.41742578,7.88330518,7.88504317,1,1,1101.24449909,0
1086,0.18405902,0.5171069,0.96250009,0.63337405,0.47237595,7.63807338,7.71398996,1,1,1583.24456233,0
1087,0.18417231,0.51733647,0.96256765,0.75004519,0.41010127,7.62019289,7.67474764,1,1,100.33690114,0
1088,0.27644751,0.59394171,0.85714053,0.62699824,0.43314599,7.7450076,7.75813368,1,1,100.00000324,0
1089,0.36789252,0.57581424,0.69523033,0.69014926,0.37095876,7.68981707,7.70898892,1,1,1196.0803418,0
1090,0.48450646,0.56557392,0.54264335,0.60635681,0.31868357,7.5617634,7.5918299,1,1,1579.90514186,0
1091,0.62655226,0.52785241,0.3401789,0.53893075,0.37317476,7.69087874,7.71693317,1,1,1584.86621108,0
1092,0.71096988,0.53258698,0.20918552,0.65197284,0.31246881,7.7770674,7.80327173,1,1,104.24648976,0
1093,0.79106444,0.52567346,0.1107903,0.67284582,0.29460249,7.7234011,7.75911165,1,1,120.43525387,0
1094,0.7912231,0.52554225,0.11083204,0.75513271,0.34831617,7.78390135,7.85097342,1,1,100.00186875,0
1095,0.71672968,0.47650412,0.24270189,0.68899384,0.39011395,7.76006587,7.80409286,1,1,100.2723542,0
1096,0.64425261,0.47796606,0.3702067,0.56695578,0.35788463,7.81414078,7.85326631,1,1,100.19140095,0
1097,0.49130467,0.46283239,0.54139424,0.44752086,0.41358481,7.69069397,7.73809645,1,1,100.00249202,0
1098,0.37403006,0.47778859,0.72945736,0.32993375,0.3558,7.5999269,7.67349934,1,1,1554.92770959,0
1099,0.28754543,0.47526058,0.85138596,0.45225157,0.405633,7.73544097,7.78566083,1,1,100.0,0
1100,0.22671684,0.46298449,0.95203654,0.50292502,0.34669364,7.58177423,7.6193988,1,1,217.48387862,0
1101,0.22685049,0.46292072,0.95199624,0.62132636,0.40570371,7.38426032,7.45566308,1,1,611.44886049,0
1102,0.32645071,0.54524181,0.84755402,0.67004371,0.35659699,7.76070959,7.78184952,1,1,114.90234101,0
1103,0.41056996,0.54077729,0.68402951,0.68081795,0.34386441,7.63222569,7.6525157,1,1,100.00505565,1
1104,0.53786549,0.56060541,0.50874512,0.63720215,0.35068473,7.65748185,7.70826892,1,1,100.15357555,1
1105,0.68035282,0.58944757,0.30504406,0.67298324,0.36019923,7.45019375,7.50159623,1,1,100.00040423,1
1106,0.75699001,0.57165797,0.17443792,0.62967956,0.34453471,7.74996462,7.79802555,1,1,100.08811877,1
1107,0.80134232,0.58744838,0.07236531,0.66191275,0.36737317,7.62133801,7.66665665,1,1,1566.1686689,1
1108,0.80134409,0.587016,0.07257101,0.68645229,0.35003935,7.70687447,7.76901628,1,1,100.00005957,1
1109,0.78915886,0.52872455,0.07698323,0.71233772,0.3727811,7.76641272,7.82347018,1,1,1577.09463023,1
1110,0.80605525,0.51969033,0.07918895,0.67217354,0.39409493,7.85711006,7.89223867,1,1,101.20602376,1
1111,0.77967641,0.52678014,0.08516701,0.68443661,0.39781003,7.82275559,7.82330693,1,1,113.44308033,1
1112,0.78508459,0.52971805,0.0909089,0.72072434,0.39991643,7.68797849,7.76409398,1,1,614.49985477,1
1113,0.74723883,0.52053895,0.09757078,0.71368852,0.38237989,7.74376265,7.75108601,1,1,100.00031109,1
1114,0.72629066,0.54164397,0.10545485,0.73669719,0.36673387,7.67173618,7.70720931,1,1,839.9751444,1
1115,0.70899317,0.52216418,0.11203385,0.77192255,0.35239465,7.64534612,7.66786688,1,1,100.00017083,1
1116,0.68527948,0.52852998,0.11398228,0.80646586,0.3750673,7.65944755,7.7162146,1,1,283.41682337,1
1117,0.68620199,0.53730149,0.11829532,0.84012923,0.39739436,7.78553409,7.80366009,1,1,140.41284347,1
1118,0.69956089,0.52460589,0.11936994,0.86480114,0.38659451,7.61970914,7.68390222,1,1,224.47650834,1
1119,0.69250303,0.52723891,0.1256333,0.87805238,0.37390183,7.9461013,7.95203949,1,1,100.00129324,1
1120,0.69263335,0.52709998,0.12554339,0.87453217,0.36703371,7.71832827,7.72960936,1,1,1584.80837069,1
1121,0.69358588,0.47063179,0.1302065,0.82704252,0.38672964,7.56447583,7.60691149,1,1,100.00000003,1
1122,0.69175411,0.47707074,0.1351811,0.85915085,0.39300236,7.74940203,7.75834617,1,1,107.13951174,1
1123,0.66873182,0.45891861,0.14006438,0.88763944,0.41102806,7.63793556,7.65290964,1,1,1584.89319008,1
1124,0.68166155,0.45881316,0.1526385,0.91976292,0.42786558,7.64463912,7.71869994,1,1,1580.94870575,1
1125,0.66041964,0.48243394,0.16458731,0.87179468,0.44680858,7.59175809,7.61300396,1,1,100.00001276,1
1126,0.64033045,0.47677308,0.16318828,0.84256432,0.43585254,7.76133895,7.79519697,1,1,100.15857188,1
1127,0.62492443,0.48687081,0.17193378,0.86705796,0.45531917,7.56794497,7.61954677,1,1,101.55900403,1
1128,0.60555214,0.47360592,0.18064972,0.89791436,0.43943645,7.65801215,7.72760361,1,1,100.00029279,1
1129,0.60610632,0.49964859,0.17836704,0.92957744,0.42489265,7.77663605,7.79658325,1,1,100.82352643,1
1130,0.60618968,0.49948154,0.17826581,0.88101608,0.44606413,7.70539365,7.70809929,1,1,100.36250265,1
1131,0.62273359,0.47481356,0.18723712,0.83723346,0.42714557,7.75851168,7.77808889,1,1,1011.98438218,1
1132,0.60106138,0.47431969,0.19581019,0.80682214,0.40863915,7.71293486,7.74792154,1,1,100.00802607,1
1133,0.58551674,0.46255185,0.20627839,0.83998371,0.41995802,7.76830687,7.84062533,1,1,200.38918179,1
1134,0.56032381,0.47073378,0.22476873,0.86616852,0.43495332,7.61899059,7.69203935,1,1,175.33217007,1
1135,0.57313864,0.47736755,0.23354699,0.85786747,0.45366083,7.78909114,7.83019857,1,1,111.59372719,1
1136,0.54474766,0.47155398,0.23053743,0.81071152,0.46911737,7.55657847,7.60443429,1,1,684.64174335,1
1137,0.5399779,0.48802719,0.2374117,0.84015307,0.45129333,7.51389771,7.5409584,1,1,1575.21704497,1
1138,0.53984873,0.48832417,0.23735436,0.79343777,0.46948651,7.79471955,7.79606269,1,1,1584.87821657,1
1139,0.54126015,0.44823512,0.25200947,0.75801418,0.45103506,7.69226333,7.7456157,1,1,1569.17879677,1
1140,0.53110571,0.45129442,0.2777103,0.71378556,0.47069123,7.64890685,7.6534139,1,1,109.31069062,1
1141,0.53202506,0.45812194,0.28728299,0.74885882,0.49126874,7.66030585,7.69704723,1,1,1283.67820602,1
1142,0.50030444,0.46161407,0.3127064,0.77832386,0.51060507,7.95191556,7.99207028,1,1,726.88498123,1
1143,0.49659796,0.46206386,0.31079302,0.73276825,0.49994156,7.6189978,7.67666818,1,1,100.00041077,1
1144,0.49666843,0.46233495,0.31087664,0.7680187,0.49539193,7.59046107,7.62867414,1,1,389.96708639,1
1145,0.54952877,0.48112485,0.32403364,0.80228089,0.48995981,7.74070005,7.79245026,1,1,132.20259112,1
1146,0.53984286,0.47988471,0.34933593,0.82086772,0.48038522,7.72819468,7.75751337,1,1,1296.81810996,1
1147,0.55039088,0.51107475,0.35619551,0.84833372,0.46156229,7.69044543,7.71227709,1,1,1145.46448566,1
1148,0.55149143,0.49268008,0.36238654,0.80138704,0.482153,7.67424521,7.75034983,1,1,100.01488098,1
1149,0.55352534,0.50698375,0.36373645,0.83231326,0.49394581,7.58517385,7.63759525,1,1,100.18893695,1
1150,0.5535092,0.505884,0.36381643,0.80249879,0.50872802,7.79696955,7.84670027,1,1,418.12222231,1
1151,0.57771217,0.47952009,0.37206965,0.75707087,0.52634036,7.72729539,7.7890283,1,1,156.38690115,1
1152,0.55620653,0.48768184,0.38246037,0.77409696,0.53379263,7.70220767,7.70413519,1,1,100.00014474,1
1153,0.55452052,0.47842394,0.38739831,0.73732588,0.51556036,7.72972381,7.79949083,1,1,1580.81933896,1
1154,0.51574192,0.4873209,0.40987961,0.76789756,0.53519707,7.56280014,7.62165184,1,1,100.01963697,1
1155,0.50772096,0.47896396,0.41426275,0.80108579,0.55189198,7.63759998,7.68490792,1,1,1532.60354392,1
1156,0.52799424,0.50676807,0.41944468,0.75536137,0.53085456,7.78205578,7.85863626,1,1,182.24005439,1
1157,0.52790563,0.50601183,0.41937449,0.77734596,0.52806542,7.75828336,7.80293714,1,1,100.00000321,1
1158,0.55155069,0.46291144,0.4381604,0.81030767,0.50754896,7.52776781,7.55208211,1,1,100.03947943,1
1159,0.54479318,0.46158007,0.44182131,0.78252128,0.51076675,7.79769956,7.81133086,1,1,104.16392266,1
1160,0.51677268,0.46487255,0.46694806,0.73818554,0.51022503,7.85206976,7.92203547,1,1,105.92716092,1
1161,0.51731163,0.48210698,0.44950104,0.71756466,0.53000992,7.59167638,7.62921929,1,1,100.00000053,1
1162,0.51616703,0.50318974,0.46893416,0.67822069,0.54503827,7.57872368,7.61138182,1,1,100.82249052,1
1163,0.51602742,0.50344802,0.46890044,0.63952806,0.54440241,7.63422805,7.6913554,1,1,268.16658977,1
1164,0.4941049,0.47928579,0.48469366,0.59831542,0.52731803,7.67334184,7.68286179,1,1,1568.45128481,1
1165,0.48852649,0.48876671,0.47346795,0.55711064,0.51709839,7.69972495,7.70064023,1,1,102.70473137,1
1166,0.50279674,0.4809779,0.49605546,0.54564389,0.53300266,7.57632735,7.63990891,1,1,1584.717972,1
1167,0.4819228,0.4682642,0.49863623,0.5051095,0.5127862,7.47760579,7.50423329,1,1,1584.43462965,1
1168,0.50292023,0.47414359,0.50422703,0.53153979,0.5108309,7.88300562,7.9358624,1,1,1580.38337098,1
1169,0.50298598,0.47374657,0.50418851,0.5708615,0.5078844,7.91273387,7.97780208,1,1,395.80643426,1
1170,0.56694186,0.4886409,0.53225537,0.53016852,0.48809279,7.74988543,7.82482482,1,1,223.79680377,1
1171,0.54492419,0.50648824,0.52284742,0.48956874,0.50825959,7.71810495,7.73740758,1,1,174.78883162,1
1172,0.54325044,0.49190188,0.51873227,0.51820406,0.48937132,7.82396516,7.82537635,1,1,100.00023692,1
1173,0.53052272,0.5089009,0.50732481,0.49188185,0.46976299,7.36556527,7.40971922,1,1,104.28826765,1
1174,0.53688554,0.50996537,0.50855245,0.47594473,0.48538574,7.62230437,7.69541906,1,1,100.35639842,1
1175,0.5369066,0.50985524,0.50848207,0.50134539,0.48384804,7.83118636,7.87437953,1,1,100.01792856,1
1176,0.52333662,0.44911644,0.52250321,0.54131422,0.46419878,7.69214256,7.73226286,1,1,1502.28230728,1
1177,0.51174549,0.45567435,0.51272721,0.58038334,0.47428174,7.5079367,7.57904962,1,1,1584.01205863,1
1178,0.49896708,0.47013657,0.52481993,0.60874028,0.49475019,7.54656597,7.56557805,1,1,107.50106433,1
1179,0.50616022,0.46528696,0.50959776,0.63709517,0.5081101,7.59284772,7.65345056,1,1,100.00051564,1
1180,0.49391386,0.4523125,0.53455864,0.59589171,0.51531481,7.87419557,7.88257119,1,1,679.97242116,1
1181,0.49398321,0.45313245,0.53448554,0.63271842,0.50943994,7.75035168,7.80691828,1,1,100.07379865,1
1182,0.55137786,0.48047457,0.54832499,0.66808926,0.49073414,7.57432754,7.59486652,1,1,1584.03612571,1
1183,0.54496028,0.48696903,0.53255748,0.64327086,0.47092003,7.68263231,7.73180901,1,1,112.89463724,1
1184,0.54897221,0.48418395,0.5302315,0.6355033,0.45210772,7.66426036,7.71863171,1,1,1414.59249057,1
1185,0.55492296,0.49641719,0.53418773,0.66929638,0.47294297,7.44283876,7.45655267,1,1,1584.54441005,1
1186,0.53506206,0.51149756,0.55177639,0.6925951,0.45546244,7.72962788,7.76779808,1,1,102.19268804,1
1187,0.53513216,0.51133155,0.55174381,0.71691551,0.44138974,7.41868449,7.41991931,1,1,101.58505758,1
1188,0.51593498,0.44759251,0.54915371,0.67751784,0.45219949,7.75448087,7.81142856,1,1,133.07797781,1
1189,0.50620476,0.45056943,0.55116917,0.71340714,0.43595272,7.59448508,7.63122081,1,1,1584.88958764,1
1190,0.52428795,0.46373228,0.56610536,0.70008131,0.45550911,7.84100145,7.89862959,1,1,1146.43068318,1
1191,0.48871931,0.45533352,0.54845257,0.73601884,0.43706257,7.68887374,7.70552609,1,1,100.00000082,1
1192,0.49294833,0.46844137,0.55661473,0.77099729,0.43062015,7.61726632,7.63825475,1,1,100.00198264,1
1193,0.49299223,0.46827966,0.55672306,0.80141493,0.41303454,7.63037498,7.64704368,1,1,1584.42518397,1
1194,0.54263669,0.48792112,0.5729716,0.76077224,0.43202338,7.75472776,7.7958106,1,1,1267.21218716,1
1195,0.52975972,0.49374254,0.55818207,0.71570583,0.44399012,7.73620153,7.76854487,1,1,1558.19926529,1
1196,0.53961341,0.50059364,0.5768956,0.74772209,0.43796949,7.46450139,7.53106122,1,1,100.00885439,1
1197,0.52754908,0.51423942,0.5496457,0.77824239,0.45130587,7.67347243,7.69573783,1,1,1504.1596471,1
1198,0.52240133,0.51783391,0.55886022,0.81192948,0.47141448,7.70344992,7.74228885,1,1,1579.41602414,1
1199,0.52247818,0.51842264,0.55865901,0.7656918,0.46103278,7.66920018,7.69905542,1,1,1584.8929583,1
1200,0.54330663,0.48597527,0.58388964,0.7205794,0.48094597,7.65192967,7.65525424,1,1,100.00013566,1
1201,0.53891014,0.48251009,0.56713178,0.67632308,0.46378976,7.73353814,7.78153441,1,1,101.11090092,1
1202,0.49953581,0.51442593,0.54902148,0.63899932,0.48371745,7.8252498,7.84455914,1,1,313.43394524,1
1203,0.50310331,0.50479416,0.55957752,0.59663689,0.4641502,7.44013838,7.50494619,1,1,100.00555317,1
1204,0.48817938,0.52668737,0.53621139,0.57033271,0.44501003,7.6917826,7.70194684,1,1,100.44119867,1
1205,0.48813268,0.52700156,0.53612903,0.55873865,0.4660079,7.5163801,7.56808656,1,1,100.0000169,1
1206,0.46528126,0.55928928,0.54797907,0.56069864,0.45718303,7.67749319,7.71610181,1,1,217.94463861,1
1207,0.48223181,0.55516753,0.5554093,0.52190586,0.43892518,7.59515004,7.59618338,1,1,100.05658892,1
1208,0.48472247,0.54894089,0.54476016,0.55832457,0.46004608,7.59002856,7.60997046,1,1,1584.87796953,1
1209,0.49095661,0.53031705,0.53183039,0.51734715,0.47983202,7.66237094,7.71351722,1,1,100.11440296,1
1210,0.51026846,0.53572445,0.52014104,0.4853426,0.4614222,7.58670793,7.64861144,1,1,100.02540128,1
1211,0.51019431,0.53543856,0.52017378,0.44566575,0.45863333,7.90372366,7.92058401,1,1,1581.32737566,1
1212,0.48143885,0.51550316,0.53455941,0.48075654,0.47884158,7.64391097,7.70944532,1,1,100.00105097,1
1213,0.45978991,0.49222611,0.53989087,0.49238749,0.49769728,7.84917261,7.89694115,1,1,1168.97129097,1
1214,0.46584763,0.49597164,0.51529257,0.5323679,0.4778728,7.64878797,7.66159226,1,1,1331.58163038,1
1215,0.46984336,0.48928963,0.52772993,0.54646301,0.45897301,7.75635009,7.80563064,1,1,100.03461374,1
1216,0.4719107,0.48921748,0.52190002,0.58552862,0.43980681,7.53984701,7.54081276,1,1,101.77330597,1
1217,0.47201391,0.48987973,0.52197164,0.62232655,0.46099748,7.81006279,7.84863003,1,1,103.4706815,1
1218,0.49598736,0.55176426,0.53761872,0.58340516,0.44197286,7.73878841,7.75692461,1,1,100.00118454,1
1219,0.51643459,0.54083217,0.51991726,0.60866442,0.42510908,7.62286871,7.69058015,1,1,100.00000078,1
1220,0.52519506,0.53348557,0.52061094,0.64038112,0.43421003,7.65730743,7.72932067,1,1,100.35728964,1
1221,0.51961526,0.54966091,0.529832,0.62388627,0.42386857,7.66345022,7.69618748,1,1,100.00008819,1
1222,0.5195341,0.5189114,0.53441426,0.65777451,0.44495231,7.78808456,7.80274523,1,1,230.31722442,1
1223,0.51956489,0.51860578,0.53466577,0.62238639,0.44808205,7.61923416,7.64931096,1,1,101.14111974,1
1224,0.48151782,0.46553607,0.55754636,0.58556086,0.4373479,7.77360953,7.84096639,1,1,101.83857071,1
1225,0.49211064,0.47802463,0.55180205,0.62090763,0.42379937,7.66416412,7.67385028,1,1,1583.74149315,1
1226,0.48069276,0.48534632,0.54845098,0.59453711,0.41404733,7.64502947,7.66511535,1,1,653.65740109,1
1227,0.48008928,0.46421729,0.53446566,0.62923433,0.43569693,7.62797354,7.67221498,1,1,1390.41737516,1
1228,0.49173111,0.47836866,0.52035798,0.66076604,0.42020529,7.49948524,7.54989986,1,1,1580.90286841,1
1229,0.49171709,0.47829184,0.52029612,0.61756968,0.40180559,7.51904043,7.54179594,1,1,100.0001462,1
1230,0.54327045,0.53980244,0.52930892,0.6373214,0.38384448,7.81141378,7.8792887,1,1,1552.62896275,1
1231,0.54759798,0.53074393,0.51540633,0.67445346,0.3993685,7.69956128,7.73105908,1,1,100.00066899,1
1232,0.54718726,0.52661239,0.51045534,0.70689331,0.3853848,7.86858234,7.91777567,1,1,1556.15222377,1
1233,0.54119535,0.5371517,0.50893392,0.72096511,0.39453976,7.72287811,7.78425094,1,1,100.00422892,1
1234,0.54122478,0.53781701,0.50905255,0.74281342,0.41231884,7.68719886,7.68786226,1,1,1306.30047183,1
1235,0.51632895,0.48412964,0.51231297,0.76948632,0.3941191,7.48975976,7.51649601,1,1,116.68229,1
1236,0.52829931,0.48672522,0.52389298,0.72409773,0.38812964,7.66344323,7.7136962,1,1,1584.48525479,1
1237,0.52235412,0.48516786,0.51066942,0.71967925,0.37821328,7.82302474,7.87440448,1,1,101.29718568,1
1238,0.49943608,0.49706476,0.51515836,0.75225263,0.37592633,7.81599798,7.86618673,1,1,1580.59674771,1
1239,0.49825879,0.48635937,0.53641137,0.70762544,0.36097085,7.83711286,7.84374855,1,1,355.90552549,1
1240,0.49834205,0.48607881,0.53643384,0.67232085,0.34382282,7.93068046,7.97438601,1,1,105.29568855,1
1241,0.4706112,0.53341962,0.51546637,0.64086194,0.32774471,7.51204641,7.56245859,1,1,455.40741271,1
1242,0.48423196,0.51899714,0.48280869,0.60166535,0.31497603,7.60471486,7.62079885,1,1,1583.87460279,1
1243,0.49837217,0.51268063,0.46806188,0.58629017,0.29872087,7.7654675,7.78230899,1,1,1391.52318966,1
1244,0.50284521,0.49764793,0.43457225,0.60100362,0.28445014,7.8740065,7.88598838,1,1,100.00100857,1
1245,0.50291817,0.49814764,0.43446461,0.56939904,0.28076591,7.93650688,7.99715261,1,1,100.00002348,1
1246,0.58138282,0.5331901,0.4478413,0.52801231,0.30515052,7.67859344,7.73042939,1,1,243.87130106,1
1247,0.56471531,0.51500103,0.46383331,0.51752829,0.29019711,7.55412616,7.6044509,1,1,232.24111041,1
1248,0.55948265,0.53629571,0.46668253,0.4784739,0.28648783,7.50710504,7.55988325,1,1,100.01234704,1
1249,0.5679616,0.53987263,0.46572678,0.51884209,0.30881306,7.69147776,7.69416926,1,1,101.16248182,1
1250,0.5446653,0.56370824,0.466245,0.55737302,0.29266435,7.63397096,7.7065365,1,1,1570.95202867,1
1251,0.54457351,0.56401647,0.46618237,0.53713758,0.31674589,7.69690566,7.74962079,1,1,324.10288508,1
1252,0.53377031,0.53183796,0.48963179,0.50074345,0.30716898,7.63156016,7.64877796,1,1,100.0012312,1
1253,0.54158018,0.53921506,0.49265939,0.5209192,0.29109968,7.75329582,7.81041502,1,1,1201.04749831,1
1254,0.5125306,0.54130706,0.49638309,0.55071092,0.27873553,7.52713216,7.55976264,1,1,1560.81937849,1
1255,0.51853635,0.53516136,0.4881205,0.57084435,0.26759586,7.74471224,7.80632964,1,1,108.97732908,1
1256,0.50779411,0.53149935,0.47571637,0.53365653,0.26369219,7.6394102,7.70588841,1,1,100.11799018,1
1257,0.50784944,0.53139565,0.47551996,0.53124818,0.28667835,7.87943603,7.95411136,1,1,1584.82524532,1
1258,0.46791656,0.49273893,0.49980842,0.54888475,0.30824509,7.80085077,7.86179455,1,1,1584.88382223,1
1259,0.47030969,0.50324301,0.50771016,0.58666048,0.32226096,7.669129,7.70067226,1,1,1584.89304967,1
1260,0.46244466,0.50893464,0.48863311,0.61833831,0.34337101,7.81158809,7.81533007,1,1,100.00001075,1
1261,0.4740649,0.49173437,0.51331724,0.58815565,0.36649166,7.5034558,7.54400056,1,1,918.35864649,1
1262,0.48086765,0.50290257,0.50900798,0.54663564,0.38822376,7.70721154,7.75578058,1,1,100.11294521,1
1263,0.48082019,0.50281287,0.5090821,0.50570437,0.37382542,7.5030141,7.5468918,1,1,1571.5413019,1
1264,0.48057577,0.57944706,0.5330675,0.54450147,0.3575561,7.76274647,7.8137413,1,1,1496.78827184,1
1265,0.47514628,0.58870595,0.52268594,0.50364039,0.36156021,7.78256414,7.8570163,1,1,1544.67822851,1
1266,0.50074059,0.56072721,0.52852822,0.50181318,0.36996265,7.53185177,7.54186423,1,1,1528.73478544,1
1267,0.49856341,0.54200795,0.52662193,0.512529,0.35267142,7.68141484,7.75477682,1,1,100.74344344,1
1268,0.52704307,0.55611776,0.50598382,0.55170277,0.35783678,7.84150705,7.84618516,1,1,119.64498101,1
1269,0.52718111,0.55626504,0.50586401,0.58300981,0.34079042,7.43426183,7.45457254,1,1,1545.9370934,1
1270,0.52883286,0.50306873,0.52998186,0.60805297,0.36396632,7.52855813,7.57536985,1,1,100.08949572,1
1271,0.50914128,0.51771243,0.51352418,0.569183,0.38642773,7.83902345,7.90516015,1,1,424.81173011,1
1272,0.48858703,0.50379627,0.52800128,0.52781049,0.36877796,7.71896632,7.77399467,1,1,460.51338237,1
1273,0.50532545,0.50874955,0.53052389,0.49673536,0.39133596,7.81940951,7.85227584,1,1,1584.89305394,1
1274,0.48886955,0.51292371,0.50408094,0.53666332,0.3746404,7.76550056,7.77544014,1,1,100.12125599,1
1275,0.48875637,0.51312677,0.50424789,0.57552447,0.36509101,7.5182152,7.53377862,1,1,272.70504482,1
1276,0.54098229,0.58486822,0.50963149,0.59607591,0.38593162,7.7209638,7.74289832,1,1,100.1432186,1
1277,0.53107348,0.57468109,0.5153908,0.55533956,0.38400037,7.46314014,7.51385485,1,1,100.00076428,1
1278,0.53800918,0.55574035,0.52486132,0.52299462,0.37475743,7.89777226,7.96296819,1,1,102.97252347,1
1279,0.55106782,0.58191458,0.50070271,0.53008195,0.37019678,7.52859297,7.53097113,1,1,100.06460347,1
1280,0.544357,0.56837212,0.50501358,0.56785484,0.36532729,7.90207602,7.97556248,1,1,100.00002258,1
1281,0.54433683,0.56806696,0.50507909,0.60425865,0.34861778,7.69142046,7.71426113,1,1,1579.14046544,1
1282,0.51086068,0.53212663,0.52223353,0.63533069,0.3316699,7.70711976,7.72544687,1,1,722.96095184,1
1283,0.50518002,0.53228388,0.51992575,0.61835617,0.31595348,7.66592897,7.71616498,1,1,101.32098427,1
1284,0.50587992,0.53578796,0.52322142,0.61511968,0.33372003,8.00575419,8.05091663,1,1,100.00160578,1
1285,0.50267293,0.51774593,0.51454317,0.65139847,0.3409942,7.57895318,7.62423535,1,1,127.81621182,1
1286,0.49983661,0.5132807,0.51524859,0.61034825,0.32427017,7.56638233,7.57196737,1,1,100.08287224,1
1287,0.50085645,0.53342436,0.52655511,0.6444433,0.34763276,7.81313339,7.84895225,1,1,192.09867425,1
1288,0.50087865,0.53364457,0.52645837,0.60714454,0.36819161,7.72763558,7.7384229,1,1,308.41546027,1
1289,0.47506082,0.53560057,0.54154766,0.64272197,0.35091885,7.7964077,7.82854871,1,1,619.48846014,1
1290,0.48998157,0.54821446,0.54337353,0.67648251,0.36541748,7.6267649,7.65033211,1,1,100.00065687,1
1291,0.49625302,0.51701598,0.54595214,0.69036224,0.38804288,7.75754385,7.8132908,1,1,255.46984827,1
1292,0.47633827,0.51797553,0.53006638,0.70549369,0.3702845,7.43112161,7.46628704,1,1,102.11206969,1
1293,0.49877577,0.52120425,0.53854392,0.6661491,0.39280967,7.78017656,7.85628913,1,1,1581.08835128,1
1294,0.49874254,0.52144263,0.53875384,0.70249272,0.37495863,7.53047339,7.59323664,1,1,101.62712434,1
1295,0.47737806,0.52328741,0.54233061,0.65908731,0.39734099,7.68306387,7.68435555,1,1,1483.93931516,1
1296,0.479487,0.54164375,0.51270011,0.61928355,0.37967135,7.86858242,7.86915195,1,1,1581.35650715,1
1297,0.48960507,0.51555834,0.51882187,0.57709994,0.39662502,7.63712063,7.70060822,1,1,110.95589158,1
1298,0.48308171,0.5131319,0.48894666,0.53596844,0.38224693,7.64518492,7.70796844,1,1,1584.50331642,1
1299,0.48301283,0.51358652,0.48888384,0.524776,0.37912146,7.61094095,7.64351742,1,1,1515.19325081,1
1300,0.52031966,0.58384127,0.51758917,0.56330588,0.37454858,7.87927179,7.89679116,1,1,1125.2336785,1
1301,0.51903231,0.56849652,0.51354901,0.54271367,0.39693032,7.50611075,7.55245891,1,1,100.2760471,1
1302,0.5225325,0.58262729,0.51995186,0.55787689,0.41410094,7.85417473,7.90177428,1,1,192.23571266,1
1303,0.53588118,0.57735512,0.52074956,0.59665924,0.43002982,7.6856378,7.73570843,1,1,100.63204902,1
1304,0.53697083,0.5694084,0.5159419,0.63373872,0.43109692,7.31701192,7.36063564,1,1,100.00071513,1
1305,0.53691809,0.56962589,0.51585873,0.66945447,0.42022607,7.77011362,7.84195318,1,1,100.01384078,1
1306,0.50512713,0.54729919,0.52176379,0.63303361,0.43898125,7.46371171,7.46646632,1,1,879.37084416,1
1307,0.52521462,0.54779933,0.51962976,0.59152923,0.42200829,8.06211971,8.06240344,1,1,100.00346794,1
1308,0.50641755,0.54197876,0.51936931,0.6202032,0.44127096,7.69171412,7.70293956,1,1,100.01027453,1
1309,0.51614987,0.52977264,0.51471053,0.57864847,0.42245576,7.64483688,7.67700095,1,1,570.56811578,1
1310,0.51177685,0.52713698,0.5170978,0.54183497,0.43325195,7.6867415,7.74127811,1,1,1571.22754113,1
1311,0.51172725,0.52767134,0.51702308,0.57335464,0.44101933,7.75843664,7.77109392,1,1,186.72213534,1
1312,0.47494345,0.53062721,0.52950006,0.53453343,0.42302915,7.65973453,7.72392364,1,1,265.93463155,1
1313,0.48853208,0.51724087,0.53917007,0.50962196,0.44310975,7.45079715,7.46183094,1,1,258.56305517,1
1314,0.49178454,0.50489517,0.51789871,0.46943316,0.44567869,7.49543372,7.56181331,1,1,1584.87855034,1
1315,0.49158816,0.49349938,0.5411205,0.43432708,0.46420224,7.81645183,7.82389351,1,1,588.15207853,1
1316,0.4999676,0.49313946,0.53476541,0.39871897,0.46898576,7.70969663,7.77002453,1,1,223.08534522,1
1317,0.50006033,0.49356662,0.53487205,0.43929523,0.47091409,7.65454284,7.69057834,1,1,485.57445921,1
1318,0.4704583,0.4841724,0.55971545,0.4599554,0.47658457,7.90985111,7.93740838,1,1,1535.91105098,1
1319,0.47493688,0.49416565,0.54142898,0.48777142,0.47659092,7.73938836,7.80872167,1,1,1365.47342909,1
1320,0.48497818,0.47237818,0.52162602,0.44972429,0.49699223,7.79351532,7.85074608,1,1,100.0043277,1
1321,0.4946608,0.46801302,0.54122682,0.45489213,0.49892563,7.55794862,7.59992559,1,1,1441.43549413,1
1322,0.50224434,0.46750607,0.51251145,0.47090198,0.51812323,7.93923405,7.98451146,1,1,1580.57593712,1
1323,0.502149,0.46756748,0.5124268,0.45594652,0.5350469,7.68643717,7.75753601,1,1,100.46006271,1
1324,0.53998939,0.47843058,0.51548104,0.42038982,0.5143525,7.65214778,7.70195311,1,1,100.00257683,1
1325,0.54487565,0.50110785,0.52062714,0.38441196,0.51621511,7.65887357,7.69372206,1,1,123.9600722,1
1326,0.55450659,0.50644073,0.52979075,0.42614014,0.50683107,7.68235639,7.75438854,1,1,100.00182512,1
1327,0.5517905,0.50820139,0.52681953,0.388501,0.52659164,7.45838697,7.47199036,1,1,100.00430151,1
1328,0.53569013,0.5048832,0.52941853,0.42535504,0.54158311,7.79315358,7.86311303,1,1,1271.25349804,1
1329,0.5357036,0.50530373,0.52921509,0.42663959,0.52155024,7.95144437,8.02753817,1,1,100.015663,1
1330,0.53656233,0.46454651,0.54314256,0.42739075,0.54111516,7.5252663,7.56377756,1,1,100.0033928,1
1331,0.51676754,0.46340613,0.53941523,0.38895346,0.55845497,7.71460813,7.71520777,1,1,1584.89140686,1
1332,0.50050635,0.46158235,0.5412693,0.35140068,0.53745927,7.83080352,7.86632358,1,1,1221.0645266,1
1333,0.48894099,0.46727508,0.55114093,0.36595937,0.53897381,7.48674005,7.53093004,1,1,215.57915339,1
1334,0.50090304,0.4799755,0.52481064,0.40588995,0.51851719,7.70833198,7.74526133,1,1,1550.5003576,1
1335,0.50089974,0.47957885,0.52492972,0.44469494,0.53814609,7.5106278,7.51282983,1,1,179.35552902,1
1336,0.56125608,0.4872851,0.53067735,0.46605738,0.51852927,7.67656832,7.7491948,1,1,417.5062568,1
1337,0.54713406,0.51050635,0.53144772,0.4272692,0.49816223,7.53173366,7.56028987,1,1,100.0,1
1338,0.54637315,0.50748805,0.53298962,0.46675946,0.51796047,7.79496612,7.80369101,1,1,100.03258608,1
1339,0.53563419,0.52108357,0.51532072,0.50694388,0.50234004,7.72913338,7.76143787,1,1,279.9041135,1
1340,0.53541562,0.52025182,0.51538187,0.54092668,0.48229348,7.76156956,7.80536169,1,1,101.20340679,1
1341,0.56608702,0.47344489,0.533504,0.50044178,0.49084568,7.30785364,7.31098888,1,1,100.01735198,1
1342,0.55453014,0.4714505,0.52106349,0.51551556,0.4766554,7.7923796,7.80080763,1,1,100.00025453,1
1343,0.55039018,0.49765279,0.5353434,0.54894884,0.45717466,7.72607936,7.76970076,1,1,100.00169818,1
1344,0.52724694,0.48833308,0.51428054,0.58143481,0.47802728,7.80284706,7.80646374,1,1,103.84425251,1
1345,0.50952385,0.49366093,0.51755604,0.54226935,0.49152021,7.54441135,7.59616352,1,1,101.74986651,1
1346,0.50958019,0.49447728,0.51770807,0.53055094,0.47191462,7.71660244,7.77985006,1,1,494.39670513,1
1347,0.48401901,0.45950609,0.54201588,0.56990631,0.49206713,7.6673013,7.70425376,1,1,1183.15074706,1
1348,0.4767048,0.46499023,0.51309645,0.53458888,0.50199915,7.85175244,7.90025402,1,1,104.45558081,1
1349,0.48471575,0.44921109,0.5162865,0.56504003,0.52194198,7.56750845,7.61660091,1,1,1584.89086871,1
1350,0.4701337,0.46942041,0.51932922,0.60281202,0.50724264,7.5389502,7.57793021,1,1,1542.05498707,1
1351,0.46060354,0.45245346,0.50826707,0.59591547,0.4935893,7.74007398,7.74678616,1,1,114.65764596,1
1352,0.46055488,0.45340524,0.50832114,0.6306795,0.49605576,7.85059842,7.86494923,1,1,100.00164804,1
1353,0.50197964,0.52790279,0.52263337,0.59035809,0.47994764,7.74529794,7.81927342,1,1,1584.87226677,1
1354,0.53029407,0.51655621,0.51720027,0.55954815,0.46049114,7.8227505,7.83884235,1,1,214.75084245,1
1355,0.53542841,0.53730342,0.52644746,0.57619213,0.45034197,7.66309207,7.69054107,1,1,102.03512856,1
1356,0.53078135,0.51302293,0.51506553,0.61396043,0.43191816,7.45835006,7.48306051,1,1,139.09422763,1
1357,0.53334231,0.52790417,0.52475252,0.57710939,0.41835961,7.61803292,7.69259289,1,1,1573.77532004,1
1358,0.53323983,0.52863351,0.52481568,0.61554177,0.43946892,7.66728479,7.69958177,1,1,427.25252084,1
1359,0.54220224,0.4964583,0.54186071,0.6197278,0.42351583,7.60027253,7.62749053,1,1,1577.58693247,1
1360,0.54883217,0.50387006,0.54618297,0.57859188,0.40510026,7.85034537,7.89771075,1,1,855.31049666,1
1361,0.53071995,0.50521637,0.5442758,0.59545642,0.40311097,7.92976328,7.94976077,1,1,420.18439759,1
1362,0.5224008,0.5070103,0.52983412,0.55379532,0.40139931,7.60330032,7.64167746,1,1,1489.472994,1
1363,0.51389684,0.52849686,0.54445685,0.53034676,0.42275379,7.68253818,7.73044249,1,1,100.87592366,1
1364,0.51377069,0.52808297,0.5445071,0.49099609,0.43837164,7.88060596,7.92469918,1,1,100.15170973,1
1365,0.49476273,0.49635414,0.5691967,0.53116722,0.45945926,7.80831225,7.880917,1,1,100.02183823,1
1366,0.48242726,0.50880181,0.55579221,0.50057769,0.45259012,7.58285012,7.65481079,1,1,162.30969548,1
1367,0.47482985,0.49508527,0.5255994,0.46352855,0.45530169,7.82143617,7.88498122,1,1,1583.75682542,1
1368,0.47861154,0.49511874,0.52490378,0.43000302,0.47351636,7.66318068,7.66377428,1,1,100.00091915,1
1369,0.47860006,0.49505585,0.52489594,0.39681749,0.45684899,7.45031039,7.52023968,1,1,1520.64192721,1
1370,0.47825492,0.5907998,0.52890542,0.43221556,0.47769891,7.66114365,7.66203037,1,1,100.85068981,1
1371,0.48499787,0.58120927,0.53446984,0.39359092,0.45867369,7.62218931,7.6872388,1,1,1002.40124173,1
1372,0.51690641,0.55123105,0.54681253,0.43265634,0.47862972,7.77369857,7.82110212,1,1,204.48099349,1
1373,0.53094322,0.55482988,0.52341146,0.40153875,0.49863972,7.65845543,7.69974817,1,1,100.30730248,1
1374,0.51904923,0.54004051,0.52933118,0.36788523,0.51817964,7.6721594,7.73913597,1,1,100.00006605,1
1375,0.51909119,0.53995894,0.52917736,0.33088847,0.52845467,7.69704329,7.73688744,1,1,100.0001143,1
1376,0.47802712,0.52432773,0.55587237,0.29825479,0.52789865,7.92439382,7.9693507,1,1,100.63523559,1
1377,0.48115317,0.50845759,0.55626528,0.33309537,0.5323101,7.71159259,7.74137919,1,1,104.27423117,1
1378,0.48521072,0.50682241,0.53146002,0.36964344,0.51174734,7.75301209,7.78009658,1,1,1584.87416602,1
1379,0.48009073,0.51106956,0.54957105,0.41220679,0.53143907,7.75205961,7.78946235,1,1,1584.89298879,1
1380,0.49565522,0.50787408,0.55079385,0.45231246,0.5108997,7.57221407,7.64743197,1,1,424.42178455,1
1381,0.49562914,0.50866965,0.55080486,0.46829787,0.53064091,7.86074175,7.88702132,1,1,1582.06512462,1
1382,0.55043664,0.58186352,0.53826712,0.4291496,0.53653769,7.65532254,7.69825364,1,1,898.65003255,1
1383,0.57015515,0.58143653,0.55119955,0.46955671,0.52274868,7.87254989,7.90388112,1,1,100.33982394,1
1384,0.56148261,0.58169113,0.51978874,0.47314103,0.52835799,7.82154052,7.82182592,1,1,100.00929377,1
1385,0.56388555,0.56765233,0.51963447,0.45166415,0.53923261,7.77695405,7.80145288,1,1,1560.81991275,1
1386,0.56389191,0.56780106,0.51962897,0.45200561,0.54859018,7.73710232,7.80679748,1,1,108.53429012,1
1387,0.56728257,0.5360457,0.52262493,0.44560714,0.52770766,7.7540152,7.76148529,1,1,100.10775048,1
1388,0.55889057,0.52878801,0.54590934,0.48351038,0.5467648,7.53890039,7.58304531,1,1,131.17994283,1
1389,0.53638065,0.53442199,0.53854454,0.4441118,0.55813581,7.71840064,7.72815253,1,1,1108.96576259,1
1390,0.53947444,0.55018551,0.54189907,0.40529831,0.56272888,7.49820948,7.51439341,1,1,1410.88693266,1
1391,0.53358231,0.53728438,0.52171264,0.44548774,0.54181257,7.83351501,7.89140864,1,1,1420.89358838,1
1392,0.5073264,0.55509048,0.53837172,0.41724016,0.52106533,7.57536719,7.64582575,1,1,111.0423924,1
1393,0.50741386,0.55550611,0.53833744,0.45839384,0.50178654,7.87534733,7.87941643,1,1,100.01197017,1
1394,0.48492027,0.54859428,0.54412207,0.49646699,0.48730899,7.87842125,7.9115711,1,1,100.56136331,1
1395,0.4826133,0.54533675,0.56643424,0.45656648,0.47288691,7.70480502,7.73835462,1,1,119.42698014,1
1396,0.48118221,0.53178393,0.54736939,0.49216037,0.4594425,7.58752345,7.63400597,1,1,1584.15351337,1
1397,0.49053448,0.52831734,0.55809896,0.51914634,0.47749982,7.72936752,7.77190404,1,1,1584.47405062,1
1398,0.48754243,0.53746116,0.54870066,0.55314239,0.49764264,7.66752868,7.73114494,1,1,103.38117201,1
1399,0.48756225,0.53759144,0.548734,0.59092945,0.51471115,7.70297809,7.77378779,1,1,101.44236557,1
1400,0.46514553,0.57187406,0.54839066,0.55733702,0.51159293,7.45365769,7.4940358,1,1,100.00042461,1
1401,0.45020351,0.55667422,0.57040361,0.58802488,0.51677802,7.62046349,7.62858378,1,1,1583.0776198,1
1402,0.46840669,0.54470902,0.54934522,0.59643208,0.53606183,7.51600213,7.57298697,1,1,100.0006579,1
1403,0.47979907,0.53119177,0.54825458,0.56559927,0.52090994,7.76159526,7.83530458,1,1,1582.4968675,1
1404,0.48098116,0.5368012,0.55444179,0.58931464,0.51094899,7.57897196,7.61792029,1,1,116.05078671,1
1405,0.48103288,0.53670981,0.55455448,0.54878771,0.49629867,7.55431581,7.62303151,1,1,100.22441314,1
1406,0.48165183,0.5628446,0.57203909,0.50904796,0.51487071,7.71223748,7.74184159,1,1,103.24808006,1
1407,0.49962633,0.56106697,0.56971396,0.47010949,0.4946447,7.46931263,7.51582801,1,1,290.5570379,1
1408,0.49045013,0.56391724,0.55272007,0.50050953,0.51457105,7.82448224,7.82860788,1,1,1584.89318373,1
1409,0.49658503,0.55606808,0.53510713,0.46050241,0.52214335,7.50606015,7.58091895,1,1,165.19807237,1
1410,0.51225975,0.53402851,0.52954878,0.49967592,0.5288421,7.77062541,7.82521612,1,1,103.31527233,1
1411,0.51221676,0.53337516,0.52952689,0.46117494,0.519508,7.65910271,7.71713471,1,1,1517.55703915,1
1412,0.46402197,0.48875791,0.55026758,0.47038782,0.53909338,7.64566063,7.68149244,1,1,1579.09133498,1
1413,0.48866268,0.50560075,0.53241812,0.43634742,0.53960481,7.78213244,7.80710897,1,1,102.09863893,1
1414,0.4718356,0.49406089,0.52520632,0.40126798,0.52900435,7.67293397,7.68051666,1,1,1468.82535317,1
1415,0.45941338,0.49300928,0.52405407,0.42012056,0.5088737,7.84636979,7.90438948,1,1,100.00289285,1
1416,0.46728225,0.48663633,0.5174923,0.44631293,0.52844519,7.52030076,7.52689769,1,1,111.16904687,1
1417,0.46738639,0.48674118,0.5174192,0.48680662,0.53029587,7.7393521,7.79358712,1,1,1584.49727352,1
1418,0.47227171,0.57176791,0.52972063,0.44743659,0.52421639,7.75856935,7.78968743,1,1,100.00004052,1
1419,0.49465911,0.5608789,0.53909019,0.44162922,0.54372839,7.76775504,7.77952653,1,1,100.00000126,1
1420,0.50435757,0.55054977,0.52118471,0.43541013,0.53165613,7.83713467,7.90110645,1,1,101.85832738,1
1421,0.50734578,0.52517166,0.53990687,0.43618084,0.54234109,7.6561362,7.69227539,1,1,1544.75983287,1
1422,0.52944937,0.53815403,0.52017206,0.47745,0.53109621,7.78015352,7.84885912,1,1,1520.10084229,1
1423,0.52938088,0.53803412,0.52011142,0.50768335,0.53106369,7.70204785,7.76217453,1,1,100.0338524,1
1424,0.51520961,0.4971563,0.54802077,0.54472846,0.54465044,7.68667518,7.69638899,1,1,150.58038941,1
1425,0.51962506,0.50128692,0.53943829,0.5079537,0.5488243,7.77640129,7.81882563,1,1,100.00003763,1
1426,0.51191492,0.49806926,0.52680448,0.54403434,0.56628094,7.6032659,7.67826716,1,1,169.7265329,1
1427,0.49366221,0.51148199,0.51964948,0.582983,0.58348126,7.63747367,7.64471028,1,1,1349.7094315,1
1428,0.50203865,0.53188413,0.51805177,0.56395666,0.5944012,7.61444591,7.65873035,1,1,104.72585575,1
1429,0.50203408,0.53215234,0.51806282,0.56750705,0.58133308,7.60415289,7.64966065,1,1,1440.31701962,1
1430,0.47001155,0.54272841,0.52272125,0.56475731,0.55996686,7.78172197,7.85161851,1,1,100.00037529,1
1431,0.45926168,0.54444154,0.54064324,0.53253053,0.54079932,7.81236153,7.87902282,1,1,100.08591105,1
1432,0.47871436,0.51354523,0.5253736,0.56995996,0.54892786,7.8037452,7.81973529,1,1,1558.85830797,1
1433,0.46856034,0.51881357,0.53499939,0.53414162,0.52799032,7.41732561,7.47884279,1,1,493.28237861,1
1434,0.49895576,0.52885411,0.51636857,0.56958665,0.51811293,7.53543803,7.54376316,1,1,100.37794569,1
1435,0.49899592,0.52906583,0.51629956,0.53302979,0.49775104,7.77986942,7.83412874,1,1,100.24156951,1
1436,0.48095754,0.54545737,0.5344562,0.49240847,0.5133119,7.6633621,7.69108748,1,1,559.96373209,1
1437,0.47019454,0.52508998,0.52484622,0.4831522,0.52519394,7.84044451,7.85810798,1,1,100.85311933,1
1438,0.48466593,0.51495907,0.52084528,0.51237934,0.54392001,7.58485876,7.61668052,1,1,371.3898339,1
1439,0.48275031,0.52897002,0.53959068,0.47216527,0.56296176,7.70845597,7.76296669,1,1,1431.62095366,1
1440,0.48037697,0.52563275,0.52364245,0.44239521,0.54791697,7.81173368,7.82475716,1,1,1558.10965613,1
1441,0.48032425,0.52589087,0.52355978,0.40431631,0.53724677,7.6435668,7.71501196,1,1,114.82334405,1
1442,0.45355484,0.56825586,0.53681033,0.37125867,0.55613911,7.78670713,7.84309852,1,1,100.11590793,1
1443,0.46735173,0.55614929,0.53327505,0.41236535,0.57481728,7.89104705,7.9610755,1,1,852.9827982,1
1444,0.47375382,0.55632613,0.531249,0.45333146,0.56877935,7.3845731,7.45082098,1,1,1572.01108878,1
1445,0.49926347,0.54640631,0.53297318,0.42197196,0.54765223,7.65213154,7.70071147,1,1,1559.47450026,1
1446,0.480893,0.53986609,0.53078809,0.45353089,0.52670316,7.68243331,7.7018432,1,1,1232.95640348,1
1447,0.48093402,0.53961112,0.53074962,0.49166276,0.51733024,7.60749565,7.6612342,1,1,451.93495663,1
1448,0.48490025,0.58108483,0.55257332,0.51999058,0.53606697,7.39702342,7.43419496,1,1,100.59969141,1
1449,0.48075559,0.55225823,0.55410128,0.48327885,0.5260541,7.68673224,7.69000046,1,1,100.65895802,1
1450,0.48183241,0.5490376,0.53930047,0.44457564,0.53444234,7.66216171,7.73346811,1,1,1584.77054282,1
1451,0.49731361,0.53748074,0.53790277,0.48359481,0.54405451,7.43060516,7.4998151,1,1,190.55161792,1
1452,0.51627534,0.55729401,0.53823094,0.44832925,0.5516861,7.6372306,7.70871752,1,1,100.00083831,1
1453,0.51626884,0.55693882,0.53831209,0.43703802,0.53912265,7.83075539,7.83661466,1,1,1562.58704737,1
1454,0.49662882,0.52091348,0.55007813,0.47826474,0.51906185,7.75933097,7.79282435,1,1,1493.21226752,1
1455,0.47068529,0.51950199,0.5524005,0.47652248,0.53842999,7.51890497,7.55582917,1,1,153.25512792,1
1456,0.48999416,0.51532121,0.52481731,0.45235013,0.52037202,7.5786055,7.63859197,1,1,139.9572974,1
1457,0.47147937,0.50725586,0.52631086,0.41990491,0.49997706,7.34734191,7.42055796,1,1,1570.1273285,1
1458,0.46596033,0.52840719,0.54685129,0.45769564,0.51919869,7.85770324,7.87129974,1,1,1015.03141742,1
1459,0.46599974,0.52867803,0.54691163,0.45909914,0.5382828,7.68706559,7.73750973,1,1,118.97926215,1
1460,0.49733127,0.61819044,0.55049943,0.49323174,0.55101832,7.84752863,7.86970554,1,1,100.01292911,1
1461,0.50321348,0.60332944,0.55904009,0.45351566,0.55040459,7.88805403,7.92650163,1,1,292.25221336,1
1462,0.52147304,0.58312874,0.56203725,0.45406855,0.54252455,7.86672569,7.87085831,1,1,1584.88387938,1
1463,0.53338971,0.57633063,0.54523443,0.48976907,0.55424616,7.67577748,7.6924709,1,1,100.00005572,1
1464,0.5295029,0.58812359,0.54815323,0.48757432,0.53384059,7.90206084,7.90937738,1,1,583.09825566,1
1465,0.52952435,0.58801133,0.54831096,0.4511318,0.51325589,7.51889065,7.58187587,1,1,100.00092569,1
1466,0.49492728,0.55513821,0.56818176,0.41274316,0.53160411,7.79563067,7.87120415,1,1,131.78066212,1
1467,0.48080248,0.56586028,0.56466763,0.37664333,0.51119235,7.63099108,7.66786079,1,1,100.00313001,1
1468,0.49474111,0.54866954,0.55587464,0.41870067,0.49459479,7.66714268,7.68776337,1,1,1584.76803747,1
1469,0.48152485,0.54595481,0.54767766,0.38252099,0.51438098,7.70971384,7.76771792,1,1,111.79987663,1
1470,0.49033771,0.54760453,0.54318821,0.40955336,0.53205771,7.74391711,7.75642503,1,1,626.96300049,1
1471,0.47620843,0.54892097,0.54548969,0.42953199,0.53179004,7.8447009,7.87944928,1,1,1443.83467619,1
1472,0.47636595,0.54914746,0.54532893,0.39524049,0.54306415,7.63982276,7.70770074,1,1,1582.79350317,1
1473,0.44332965,0.57559426,0.56623829,0.35794596,0.53942171,7.67714359,7.70463075,1,1,101.2528699,1
1474,0.4638023,0.58742443,0.567894,0.32155265,0.51877013,7.66185156,7.66533543,1,1,126.58574908,1
1475,0.46258294,0.55926484,0.56261119,0.30333476,0.5204963,7.63423596,7.69887585,1,1,100.00075364,1
1476,0.46761916,0.5506042,0.55461144,0.26755822,0.52869475,7.70347968,7.71089501,1,1,1192.10224323,1
1477,0.48313854,0.55876419,0.54240137,0.31077064,0.5315244,7.81347008,7.87496392,1,1,1225.90212808,1
1478,0.48301004,0.55863063,0.54238869,0.348789,0.55038594,7.63201991,7.63431789,1,1,200.69820182,1
1479,0.44264211,0.61231753,0.55324464,0.31268297,0.56937438,7.49439631,7.52908653,1,1,100.2172474,1
1480,0.44309281,0.58257177,0.5496682,0.30164685,0.56389666,7.81381345,7.8463344,1,1,1433.42761505,1
1481,0.46700349,0.59410802,0.55166592,0.27181264,0.58132854,7.44308377,7.4520357,1,1,100.28621252,1
1482,0.47266247,0.57033712,0.54864809,0.2636912,0.59744961,7.85145523,7.85898365,1,1,105.41596115,1
1483,0.47663587,0.57977483,0.53471681,0.29518018,0.61394624,7.74019812,7.76316342,1,1,100.00091268,1
1484,0.49212386,0.55664828,0.54482683,0.26998353,0.62469151,7.60159262,7.61005639,1,1,100.06411685,1
1485,0.49210735,0.55720061,0.54486604,0.2626455,0.64056256,7.40798702,7.45369679,1,1,100.81721335,1
1486,0.47710506,0.56925506,0.54752563,0.22837609,0.61822759,7.45266033,7.52566107,1,1,1345.62685826,1
1487,0.48753656,0.58504503,0.54242385,0.26457207,0.61667441,8.01649946,8.07990628,1,1,1480.71300025,1
1488,0.47784207,0.57305301,0.56192844,0.30691661,0.59993987,7.73535479,7.79609122,1,1,139.31430793,1
1489,0.49561628,0.55395257,0.55130407,0.27285518,0.61527738,7.38672441,7.45288984,1,1,1584.844432,1
1490,0.49301587,0.55958893,0.55312518,0.23940187,0.63144815,7.74386284,7.7498176,1,1,1584.88634173,1
1491,0.49296376,0.55907817,0.55290666,0.20603474,0.64874095,7.77022822,7.83627433,1,1,1584.89291852,1
1492,0.47145341,0.5722823,0.56168824,0.25130614,0.62795188,7.69319291,7.75116058,1,1,102.1136254,1
1493,0.47010437,0.56933574,0.55104642,0.27491292,0.60585378,7.67146567,7.73949094,1,1,158.4425317,1
1494,0.47753137,0.56698962,0.55504377,0.36454174,0.60694965,7.73192296,7.80833687,1,1,158.86774468,0
1495,0.49769872,0.55349964,0.57216005,0.48713668,0.55048916,7.64973785,7.72125041,1,1,1491.06280509,0
1496,0.49977369,0.54387602,0.56990487,0.38768217,0.50086876,7.62856606,7.68738357,1,1,100.00000792,0
1497,0.49975819,0.54381745,0.56987479,0.38909568,0.47012143,7.57297371,7.64184521,1,1,1575.83494747,0
1498,0.45428738,0.47951465,0.18249943,0.50621334,0.41714949,7.64525773,7.7117682,1,1,106.23680168,0
1499,0.47156481,0.43292867,0.77745644,0.6254898,0.46821291,7.65713055,7.71197674,1,1,1575.22282248,0
1500,0.45691915,0.36159915,0.39650778,0.73930384,0.44097636,7.51497748,7.54387185,1,1,116.82040002,0
1501,0.46293561,0.32696017,0.10804807,0.84948529,0.44965593,7.69728944,7.72412233,1,1,107.66086578,0
1502,0.4627701,0.32604257,0.10798854,0.92494216,0.39006088,7.784459,7.79700104,1,1,100.19000867,0
1503,0.54646042,0.40059247,0.27523564,0.80390307,0.42281541,7.72522066,7.74055341,1,1,1294.60105435,0
1504,0.56532881,0.4678527,0.4582633,0.70557009,0.47077461,7.572669,7.61067514,1,1,102.47254222,0
1505,0.57733302,0.55642085,0.66464809,0.58163658,0.45821542,7.51347305,7.54490137,1,1,100.87417125,0
1506,0.61474698,0.63041916,0.92895248,0.5870722,0.4957944,7.63279173,7.66028468,1,1,100.39198011,0
1507,0.60297277,0.71734507,0.05712725,0.46569321,0.55193357,7.62284981,7.669378,1,1,1406.59134486,0
1508,0.62071671,0.73356179,0.17807442,0.54904666,0.60662914,7.73110074,7.75440661,1,1,102.6815914,0
1509,0.62056709,0.73357493,0.17799257,0.42810161,0.64706892,7.63572299,7.63885524,1,1,1522.41533493,0
1510,0.56755539,0.66655588,0.25905203,0.52396438,0.67155006,7.77387501,7.81782529,1,1,100.00059965,0
1511,0.53236327,0.63590556,0.34565245,0.51015131,0.7147331,7.51370057,7.58680354,1,1,634.13525628,0
1512,0.5053706,0.53674361,0.44919174,0.62918273,0.69226106,7.64871465,7.69963524,1,1,1584.54470443,0
1513,0.47385992,0.46950234,0.56237807,0.74499559,0.74408633,7.76736127,7.83773189,1,1,562.83364,0
1514,0.44667978,0.39301954,0.63705782,0.6236646,0.79804602,7.81099091,7.8762434,1,1,123.9489902,0
1515,0.41037481,0.36315163,0.69089761,0.52159423,0.85145724,7.73099159,7.80123075,1,1,1583.99266109,0
1516,0.41037615,0.3627941,0.69087639,0.63574988,0.79107189,7.78709636,7.80116084,1,1,112.19679934,0
1517,0.50003492,0.46415164,0.62199119,0.52097913,0.74800598,7.76864933,7.81780151,1,1,1468.35020275,0
1518,0.54450708,0.52466603,0.54564319,0.40092951,0.69263778,7.7246714,7.77526801,1,1,100.00086477,0
1519,0.5882164,0.58105019,0.45200917,0.39144804,0.64639278,7.68148958,7.70486543,1,1,1473.70152428,0
1520,0.62663269,0.64549355,0.38142215,0.38318085,0.66319456,7.62732208,7.69255412,1,1,100.03367611,1
1521,0.62545573,0.69014353,0.33443981,0.38611943,0.64305423,7.76157111,7.81116279,1,1,100.01477966,1
1522,0.62552303,0.68965994,0.33453851,0.37064086,0.62374524,7.77548481,7.84631138,1,1,100.0000992,1
1523,0.60879663,0.67182488,0.35678641,0.33626552,0.60417305,7.59632364,7.65317214,1,1,176.04660799,1
1524,0.59197198,0.65579495,0.34162982,0.3476827,0.62132633,7.71489705,7.74901823,1,1,106.50723083,1
1525,0.61125828,0.64850106,0.34658467,0.31656375,0.60319525,7.77447847,7.78185873,1,1,1406.61542103,1
1526,0.5927051,0.65095255,0.35414668,0.33637047,0.58240312,7.66784606,7.67780495,1,1,100.0001069,1
1527,0.59297099,0.63514771,0.36103139,0.3795364,0.56484686,7.82520273,7.89760834,1,1,1584.88966356,1
1528,0.57955248,0.65912987,0.37056085,0.37125732,0.54355002,7.78540947,7.79596665,1,1,1582.04408912,1
1529,0.57430962,0.63282623,0.35750863,0.41369501,0.52611387,7.77805587,7.84850738,1,1,100.0013293,1
1530,0.55313303,0.65087653,0.37620499,0.44602336,0.5262609,7.58959727,7.59670894,1,1,1546.22443263,1
1531,0.55311844,0.65099499,0.37622325,0.4847544,0.5060682,7.69903124,7.74202015,1,1,1577.43640523,1
1532,0.54165345,0.62843957,0.38576168,0.52257064,0.51527659,7.76093311,7.81185812,1,1,100.00182013,1
1533,0.53600825,0.62421586,0.40129263,0.48246035,0.49624189,7.75731343,7.7751473,1,1,103.87825217,1
1534,0.52710841,0.62941329,0.39166665,0.47557908,0.48380273,7.60968953,7.65341003,1,1,100.02988206,1
1535,0.50804191,0.61136935,0.39533898,0.48373255,0.46497146,7.8923985,7.95495048,1,1,100.01649247,1
1536,0.50841977,0.61740087,0.39784299,0.44790668,0.44583665,7.6545502,7.68999854,1,1,100.6212631,1
1537,0.51059106,0.61833898,0.40286814,0.48547792,0.42711285,7.77614362,7.85050872,1,1,962.02985576,1
1538,0.522567,0.60715001,0.41893132,0.47368596,0.41389583,7.78493578,7.83302872,1,1,188.12982407,1
1539,0.52253812,0.60724465,0.41883091,0.51261998,0.3975372,7.80710735,7.83682653,1,1,197.11635231,1
1540,0.49776647,0.58801028,0.42561583,0.47995181,0.4195616,7.79317767,7.86694508,1,1,202.46495656,1
1541,0.47465223,0.6003053,0.44756539,0.4745639,0.44111636,7.84983604,7.89061008,1,1,121.82934106,1
1542,0.50169124,0.59502473,0.43834692,0.47052585,0.42241877,7.77155873,7.77559996,1,1,155.79503608,1
1543,0.48501647,0.58549392,0.45307086,0.51042439,0.44235382,7.73315039,7.77976156,1,1,100.00109314,1
1544,0.48015288,0.58795163,0.43867931,0.51339277,0.45924481,7.69820679,7.70251175,1,1,105.8568638,1
1545,0.48636425,0.5634183,0.43916293,0.49012148,0.48003968,7.82274701,7.87742244,1,1,1584.59403918,1
1546,0.48636826,0.56322522,0.43914994,0.45446699,0.50000677,7.79439828,7.80735954,1,1,183.23343267,1
1547,0.45902952,0.57260011,0.45984292,0.41563998,0.50994377,7.55532282,7.5855592,1,1,100.00014699,1
1548,0.47038976,0.58642383,0.45312963,0.41208618,0.49615002,7.74992047,7.82697281,1,1,101.57098175,1
1549,0.4676291,0.5820205,0.45778022,0.43666872,0.4903734,7.73550196,7.73584397,1,1,100.00845223,1
1550,0.49108235,0.55685244,0.47467243,0.47568179,0.48085227,7.56983854,7.60751118,1,1,1581.90019707,1
1551,0.49147707,0.54593353,0.45855935,0.43639543,0.50000429,7.68007471,7.7389038,1,1,100.00003704,1
1552,0.49132183,0.54577777,0.45853159,0.39772781,0.51680043,7.79218147,7.84505996,1,1,1583.59770422,1
1553,0.46518371,0.55459441,0.47931171,0.38481476,0.51830761,7.49109252,7.56173385,1,1,100.1657216,1
1554,0.47134474,0.56287996,0.47814114,0.41332668,0.53793125,7.8687116,7.89800826,1,1,100.07581079,1
1555,0.49337301,0.55320357,0.47612974,0.44752939,0.55583509,7.57925604,7.65349475,1,1,100.25377692,1
1556,0.48360752,0.53974638,0.48696471,0.40956192,0.53614625,7.74759043,7.79955584,1,1,155.36441995,1
1557,0.51085124,0.53423914,0.49892679,0.39874282,0.54542326,7.67962261,7.75382239,1,1,1524.12837013,1
1558,0.51064628,0.53388119,0.49890065,0.36351195,0.56392548,7.76679078,7.78002575,1,1,1583.16384136,1
1559,0.52354814,0.49264009,0.51996084,0.36340987,0.57999763,7.80070162,7.81739176,1,1,100.06643673,1
1560,0.52488741,0.51156292,0.52671381,0.39600052,0.57188993,8.09085774,8.16480617,1,1,101.27706935,1
1561,0.51829076,0.51208854,0.50181096,0.37153739,0.56699637,7.44178937,7.48074593,1,1,1582.31021227,1
1562,0.50717484,0.51686605,0.50655527,0.41004208,0.56872526,7.62973242,7.70305113,1,1,1331.93268862,1
1563,0.50701711,0.51602335,0.50667693,0.38511948,0.54974784,7.65144102,7.67621462,1,1,1584.35373825,1
1564,0.47123186,0.49592688,0.50896575,0.42538216,0.52879407,7.73159488,7.77876402,1,1,101.32508561,1
1565,0.46116103,0.48611352,0.50644741,0.46685006,0.51533732,7.69937629,7.73792232,1,1,105.11999455,1
1566,0.47078467,0.49142282,0.5221046,0.43927936,0.49577838,7.77443785,7.84493662,1,1,100.01378686,1
1567,0.4571042,0.47429558,0.50865927,0.40457448,0.51064466,7.75919627,7.78292222,1,1,101.82241865,1
1568,0.46863138,0.47301175,0.51770179,0.41407988,0.51684006,7.61126886,7.62862689,1,1,107.17787045,1
1569,0.46848424,0.47337744,0.51776762,0.39229762,0.51650643,7.61577706,7.68710218,1,1,1189.46554976,1
1570,0.52804324,0.57886494,0.53327196,0.42777124,0.53361702,7.64248466,7.71247388,1,1,101.41468635,1
1571,0.51885394,0.56021796,0.53777429,0.46062291,0.51296088,7.63716376,7.66344389,1,1,109.65837908,1
1572,0.5316831,0.55578769,0.52862602,0.4236717,0.49304912,7.59538473,7.63455093,1,1,1559.93477971,1
1573,0.54000785,0.55911523,0.5176968,0.38543251,0.50798907,7.81459019,7.85042898,1,1,100.08540349,1
1574,0.52925024,0.55023369,0.52664431,0.41046829,0.49202334,7.33081299,7.33152615,1,1,147.1207204,1
1575,0.52940194,0.55022103,0.52657537,0.44933714,0.49844582,7.98421272,8.06313011,1,1,172.26056314,1
1576,0.49210585,0.51011288,0.52743903,0.41089491,0.47956892,7.56111264,7.62951417,1,1,111.00269776,1
1577,0.48140728,0.51249043,0.5322072,0.37772769,0.4751053,7.9098824,7.96533765,1,1,100.05045421,1
1578,0.47702664,0.52327693,0.52471521,0.34072875,0.49358187,7.8028293,7.82869242,1,1,100.53970481,1
1579,0.47830585,0.50075537,0.53243891,0.30500487,0.4779683,7.86410549,7.93840159,1,1,533.97950372,1
1580,0.4783667,0.49740307,0.55179688,0.27869764,0.46793032,7.79554275,7.8681071,1,1,1502.70819696,1
1581,0.47824419,0.49740023,0.55164296,0.32309366,0.45569721,7.44758967,7.4659091,1,1,1560.2380564,1
1582,0.45629573,0.55704294,0.57618027,0.36022495,0.45117575,7.61430416,7.6603006,1,1,108.21879394,1
1583,0.48214842,0.55821197,0.55592352,0.35129902,0.45985933,7.62827554,7.67365146,1,1,100.16484664,1
1584,0.4697753,0.54872063,0.56326675,0.35299847,0.45795926,7.70658434,7.76727237,1,1,100.06513985,1
1585,0.49371944,0.51980612,0.5649026,0.31857158,0.44370479,7.55697373,7.61119992,1,1,101.0411894,1
1586,0.51356614,0.53180657,0.55989547,0.3278175,0.42558602,7.63536143,7.66389321,1,1,1193.36788422,1
1587,0.51375876,0.53180693,0.55981951,0.29597411,0.40714962,7.6541477,7.68543547,1,1,251.558332,1
1588,0.48335311,0.52214085,0.57585548,0.26007268,0.3891517,7.6448325,7.67897796,1,1,108.51960657,1
1589,0.48859618,0.49422248,0.55567712,0.22567944,0.41040435,7.56894056,7.59776636,1,1,1573.98848206,1
1590,0.47731228,0.50105568,0.55215088,0.19117936,0.41562601,7.71862028,7.75858346,1,1,102.2577604,1
1591,0.49277606,0.50963919,0.55217808,0.23471975,0.435645,7.45812292,7.48643622,1,1,103.19525531,1
1592,0.48440027,0.49684957,0.54079106,0.2612366,0.43668518,7.79761578,7.8700032,1,1,559.16447447,1
1593,0.48459111,0.49709559,0.54066263,0.30555734,0.421418,7.86381909,7.93521254,1,1,115.14789127,1
1594,0.52637411,0.56024444,0.54591262,0.34888361,0.44024472,7.59376253,7.60950272,1,1,100.00007959,1
1595,0.52542786,0.57009374,0.54066282,0.33605783,0.46142553,7.73871402,7.73981454,1,1,104.38154907,1
1596,0.53755106,0.56303832,0.53276116,0.37245471,0.48015647,7.66402959,7.68333597,1,1,100.93273938,1
1597,0.55751621,0.58201723,0.52683435,0.40778444,0.50021698,7.87862415,7.95720422,1,1,1584.81381813,1
1598,0.54767912,0.55383312,0.52271365,0.39232232,0.48055125,7.74545696,7.77769588,1,1,100.10132418,1
1599,0.54765063,0.55442479,0.52275704,0.43432199,0.46192293,7.57586188,7.61121722,1,1,1584.77977285,1
1600,0.54185812,0.51094541,0.53896934,0.39733121,0.46340295,7.82477838,7.88658839,1,1,181.39975827,1
1601,0.54018376,0.50909699,0.53021684,0.38252896,0.44545557,7.58863189,7.61888819,1,1,100.0005277,1
1602,0.51937573,0.5241803,0.54196268,0.34496731,0.46342146,7.61273868,7.66374075,1,1,100.00243966,1
1603,0.52169342,0.53349778,0.53936288,0.32435164,0.44823784,7.82681299,7.88557929,1,1,426.96250166,1
1604,0.52042371,0.52719538,0.52512461,0.3006655,0.45970083,7.70959152,7.7632387,1,1,1555.81894921,1
1605,0.52038046,0.52711211,0.52502463,0.2654311,0.46187642,7.6927399,7.74000725,1,1,100.0523864,1
1606,0.53230793,0.49582813,0.53949868,0.23096204,0.48191129,7.62885354,7.66689625,1,1,215.65119183,1
1607,0.5257506,0.49876805,0.5352199,0.25912187,0.47604006,7.71394877,7.72032749,1,1,100.00760163,1
1608,0.50153699,0.48661831,0.51828132,0.29138498,0.4957264,7.57656009,7.6247436,1,1,100.00011611,1
1609,0.50507959,0.50519474,0.5409921,0.31136836,0.47586923,7.65676471,7.72665834,1,1,100.01029846,1
1610,0.49198134,0.49739143,0.54182376,0.35470188,0.47676427,7.60477955,7.62228947,1,1,107.16820037,1
1611,0.49209671,0.49766362,0.5418811,0.397113,0.49671881,7.58459787,7.6185223,1,1,102.64224713,1
1612,0.51788322,0.56567337,0.54401445,0.39566002,0.4940718,7.59861778,7.61571191,1,1,227.25986314,1
1613,0.53545158,0.56972023,0.54458097,0.35995165,0.47421869,7.72103578,7.79307284,1,1,100.05145475,1
1614,0.53429288,0.56396649,0.5080255,0.40041795,0.47219563,7.88761782,7.89166455,1,1,100.16203285,1
1615,0.55349876,0.55297705,0.51980402,0.43016525,0.46224906,7.83194918,7.89966464,1,1,100.32190006,1
1616,0.55365962,0.55261651,0.51976945,0.46944272,0.47654661,7.95687381,7.97130026,1,1,100.00034439,1
1617,0.54478732,0.51124058,0.53210822,0.44467617,0.45745275,7.67122941,7.73595284,1,1,1584.89317869,1
1618,0.52529953,0.51954748,0.54590329,0.40626247,0.45596817,7.50525619,7.50642592,1,1,1584.87424872,1
1619,0.53268843,0.5248499,0.5320212,0.39058339,0.40006277,7.29994288,7.31513283,1,1,100.00228577,0
1620,0.51121339,0.52161491,0.54155951,0.46530149,0.45927054,7.67406206,7.68920601,1,1,100.08519909,0
1621,0.50901405,0.50655476,0.5220696,0.35781267,0.51244668,7.87582138,7.91443912,1,1,1573.2944444,0
1622,0.49437436,0.51655848,0.51987813,0.2623413,0.57231677,7.75086765,7.78608738,1,1,103.06235962,0
1623,0.49438885,0.51607378,0.51988776,0.22382519,0.51708404,7.34372349,7.41172418,1,1,1264.09065988,0
1624,0.47983183,0.47584135,0.50183302,0.25551157,0.56354562,7.69276356,7.70406234,1,1,189.05150833,0
1625,0.51289051,0.40497285,0.48767417,0.19785677,0.52195545,7.75114223,7.79581165,1,1,100.06899168,0
1626,0.52080046,0.33325253,0.4743271,0.26174714,0.46880611,7.68447549,7.71225216,1,1,1584.89309695,0
1627,0.56915965,0.26116849,0.43274962,0.15114588,0.49628659,7.62439897,7.66193585,1,1,103.55299655,0
1628,0.5642297,0.22275457,0.4360615,0.03927375,0.55419876,7.8358893,7.89821329,1,1,1584.80166362,0
1629,0.5643321,0.22282641,0.435996,0,0.62310768,7.95165253,7.9581432,1,1,147.28725281,0
1630,0.62425153,0.29142787,0.4767292,0,0.68995855,7.62096576,7.64893007,1,1,1576.40636152,0
1631,0.59570892,0.35268356,0.49059331,0.1267343,0.75977755,7.53961374,7.60405491,1,1,1575.41376184,0
1632,0.57127822,0.42970692,0.49292203,0.03756779,0.82529936,7.74955016,7.80493737,1,1,100.00150331,0
1633,0.54883506,0.52501842,0.54115982,0.15006291,0.88398262,7.88772743,7.93890945,1,1,1584.2988849,0
1634,0.51074149,0.60663314,0.55753693,0.03830513,0.95056452,7.76411753,7.77973951,1,1,1584.81427029,0
1635,0.50237343,0.61834808,0.5478449,0,0.89982904,7.70963536,7.77193257,1,1,596.32304411,0
1636,0.50226122,0.61789342,0.54767556,0,0.85060371,7.67110455,7.67818471,1,1,100.00136644,0
1637,0.46474495,0.57259677,0.54998994,0.12658368,0.90702259,7.83335814,7.87309532,1,1,100.0014637,0
1638,0.46367453,0.51496778,0.52947038,0.14531336,0.92623147,7.62074939,7.66922992,1,1,105.76276236,0
1639,0.47396848,0.43283982,0.487604,0.11540825,0.93769047,7.52894207,7.57344999,1,1,101.05862279,1
1640,0.46166254,0.34239718,0.46673242,0.08594628,0.94423468,7.70364873,7.72589972,1,1,179.54800061,1
1641,0.46578748,0.26700591,0.47144009,0.1009591,0.92851179,7.70737085,7.7392222,1,1,100.49506896,1
1642,0.48227702,0.22835836,0.4375999,0.10362567,0.90293992,7.84890761,7.88655671,1,1,1575.53511779,1
1643,0.48241285,0.2280375,0.43765861,0.13541351,0.88575931,7.88592295,7.94192434,1,1,100.21441815,1
1644,0.53901646,0.25272591,0.45234975,0.18163479,0.86221775,7.64323346,7.70391784,1,1,102.90802468,1
1645,0.53965076,0.2554532,0.45177146,0.22315176,0.87246964,7.75467955,7.77618439,1,1,100.00018045,1
1646,0.56076969,0.25481375,0.44696326,0.18961298,0.85990072,7.97496878,8.02656863,1,1,102.80233398,1
1647,0.53072786,0.27342621,0.45970532,0.08004997,0.80670244,8.07042016,8.09419489,1,1,100.38004986,0
1648,0.54616032,0.28213761,0.46230226,0.20361679,0.79471088,7.65465967,7.72368144,1,1,142.83733179,0
1649,0.52993867,0.29147396,0.45853785,0.0895937,0.83159701,7.69112479,7.74866208,1,1,1583.45771131,0
1650,0.53501203,0.29824912,0.46190586,0.02725342,0.80957914,7.74359755,7.79453929,1,1,1584.88809863,0
1651,0.54677783,0.30788067,0.45154526,0,0.76222689,7.71549653,7.72422185,1,1,1574.10130861,0
1652,0.53350929,0.31938153,0.47215585,0.12959366,0.82428905,7.6828742,7.72698033,1,1,444.66573705,0
1653,0.53355366,0.31993008,0.47211274,0.24746761,0.87816625,7.76928665,7.81361346,1,1,700.65771995,0
1654,0.60030742,0.39753601,0.49777943,0.31893197,0.93870256,7.52327369,7.54723865,1,1,418.04589374,0
1655,0.58114303,0.4658959,0.50903661,0.40182785,0.89151294,7.57575495,7.64541345,1,1,1584.84910412,0
1656,0.55630832,0.5452567,0.52234909,0.28603162,0.83986624,7.76864889,7.80202379,1,1,100.00151409,0
1657,0.54639498,0.61461378,0.53453246,0.26776895,0.89589855,7.72144598,7.7770767,1,1,1584.77052194,0
1658,0.52070708,0.70581686,0.54822074,0.15297246,0.91412646,7.71080332,7.76880239,1,1,101.28047765,0
1659,0.52383809,0.75246203,0.57081997,0.0399204,0.9806972,7.67632311,7.67962437,1,1,1579.14679736,0
1660,0.52380318,0.75217317,0.57063714,0,0.97804415,7.41280802,7.42987661,1,1,114.22947764,0
1661,0.47535465,0.71816253,0.57614579,0,1,7.63756076,7.69949131,1,1,100.01822691,0
1662,0.47248854,0.65297609,0.55727273,0.12989061,1,7.93746846,7.96338841,1,1,552.94815247,0
1663,0.4669786,0.56550306,0.51829844,0.25589323,0.94743304,7.81531529,7.86835091,1,1,100.0068796,0
1664,0.46380783,0.47136519,0.49541296,0.38062411,0.91900906,7.72430553,7.79160687,1,1,1583.4654436,0
1665,0.46143278,0.39285584,0.48132058,0.35422687,0.96242435,7.70863671,7.72982546,1,1,100.00275019,0
1666,0.44815347,0.35071249,0.47278336,0.38505571,0.91200637,7.75028312,7.76977036,1,1,1573.37800541,0
1667,0.44795611,0.35076415,0.47272238,0.39333946,0.92369226,7.80843218,7.86640787,1,1,100.0251503,1
1668,0.51110348,0.40537924,0.48855977,0.35788491,0.89523128,7.58371023,7.63584851,1,1,890.52779214,1
1669,0.49538055,0.39552148,0.49525011,0.3366684,0.89167073,7.68594535,7.7471998,1,1,1471.12742932,1
1670,0.50030933,0.41371797,0.48418193,0.37519076,0.86386585,7.55919889,7.62755867,1,1,1584.77281097,1
1671,0.51138935,0.41792451,0.47878513,0.37509166,0.83756438,7.72329294,7.79457964,1,1,1584.43012349,1
1672,0.53075863,0.40702446,0.47922938,0.37673033,0.85074686,7.7313705,7.75322078,1,1,1349.08469308,1
1673,0.50851335,0.41417276,0.48462838,0.33928325,0.82375632,7.62138008,7.68798006,1,1,1389.99990069,1
1674,0.52187107,0.42936464,0.48487322,0.33916371,0.82978085,7.4962172,7.50278549,1,1,875.53191591,1
1675,0.52165802,0.42952163,0.48487897,0.30370887,0.83851193,7.63342225,7.65278764,1,1,740.81077788,1
1676,0.58662465,0.42832342,0.48831481,0.27724397,0.85165661,7.5989291,7.64391876,1,1,1341.32157207,1
1677,0.57846842,0.44293346,0.49076041,0.30438213,0.82490859,7.69031773,7.69374091,1,1,144.9313272,1
1678,0.54044903,0.43564359,0.4986448,0.28642621,0.80743909,7.72283163,7.74324277,1,1,101.34785678,1
1679,0.55358264,0.45138925,0.50078723,0.25337591,0.79645556,7.85980107,7.93312316,1,1,1495.0175172,1
1680,0.54687282,0.46420829,0.4972258,0.29813862,0.80151192,7.53298936,7.58522937,1,1,387.94581739,1
1681,0.54691165,0.46366804,0.49726772,0.34021689,0.79737022,7.61800598,7.64949537,1,1,100.03164199,1
1682,0.5634256,0.4237898,0.50321432,0.31273867,0.77150699,7.59826583,7.63337554,1,1,978.70541056,1
1683,0.56748726,0.41629414,0.52643935,0.35647962,0.78583369,7.61911342,7.62536881,1,1,1548.0524759,1
1684,0.54413849,0.44030599,0.51162395,0.34208107,0.79699319,7.62204641,7.6537323,1,1,1581.62968224,1
1685,0.54675737,0.45734352,0.51877198,0.30541879,0.78473566,7.65289606,7.7040331,1,1,100.00101333,1
1686,0.54834003,0.44637595,0.51459255,0.26950395,0.7791444,7.59959332,7.61387723,1,1,1583.9256006,1
1687,0.53784333,0.45493588,0.52008433,0.27899651,0.79331822,7.63275437,7.63752157,1,1,1196.24875944,1
1688,0.53785933,0.45504195,0.52019327,0.31494256,0.79397146,7.9547047,7.95588701,1,1,100.41582693,1
1689,0.56300714,0.41695808,0.54039725,0.32363923,0.79972857,7.80548955,7.86335675,1,1,1397.68036094,1
1690,0.56695502,0.44357903,0.53201798,0.34551765,0.81070671,7.66798921,7.7315266,1,1,102.07165041,1
1691,0.53405234,0.44235113,0.52768432,0.38856974,0.78679629,7.53560462,7.53968154,1,1,1539.50637467,1
1692,0.5342435,0.44167075,0.51807363,0.42740636,0.76106166,7.6000868,7.63076936,1,1,1554.16220799,1
1693,0.52105129,0.45278762,0.53018563,0.46167737,0.74168949,7.75132826,7.78937715,1,1,100.07792621,1
1694,0.52098323,0.45267608,0.53022484,0.49558804,0.72408301,7.68743376,7.73044494,1,1,108.08562894,1
1695,0.55776677,0.43709671,0.54916477,0.47847902,0.70655094,7.85542531,7.91638279,1,1,109.06306785,1
1696,0.5549594,0.4572156,0.54051999,0.47956589,0.69233337,7.88265462,7.90648227,1,1,340.88100914,1
1697,0.52586223,0.46411796,0.54026905,0.46003857,0.70705387,7.79058227,7.82288813,1,1,530.53137147,1
1698,0.53185192,0.45888185,0.55070467,0.49260485,0.7013427,7.52321576,7.52731212,1,1,100.09156087,1
1699,0.51094389,0.48046845,0.53816688,0.52339444,0.70337346,7.53003478,7.57105171,1,1,1575.24399245,1
1700,0.5108941,0.48125731,0.53821099,0.56062957,0.71885861,7.82022753,7.88705968,1,1,1438.43739696,1
1701,0.52461311,0.44306594,0.54200082,0.58698413,0.71903167,7.81248909,7.86325855,1,1,100.00005152,1
1702,0.50605782,0.4625689,0.55393192,0.54682729,0.6970916,7.7865662,7.83792425,1,1,109.90892864,1
1703,0.51689928,0.47067226,0.52664201,0.58185501,0.67633802,7.91136607,7.98698041,1,1,105.34265478,1
1704,0.48310315,0.47285352,0.54358638,0.61962977,0.68243373,7.79402757,7.82282612,1,1,1298.51486265,1
1705,0.48305969,0.47296388,0.54347232,0.58079944,0.6929224,7.63584268,7.66992323,1,1,1578.16519555,1
1706,0.51922489,0.51023645,0.57185019,0.54173624,0.70686572,7.66174186,7.68819942,1,1,100.27266588,1
1707,0.52660235,0.54002388,0.56038499,0.53399627,0.71827159,7.51985081,7.55360118,1,1,1584.8823746,1
1708,0.53648332,0.52447359,0.54726468,0.57151593,0.7151893,7.78349476,7.85024932,1,1,101.05811176,1
1709,0.54093493,0.53479494,0.54090492,0.60305193,0.69510981,7.74228036,7.78658956,1,1,1247.84297289,1
1710,0.53105832,0.54648927,0.54580629,0.56442237,0.67155959,7.73232521,7.77858068,1,1,1528.49345662,1
1711,0.53107563,0.54602068,0.54591776,0.54513634,0.64950874,7.76245739,7.81760094,1,1,100.00236768,1
1712,0.51959288,0.51877023,0.55482255,0.5543039,0.62674981,7.71229843,7.72450665,1,1,239.47252873,1
1713,0.49255906,0.52116486,0.5498698,0.51616121,0.60439509,7.42390845,7.43781767,1,1,1582.89850304,1
1714,0.49361476,0.50529792,0.55233608,0.55162122,0.59144641,7.55180553,7.58679756,1,1,1581.63591608,1
1715,0.49282395,0.51452526,0.55545466,0.58995791,0.59225049,7.50788541,7.50791511,1,1,126.17692154,1
1716,0.48800668,0.51014756,0.55885115,0.59001787,0.57276867,7.57227905,7.62052123,1,1,1584.3891522,1
1717,0.48809829,0.51089077,0.55876481,0.55855969,0.55276195,7.98608305,8.01381286,1,1,129.174605,1
1718,0.48516984,0.53383341,0.58307384,0.52193765,0.56881157,7.62196031,7.64089313,1,1,112.57795058,1
1719,0.492477,0.51887844,0.57164655,0.5271668,0.56010443,7.70402676,7.71643012,1,1,110.85048025,1
1720,0.48550422,0.51992636,0.55796173,0.50781871,0.54627014,7.76048494,7.83166679,1,1,100.23542967,1
1721,0.48543047,0.50754869,0.57009408,0.4689518,0.52534592,7.52404631,7.56079802,1,1,1583.33040776,1
1722,0.51170985,0.50119392,0.56180559,0.50415726,0.50490135,7.48014079,7.52257245,1,1,1500.5584492,1
1723,0.5117249,0.5015864,0.5617968,0.46546053,0.52437168,7.94803587,8.0149472,1,1,1331.39535927,1
1724,0.49874944,0.47064598,0.57564804,0.445461,0.50549325,7.64490956,7.68802618,1,1,727.06312063,1
1725,0.48275494,0.4689759,0.57251749,0.43715124,0.52529607,7.53422077,7.59499835,1,1,100.28618521,1
1726,0.48916929,0.4656791,0.55454121,0.41866999,0.51307743,7.58364816,7.63710818,1,1,100.18045133,1
1727,0.49334292,0.46954253,0.5285899,0.43315724,0.53015259,7.66466815,7.67958206,1,1,1317.17865225,1
1728,0.49339277,0.46992075,0.52856954,0.47447857,0.53452783,7.69110501,7.75462596,1,1,1469.94731845,1
1729,0.57395895,0.50265539,0.53288567,0.43500577,0.5532551,7.96217061,8.01386516,1,1,103.78320594,1
1730,0.56624081,0.50558939,0.54191534,0.43298184,0.5452315,7.70687437,7.74380127,1,1,295.02704716,1
1731,0.56311298,0.50242344,0.53767385,0.39549676,0.52494184,7.64734988,7.69112378,1,1,100.00556075,1
1732,0.54695346,0.51619966,0.53013512,0.36735129,0.51832771,7.83192916,7.90023729,1,1,201.60225299,1
1733,0.53933906,0.53612742,0.54083271,0.33256307,0.49803038,7.69606386,7.73394232,1,1,1584.88814822,1
1734,0.53933527,0.53590081,0.54074966,0.36038148,0.47811958,7.57604491,7.62104432,1,1,106.42414091,1
1735,0.52351129,0.47900161,0.56833035,0.34688986,0.48366622,7.55387069,7.60237068,1,1,244.64844975,1
1736,0.51879729,0.49352884,0.54383391,0.31242028,0.48511619,7.49818945,7.53289974,1,1,1584.8931545,1
1737,0.51443495,0.48888354,0.55623477,0.27894754,0.49058988,7.74662601,7.8068156,1,1,100.00388637,1
1738,0.50267883,0.50440337,0.5589797,0.26860973,0.49119334,7.6458832,7.65987441,1,1,100.00146949,1
1739,0.49294346,0.4914964,0.56091851,0.23339279,0.48258581,7.78631518,7.82864928,1,1,103.85034483,1
1740,0.49299791,0.49177069,0.56083693,0.26809332,0.47187005,7.72198937,7.73219531,1,1,566.07895925,1
1741,0.47700275,0.5352413,0.58607734,0.31137952,0.48988805,7.63698133,7.66722043,1,1,104.37895821,1
1742,0.47245189,0.52172496,0.56246005,0.27518739,0.50896179,7.56312693,7.57941729,1,1,100.4376648,1
1743,0.49209888,0.51600133,0.55548473,0.2883541,0.48921971,7.71949474,7.74823847,1,1,100.14872714,1
1744,0.49171679,0.5151336,0.53226043,0.33241489,0.46947887,7.66411611,7.70744136,1,1,100.48800641,1
1745,0.49794358,0.50612557,0.54655631,0.29974327,0.45017384,7.73437776,7.79931722,1,1,111.90836246,1
1746,0.49794148,0.50495967,0.54667999,0.26669074,0.46940983,7.81182676,7.8346032,1,1,1577.13812139,1
1747,0.56693955,0.54236387,0.559221,0.3095188,0.45028488,7.59537721,7.62512296,1,1,605.38822252,1
1748,0.57477982,0.5531057,0.56461967,0.27508652,0.46990393,7.55549194,7.61397029,1,1,980.03142049,1
1749,0.56717946,0.54540681,0.54278832,0.28747975,0.45690397,7.94031935,7.95297023,1,1,100.03155664,1
1750,0.55775283,0.54863825,0.54996988,0.33172682,0.46901414,7.7884405,7.84693217,1,1,1583.34137925,1
1751,0.55528009,0.55512887,0.5562789,0.29581675,0.46946193,7.69683811,7.71445626,1,1,1576.44044352,1
1752,0.55536829,0.55509513,0.55628104,0.2719221,0.45030414,7.60831184,7.67369805,1,1,1267.85929163,1
1753,0.54203404,0.51615338,0.58518238,0.24920466,0.43503682,7.60192007,7.62299123,1,1,100.0000059,1
1754,0.54847701,0.53409928,0.55373395,0.28454905,0.44858214,7.66826772,7.73426642,1,1,100.2622064,1
1755,0.54089152,0.51982822,0.56508997,0.25070662,0.42973539,7.59079557,7.6532592,1,1,1269.05705942,1
1756,0.50680398,0.51483654,0.55293199,0.27386441,0.42914183,7.75500378,7.82084306,1,1,469.31032796,1
1757,0.5217198,0.51387073,0.57156862,0.24139845,0.42187868,7.75385568,7.80166511,1,1,1552.3533464,1
1758,0.51013825,0.53495653,0.56265008,0.21228914,0.44083853,7.68377151,7.70550699,1,1,1572.5769719,1
1759,0.51008331,0.53486683,0.56263444,0.21433455,0.4619615,7.50919258,7.58327774,1,1,100.01166765,1
1760,0.48374133,0.50192869,0.58140584,0.25873367,0.44408232,7.85593277,7.90960456,1,1,1494.81221343,1
1761,0.47209427,0.49693926,0.55117312,0.2854393,0.42546165,7.67776371,7.70453613,1,1,100.24077391,1
1762,0.46642693,0.50932022,0.54320169,0.25645406,0.40716966,7.69449455,7.74241816,1,1,100.00007778,1
1763,0.49433841,0.4936468,0.55037628,0.22504225,0.40623096,7.72876874,7.77932762,1,1,1306.43107658,1
1764,0.49439598,0.49343194,0.55044177,0.25523284,0.38811182,7.82470192,7.82889182,1,1,100.00073865,1
1765,0.46926176,0.56288879,0.53451224,0.29995365,0.38021421,7.69273171,7.7639268,1,1,434.68490839,1
1766,0.47384603,0.5407939,0.54839298,0.32129725,0.36282829,7.53871252,7.56695439,1,1,100.05460498,1
1767,0.49814782,0.51683652,0.52606637,0.29830263,0.36624019,7.6770141,7.68657974,1,1,1569.54976897,1
1768,0.49689895,0.5166834,0.51411882,0.33540984,0.35928476,7.788615,7.78954336,1,1,102.33837483,1
1769,0.49695007,0.51696855,0.51418617,0.3232394,0.34233638,7.81736193,7.87784287,1,1,100.0317417,1
1770,0.46717119,0.53200517,0.52288081,0.32818059,0.36108869,7.59411028,7.66575925,1,1,100.04451732,1
1771,0.48318558,0.50397054,0.53165206,0.35707443,0.38349901,7.65568046,7.67869478,1,1,306.55186244,1
1772,0.47935286,0.50341243,0.52211026,0.33175724,0.36689024,7.41073762,7.46292836,1,1,349.95573228,1
1773,0.49578865,0.51491748,0.51169703,0.31480422,0.35110921,7.74767983,7.76548184,1,1,100.00327052,1
1774,0.49401989,0.49039214,0.51296166,0.35386263,0.33507015,7.56250932,7.57116997,1,1,100.0,1
1775,0.49406627,0.49024605,0.51299924,0.35406223,0.34309099,7.5804778,7.60770688,1,1,1288.22557311,1
1776,0.54969068,0.51669864,0.53392001,0.31814383,0.32625458,7.96118526,7.98823313,1,1,1583.84670873,1
1777,0.53641899,0.51662748,0.50936785,0.30093248,0.34950517,7.64806261,7.71524571,1,1,100.15658523,1
1778,0.53342993,0.53080017,0.52788082,0.32572322,0.35065302,7.70904284,7.71104555,1,1,1584.87703751,1
1779,0.54405575,0.53554159,0.51008411,0.29175172,0.37286471,7.70815019,7.72484687,1,1,100.89783636,1
1780,0.54395292,0.53472894,0.50996574,0.26238256,0.3555207,7.68099469,7.69046072,1,1,100.03977309,1
1781,0.54437247,0.47638887,0.53472451,0.2843821,0.33845934,7.74394499,7.79657742,1,1,100.45302494,1
1782,0.52869981,0.49185578,0.52686789,0.24871081,0.36104976,7.5082792,7.53917431,1,1,1584.42716048,1
1783,0.53257735,0.50762695,0.52061392,0.22297939,0.34695334,7.66658924,7.68931207,1,1,1558.65407569,1
1784,0.52996766,0.49891659,0.5108704,0.25892888,0.36861008,7.78968222,7.83145934,1,1,1584.31705422,1
1785,0.52227854,0.51351006,0.53622139,0.30363283,0.37925804,7.90242458,7.95531188,1,1,1576.20455015,1
1786,0.52227498,0.51372667,0.53608561,0.28242126,0.36263892,7.45083875,7.4615164,1,1,831.57225686,1
1787,0.55829147,0.4751438,0.53782499,0.32675399,0.3853755,7.63105794,7.6887391,1,1,855.54700846,1
1788,0.52835337,0.48061037,0.55143567,0.3697013,0.40729176,7.53699313,7.54833804,1,1,100.00037277,1
1789,0.53480588,0.50487148,0.54394971,0.37643015,0.38934783,7.81973353,7.8398979,1,1,100.4220461,1
1790,0.53094536,0.51900998,0.54573577,0.40749131,0.41147187,7.91764179,7.9876278,1,1,1206.76905771,1
1791,0.49661966,0.51465077,0.53898251,0.37585038,0.4332046,7.66869817,7.72268143,1,1,100.00017303,1
1792,0.49661017,0.51495871,0.53909571,0.40343047,0.45349203,7.66040709,7.66972134,1,1,100.01330172,1
1793,0.50812548,0.59281389,0.53292313,0.42288083,0.4604313,7.75536741,7.81464922,1,1,1584.36340773,1
1794,0.52554989,0.56995376,0.48952877,0.42035941,0.44181888,7.70727039,7.73210943,1,1,100.1840039,1
1795,0.50996933,0.5686066,0.47149227,0.44030323,0.44776419,7.66276974,7.67446986,1,1,105.74836609,1
1796,0.52925163,0.55147621,0.44473995,0.40863607,0.46059923,7.86294695,7.92214645,1,1,814.2428901,1
1797,0.52937309,0.55178034,0.44473131,0.41465255,0.44146387,7.74531647,7.77507493,1,1,100.00142403,1
1798,0.48984196,0.50984505,0.44732749,0.44387478,0.42281049,7.67306212,7.70971699,1,1,100.63622509,1
1799,0.49241134,0.51837897,0.45887377,0.47668575,0.44408668,7.56118014,7.60728601,1,1,100.50889272,1
1800,0.50129364,0.50024849,0.46771592,0.43715335,0.42529391,7.60045125,7.63821144,1,1,100.00815107,1
1801,0.49708657,0.51938428,0.48234171,0.47554877,0.44508714,7.58816997,7.60541091,1,1,1013.40117246,1
1802,0.49159662,0.50735036,0.4698862,0.51579556,0.42618787,7.71664908,7.78280531,1,1,100.40474979,1
1803,0.49154836,0.50785402,0.46993368,0.49907722,0.43616959,7.69316576,7.73025604,1,1,1584.82186055,1
1804,0.50181012,0.5805645,0.48126344,0.53849197,0.42401685,7.86209973,7.90278066,1,1,100.00006152,1
1805,0.52527284,0.59973683,0.49318484,0.49924445,0.40583435,7.68536043,7.71461625,1,1,1580.56571227,1
1806,0.52180544,0.58328619,0.50933951,0.53156547,0.41396999,7.68922689,7.7528386,1,1,135.97246472,1
1807,0.53568323,0.56632968,0.51103051,0.49095627,0.39884882,7.66864638,7.67522063,1,1,100.0000108,1
1808,0.53570568,0.56648248,0.51111062,0.53103726,0.38580088,7.62185693,7.65947208,1,1,299.3689941,1
1809,0.50639687,0.55220553,0.51260438,0.56826543,0.39285641,7.45160938,7.4623638,1,1,1572.78003,1
1810,0.51508211,0.5372561,0.54026296,0.53101306,0.39670735,7.69166335,7.72498986,1,1,1524.53573771,1
1811,0.50407251,0.54528864,0.53501612,0.57037899,0.40846366,7.58526109,7.64467842,1,1,133.66889166,1
1812,0.49667956,0.52886072,0.5178099,0.59521328,0.40630933,8.06022695,8.06541844,1,1,100.01552445,1
1813,0.51284289,0.54139302,0.52777053,0.55827895,0.38889208,7.58467212,7.60358129,1,1,492.62726729,1
1814,0.51286961,0.54163163,0.52773042,0.54018174,0.37415413,7.60051555,7.62846711,1,1,1584.87681984,1
1815,0.4833512,0.53364156,0.54253897,0.50294531,0.35988476,7.60518451,7.61598106,1,1,1584.89315214,1
1816,0.49594544,0.52399997,0.553231,0.46644057,0.37250346,7.56105297,7.62139281,1,1,100.11100511,1
1817,0.47643127,0.51269,0.52730898,0.44803916,0.39315787,7.7900921,7.8491964,1,1,965.53770161,1
1818,0.49949879,0.53173686,0.53071611,0.42578743,0.41410531,7.69645967,7.75518626,1,1,100.45674444,1
1819,0.49764526,0.50991011,0.53536827,0.38730405,0.40315838,7.69198587,7.72958944,1,1,100.00029249,1
1820,0.49756412,0.50940232,0.53534958,0.35006929,0.38576328,7.71619838,7.73094726,1,1,1221.1719599,1
1821,0.48145389,0.51847242,0.55871225,0.37864341,0.37192199,7.47653289,7.54143816,1,1,100.63521314,1
1822,0.48316185,0.49476752,0.52780339,0.34528737,0.39339439,7.64878133,7.65291359,1,1,100.00013422,1
1823,0.48865774,0.50166429,0.52084078,0.38483961,0.37708837,7.83741967,7.9084629,1,1,100.00013126,1
1824,0.48006084,0.48982063,0.51306256,0.39822374,0.39722257,7.79059198,7.84608849,1,1,120.15957257,1
1825,0.48010749,0.48927131,0.51288444,0.36033837,0.41674724,7.68622944,7.705742,1,1,444.40189823,1
1826,0.52408519,0.56150471,0.52154261,0.39378303,0.40196108,7.78231139,7.83230034,1,1,342.31655833,1
1827,0.53630478,0.56074367,0.53245562,0.43568384,0.38487541,7.88708563,7.92408025,1,1,1582.95393335,1
1828,0.53661845,0.55747785,0.53475931,0.45659104,0.36762399,7.6923143,7.69684406,1,1,100.00001813,1
1829,0.53430775,0.54768055,0.51354423,0.49588677,0.35041013,7.73840361,7.76550386,1,1,100.58817456,1
1830,0.55722391,0.56923481,0.52118842,0.53372915,0.33447878,7.93139352,7.98806762,1,1,1160.85836174,1
1831,0.55732689,0.56918897,0.52121967,0.56546245,0.32144688,7.63955107,7.67800924,1,1,109.22684708,1
1832,0.54443162,0.52368034,0.54177289,0.59996773,0.34447241,7.63323296,7.63569476,1,1,749.52391508,1
1833,0.52060668,0.54397732,0.53707865,0.63381758,0.35938968,7.78653247,7.80399095,1,1,1584.57580808,1
1834,0.53516691,0.53586527,0.54635832,0.59146869,0.34228718,7.7712341,7.7959799,1,1,102.89096316,1
1835,0.51207498,0.52888899,0.54677343,0.68866785,0.39967533,7.57607896,7.61083418,1,1,1518.88478211,0
1836,0.51261818,0.52445711,0.53662789,0.66061918,0.41695663,7.60576328,7.66231874,1,1,100.0014202,0
1837,0.50282042,0.52281435,0.534268,0.53741785,0.41288229,7.84591301,7.85595816,1,1,100.00338922,0
1838,0.50280756,0.52236297,0.53422432,0.42441959,0.41345735,7.65006264,7.67264569,1,1,1515.4114232,0
1839,0.55462387,0.50555119,0.34555031,0.54441371,0.47340963,7.53736198,7.60177847,1,1,100.34523105,0
1840,0.60580194,0.45072398,0.1397427,0.66113632,0.50054524,7.70989708,7.76448419,1,1,1577.93676941,0
1841,0.6511329,0.39779127,0.93289895,0.77788945,0.44492238,7.79537771,7.83917224,1,1,102.669645,0
1842,0.71888392,0.36871534,0.80075477,0.81853535,0.38008746,7.670202,7.68871843,1,1,1582.38386204,0
1843,0.71892703,0.36848043,0.80074237,0.91522113,0.32477228,7.38737583,7.40331107,1,1,1583.34320983,0
1844,0.72330047,0.36592472,0.71749964,1,0.26044063,7.74524035,7.75701734,1,1,1584.78404045,0
1845,0.64467049,0.42270483,0.65740755,0.98695351,0.19044635,7.67321232,7.68681847,1,1,1582.77494273,0
1846,0.54504201,0.4878457,0.52990565,1,0.23662575,7.79915401,7.84595555,1,1,864.50347163,0
1847,0.46378873,0.54899864,0.39107021,1,0.2715195,7.7053533,7.75777513,1,1,136.32089275,0
1848,0.38120909,0.60095835,0.29311244,1,0.20648653,7.70996104,7.72750871,1,1,100.85515432,0
1849,0.34281669,0.61801396,0.23417051,1,0.17756057,7.66698477,7.71161818,1,1,100.07463794,0
1850,0.34280481,0.61802093,0.23416176,0.91545967,0.10843843,7.82567499,7.83400851,1,1,176.56615513,0
1851,0.37566009,0.65725342,0.37245245,1,0.05722,7.7841533,7.80477558,1,1,1583.93902359,0
1852,0.45122467,0.62160035,0.49170269,0.91943082,0.00809353,7.70908763,7.78250392,1,1,1508.63488285,0
1853,0.56719287,0.54684211,0.65247149,0.79420898,0.05964072,7.92111925,7.98648144,1,1,1529.82746326,0
1854,0.61760697,0.4975301,0.79418166,0.90677631,0.1134436,7.73773926,7.79173838,1,1,1483.46088987,0
1855,0.69073651,0.4550752,0.86845774,0.99988594,0.09538728,7.69034566,7.71666124,1,1,1584.57308931,0
1856,0.69058781,0.45497532,0.86844436,0.90779821,0.14511325,7.78004973,7.79290711,1,1,1584.89196276,0
1857,0.62672732,0.42174959,0.70034952,1,0.10418954,7.54780907,7.58232283,1,1,1568.33024684,0
1858,0.53508566,0.44712006,0.53188746,1,0.03628573,7.67110967,7.73279188,1,1,1344.12477789,0
1859,0.40891656,0.45056202,0.27628124,0.87022132,0,7.97612929,8.01128588,1,1,100.00045542,0
1860,0.31305613,0.45889227,0.09892554,0.80008334,0,7.73337562,7.78111947,1,1,1584.89176661,0
1861,0.25814749,0.45971381,0.97434387,0.90283547,0.03355957,7.69120798,7.76756317,1,1,1476.27048976,0
1862,0.25822084,0.46053682,0.9744978,0.99326576,0,7.57312099,7.63453606,1,1,428.20046464,0
1863,0.35502185,0.56309646,0.81435055,0.93376005,0.04748415,7.58408936,7.60831203,1,1,104.82979764,0
1864,0.46237117,0.55215377,0.6620977,1,0.09132615,7.8030602,7.88032277,1,1,100.00010562,0
1865,0.576353,0.55897145,0.43667779,0.87000962,0.11283903,7.81117702,7.87045097,1,1,100.00156754,0
1866,0.68764704,0.55829086,0.19996607,0.97961039,0.12243724,7.66347386,7.72252194,1,1,102.26519821,0
1867,0.79436238,0.54950391,0.02979734,1,0.17275573,7.76900543,7.77067923,1,1,261.20190853,0
1868,0.85851248,0.55799057,0.91450928,1,0.10356349,7.69584695,7.74741056,1,1,1553.15838319,0
1869,0.85856278,0.55812262,0.91455801,0.87000259,0.13599318,7.54777528,7.60818473,1,1,1502.46409407,0
1870,0.77087964,0.52140245,0.83476143,0.98249349,0.18835618,7.68651873,7.70886067,1,1,1472.22834533,0
1871,0.70667498,0.50134829,0.75460963,0.93289675,0.17459114,7.79404429,7.85450311,1,1,1577.05283113,1
1872,0.56891372,0.48310903,0.59191628,0.93534349,0.16537196,7.89971173,7.97187531,1,1,1525.51460755,1
1873,0.46577444,0.48427633,0.45060212,0.96652831,0.15240727,7.41909287,7.48004988,1,1,1584.87892074,1
1874,0.36085232,0.46332777,0.34639809,0.99709322,0.17750845,7.59267323,7.64062694,1,1,115.97648193,1
1875,0.29507982,0.47840954,0.28997525,1,0.16445562,7.79056144,7.81634803,1,1,1499.88105735,1
1876,0.29510455,0.47881144,0.28998483,1,0.15142334,7.90299501,7.93311212,1,1,295.25234338,1
1877,0.31095766,0.53800847,0.30623195,1,0.15957277,7.8533298,7.87230822,1,1,197.03074154,1
1878,0.3158578,0.53966662,0.3060949,1,0.15942234,7.51699062,7.5640706,1,1,101.33374375,1
1879,0.33764473,0.53286269,0.31295666,0.95280403,0.18623312,7.8479507,7.92634457,1,1,1584.79946043,1
1880,0.34347598,0.55374057,0.30438076,0.91425537,0.20775155,7.58349865,7.63328772,1,1,1584.51943122,1
1881,0.38041511,0.5399392,0.32114197,0.88868844,0.20846186,7.59216617,7.63335682,1,1,1582.96125153,1
1882,0.39049508,0.54871171,0.31345088,0.84293663,0.19429764,7.76857226,7.82409981,1,1,101.80152285,1
1883,0.40845348,0.54152969,0.32626807,0.87040227,0.18464047,7.50537475,7.56806023,1,1,100.06754934,1
1884,0.41457284,0.5295646,0.32066368,0.89963352,0.21090128,7.59324342,7.61202609,1,1,1584.89176252,1
1885,0.42013422,0.53284701,0.32029831,0.93108879,0.20426121,7.73562427,7.76138043,1,1,185.95260021,1
1886,0.42013471,0.53264985,0.32035166,0.91288717,0.22979893,7.63688445,7.65669401,1,1,1584.78059545,1
1887,0.43013706,0.60384531,0.33174788,0.86646301,0.2540388,7.81111459,7.87455147,1,1,1584.87758323,1
1888,0.4341479,0.59946658,0.33930818,0.83054189,0.24033428,7.4697468,7.47759128,1,1,833.63307203,1
1889,0.45722622,0.60919752,0.34537464,0.8591124,0.25353784,7.69570774,7.75433723,1,1,100.14827418,1
1890,0.47510284,0.59117427,0.35569389,0.86191213,0.25600846,7.74072433,7.77048528,1,1,100.1734266,1
1891,0.46658648,0.59063551,0.3665251,0.82790252,0.24177178,7.66805861,7.72905412,1,1,258.65278741,1
1892,0.47913027,0.57793467,0.35571451,0.80556569,0.22699173,7.57364229,7.60472488,1,1,1213.92584236,1
1893,0.47919802,0.57758786,0.35557422,0.83819143,0.22685108,7.53920053,7.57218872,1,1,1577.89081164,1
1894,0.45413487,0.62106008,0.37806694,0.86992341,0.25024074,7.9507897,8.02851101,1,1,108.95841684,1
1895,0.47705194,0.60801972,0.37673499,0.88188266,0.24110152,7.53503944,7.59063958,1,1,693.3675821,1
1896,0.47040831,0.59897627,0.39370809,0.84482711,0.22819145,7.57906597,7.58512035,1,1,100.00000912,1
1897,0.47199362,0.56935891,0.39335468,0.87449103,0.21401398,7.69671477,7.70358983,1,1,100.03285235,1
1898,0.4974645,0.56374814,0.40327682,0.83556036,0.22155506,7.70520477,7.78077878,1,1,100.03806862,1
1899,0.5078645,0.56986158,0.40622741,0.85166572,0.20728137,7.79462755,7.8354122,1,1,351.62743255,1
1900,0.50787941,0.56967292,0.40614627,0.83144361,0.19649859,7.67438119,7.7319722,1,1,100.09876596,1
1901,0.48415083,0.56405652,0.43274474,0.86363195,0.22212017,7.75092053,7.81893868,1,1,1584.88982603,1
1902,0.48453724,0.57008401,0.42561503,0.89593508,0.23045392,7.64668632,7.64904833,1,1,121.38180157,1
1903,0.50788001,0.5510055,0.42154393,0.92514757,0.23465005,7.61261643,7.62435232,1,1,100.00008346,1
1904,0.50449467,0.5687605,0.44220115,0.92371461,0.22583706,7.54465726,7.54892877,1,1,1584.89281689,1
1905,0.48938653,0.54661818,0.42307347,0.87975772,0.2123423,7.52763873,7.60252452,1,1,1495.63120824,1
1906,0.50864032,0.55038517,0.43362265,0.90775815,0.23360162,7.59097913,7.60756021,1,1,100.00092528,1
1907,0.50870109,0.55028669,0.43358399,0.88761461,0.22774328,7.66691262,7.69148948,1,1,1584.20226769,1
1908,0.47532681,0.53479298,0.43801326,0.91984127,0.25280979,7.73921157,7.78641371,1,1,102.10766315,1
1909,0.4694818,0.52536606,0.44326032,0.95124929,0.26705387,7.79566918,7.83377962,1,1,1577.59832819,1
1910,0.46963317,0.51721452,0.47309324,0.97344581,0.2915421,7.63996911,7.65195579,1,1,1558.34024205,1
1911,0.46350979,0.52498314,0.46701837,0.99819646,0.31555078,7.74473772,7.77940743,1,1,1584.48798605,1
1912,0.48852588,0.51630536,0.45777052,0.94831675,0.30159938,7.63532269,7.64428975,1,1,1551.50401191,1
1913,0.48854632,0.51589919,0.4577674,0.9612548,0.29900683,7.90325438,7.93691304,1,1,1584.88936765,1
1914,0.47620043,0.57161528,0.4655561,0.98850321,0.32268709,7.73217229,7.74930384,1,1,100.00756859,1
1915,0.47609632,0.55977599,0.49062976,0.95042847,0.30973383,7.62808214,7.69314285,1,1,1584.89319079,1
1916,0.48739181,0.54718983,0.50213331,0.90238851,0.32784303,7.82562845,7.82713107,1,1,1584.88098465,1
1917,0.52022033,0.54412032,0.48840281,0.85584938,0.33989145,7.75231983,7.82857035,1,1,1584.89128359,1
1918,0.51041727,0.52258326,0.50216225,0.80874563,0.32336694,7.65294409,7.67060718,1,1,100.31187479,1
1919,0.51027948,0.52243131,0.50212553,0.76268574,0.34673914,7.66939616,7.71664151,1,1,100.00000774,1
1920,0.52156537,0.45553138,0.50421147,0.72214626,0.36044177,7.52466461,7.53644979,1,1,394.81464599,1
1921,0.51438861,0.48199583,0.50976051,0.67774399,0.34493188,7.84227067,7.8601717,1,1,114.5024357,1
1922,0.51364009,0.49010479,0.51229527,0.71274345,0.32809087,7.65962954,7.70995614,1,1,1508.73376991,1
1923,0.50546554,0.49642376,0.50619721,0.66864998,0.32047373,7.68333497,7.75166974,1,1,626.9332138,1
1924,0.50548571,0.49669523,0.50617306,0.6947793,0.30410706,7.68772195,7.69348532,1,1,1583.98856599,1
1925,0.47764681,0.48479043,0.52029706,0.72381982,0.32512924,7.91337059,7.97020116,1,1,1397.22286755,1
1926,0.47545563,0.47469321,0.52465471,0.75900385,0.30892455,7.5764405,7.60229442,1,1,125.85732999,1
1927,0.48769869,0.46588003,0.51876273,0.71794388,0.29763271,7.74417741,7.75504738,1,1,1393.29570978,1
1928,0.47332497,0.47283782,0.51823817,0.67825172,0.32150806,7.71957808,7.72610676,1,1,1527.20477285,1
1929,0.4889315,0.47996648,0.50905136,0.68459506,0.31234494,7.54909909,7.55856775,1,1,1008.89763749,1
1930,0.48884429,0.47960145,0.50917911,0.6411031,0.29630769,7.71526497,7.76663366,1,1,100.00000064,1
1931,0.52926283,0.58259082,0.53644011,0.67562057,0.28040837,7.52941348,7.59710446,1,1,1560.52260672,1
1932,0.5357164,0.55265419,0.5163523,0.63337616,0.30479784,7.64518234,7.67729153,1,1,1583.53926198,1
1933,0.53261975,0.57149176,0.5173161,0.62355285,0.3208745,7.75237542,7.80320632,1,1,100.00440789,1
1934,0.55409307,0.55387945,0.51607874,0.59661452,0.30533822,7.75320765,7.75942625,1,1,1584.89285188,1
1935,0.55915506,0.53837731,0.52000408,0.63464945,0.31335796,7.95503035,8.01547186,1,1,100.34357199,1
1936,0.55901845,0.53835822,0.52007896,0.67157006,0.29716319,7.69333607,7.73974368,1,1,1583.44041502,1
1937,0.55293281,0.50563134,0.54326781,0.63666279,0.29810036,7.65781713,7.66216837,1,1,1578.08656103,1
1938,0.54120277,0.49186805,0.53764983,0.60244823,0.29321463,7.79607148,7.86779763,1,1,141.72226637,1
1939,0.51527417,0.48704513,0.5288071,0.56349676,0.28940487,7.82874437,7.84190079,1,1,736.73489902,1
1940,0.53191677,0.49623487,0.53707226,0.52556404,0.31357878,7.56867394,7.62717124,1,1,1584.72984476,1
1941,0.52563747,0.48968761,0.54214698,0.56240227,0.32808786,7.76002637,7.8309726,1,1,118.96369846,1
1942,0.52476955,0.50045423,0.5357938,0.55601641,0.31457086,7.88747347,7.95724025,1,1,100.00015976,1
1943,0.52479684,0.50048858,0.53575086,0.5891143,0.30148781,7.57070697,7.64213548,1,1,100.01580622,1
1944,0.52573621,0.45851971,0.56478567,0.6231177,0.28891967,7.62814474,7.64533657,1,1,1293.84660379,1
1945,0.52094152,0.47028092,0.5311238,0.58163061,0.29988129,7.70296871,7.77327833,1,1,1546.25757565,1
1946,0.4912995,0.45996753,0.54166297,0.54026325,0.290962,7.51623307,7.5221102,1,1,1584.69994105,1
1947,0.50409431,0.45529112,0.54579988,0.50152714,0.27933174,7.90388836,7.95415905,1,1,100.01052661,1
1948,0.47615215,0.47011679,0.53194611,0.54088185,0.30332051,7.62841824,7.66987049,1,1,100.00029009,1
1949,0.47629454,0.46977957,0.53179068,0.55737532,0.32323325,7.95004247,8.02653211,1,1,1419.79522152,1
1950,0.48612932,0.51441525,0.53575604,0.51639602,0.31236752,7.65340358,7.69637806,1,1,1584.84925473,1
1951,0.51500295,0.52221376,0.54302556,0.5560681,0.32280386,7.82930197,7.88552082,1,1,315.32206025,1
1952,0.51174971,0.51336215,0.55419128,0.54561545,0.34464838,7.77896689,7.85583592,1,1,128.68310144,1
1953,0.52739532,0.51256354,0.54684596,0.52601925,0.34035585,7.64670642,7.70100217,1,1,1067.45897989,1
1954,0.54733722,0.4959519,0.52485161,0.48550511,0.36352801,7.60978699,7.62708703,1,1,100.00027464,1
1955,0.54717905,0.4958989,0.52485126,0.44782546,0.38622937,7.81547637,7.82882647,1,1,100.04744432,1
1956,0.58141886,0.43845266,0.55099086,0.48716535,0.40785707,7.75060305,7.80488182,1,1,120.30235607,1
1957,0.55107321,0.46221664,0.53315929,0.47638716,0.42885531,7.77413048,7.84652463,1,1,1584.47165004,1
1958,0.54615182,0.47719018,0.53388174,0.44197398,0.44892312,7.71950028,7.76973822,1,1,103.91046989,1
1959,0.531495,0.48361014,0.53552795,0.4590337,0.43002417,7.75622857,7.77252586,1,1,100.01339443,1
1960,0.52751056,0.47628189,0.54409382,0.47725176,0.44763169,7.84216575,7.84367325,1,1,100.00041526,1
1961,0.52762353,0.47618818,0.54410261,0.45366028,0.46737754,7.8106253,7.87258657,1,1,100.00001331,1
1962,0.5498928,0.43407163,0.54778198,0.43320917,0.44979351,7.56286166,7.60793458,1,1,100.00000006,1
1963,0.53228506,0.44386191,0.56969845,0.40277255,0.43236808,7.78602444,7.78870196,1,1,1584.37042893,1
1964,0.53774339,0.43120918,0.53983833,0.44463913,0.4138426,7.48554763,7.51938849,1,1,1539.63827202,1
1965,0.50799402,0.44346379,0.54727636,0.48127914,0.39685543,7.79073119,7.81346152,1,1,1500.70620754,1
1966,0.51095283,0.47081489,0.55333564,0.52164003,0.38393109,7.76452358,7.83906584,1,1,114.77256059,1
1967,0.51082079,0.47125449,0.55340563,0.48256403,0.3674198,7.93307406,8.00348636,1,1,1572.12186649,1
1968,0.54963527,0.46155827,0.57287814,0.47770938,0.35972527,7.57137726,7.57977409,1,1,1584.89317893,1
1969,0.55252311,0.45134852,0.55307788,0.43816687,0.35271635,7.82008667,7.87948633,1,1,111.27478018,1
1970,0.53638062,0.48635839,0.53776096,0.46976971,0.35558585,7.82457,7.86876378,1,1,1584.8923174,1
1971,0.53808988,0.47648288,0.5229312,0.43037685,0.35712669,7.7854567,7.79617746,1,1,1458.25407035,1
1972,0.52489013,0.50339099,0.52254192,0.39676303,0.36988339,7.8155918,7.8225433,1,1,1584.89319211,1
1973,0.52499195,0.50353072,0.52254148,0.37128505,0.39239985,7.93568276,7.98847366,1,1,117.43781968,1
1974,0.52496247,0.42390336,0.52948504,0.39513982,0.37518263,7.586403,7.61041519,1,1,1406.3305316,1
1975,0.53327015,0.43654339,0.51999444,0.37413689,0.35773884,7.79499618,7.81059639,1,1,108.31661266,1
1976,0.51485286,0.44634388,0.541258,0.38864042,0.3405914,7.54309834,7.60650268,1,1,974.30787463,1
1977,0.50513072,0.47085319,0.51806804,0.35188904,0.32995124,7.85251722,7.85789448,1,1,371.62182233,1
1978,0.49601776,0.45892927,0.51656808,0.38371514,0.35160361,7.64286596,7.64718753,1,1,581.12386892,1
1979,0.49605194,0.45974316,0.51654781,0.34705986,0.33951377,7.72379174,7.77218616,1,1,466.43820246,1
1980,0.5347421,0.48813849,0.51422939,0.32311975,0.32701276,7.5175642,7.58265638,1,1,100.00000003,1
1981,0.55901292,0.5132304,0.54181592,0.28693393,0.34671255,7.62607916,7.70063757,1,1,1584.71651844,1
1982,0.5450377,0.50585026,0.52406169,0.26936352,0.32980891,7.92588402,7.9579335,1,1,1507.57518663,1
1983,0.53252847,0.51208204,0.52672319,0.23503665,0.31781852,7.55231354,7.56270743,1,1,842.88458479,1
1984,0.53247864,0.51175405,0.52669213,0.20040677,0.31038092,7.63721811,7.67564296,1,1,100.01299915,1
1985,0.52646588,0.43507097,0.54616898,0.20774848,0.29707068,7.48453995,7.52751655,1,1,1116.57681128,1
1986,0.52880481,0.43825224,0.53104062,0.22618415,0.3179527,7.6886054,7.72714589,1,1,100.40565218,1
1987,0.50463672,0.4644838,0.541949,0.23781349,0.34153675,7.63979821,7.69775576,1,1,1584.88934966,1
1988,0.51545049,0.45814486,0.54625438,0.26785023,0.36460368,7.70239394,7.71975723,1,1,102.44908329,1
1989,0.5143464,0.48042368,0.52728087,0.2939674,0.38291053,7.93617922,8.00451928,1,1,1584.41986972,1
1990,0.51446053,0.48020236,0.52721748,0.26663858,0.36851539,7.93096418,7.96599844,1,1,1316.86369125,1
1991,0.55640171,0.47240074,0.52442421,0.24657119,0.39030308,7.55982928,7.63232103,1,1,100.00004173,1
1992,0.53519943,0.46190615,0.54807279,0.2289448,0.4124949,7.61358416,7.62758684,1,1,100.1017842,1
1993,0.54008434,0.47622629,0.54286766,0.24140422,0.41371773,7.69988856,7.74383709,1,1,104.82087272,1
1994,0.53733884,0.48000116,0.54279591,0.28657601,0.43395747,7.81104741,7.83146761,1,1,100.04235303,1
1995,0.52684295,0.49195936,0.51966573,0.32533069,0.42448913,7.76099353,7.78403456,1,1,1503.50762296,1
1996,0.52686951,0.49200943,0.51968287,0.29789883,0.40733177,7.61833443,7.69068452,1,1,106.00794542,1
1997,0.49265949,0.42106817,0.53501013,0.34155994,0.39762026,7.52326566,7.52984865,1,1,100.00871994,1
1998,0.50814531,0.440311,0.54157869,0.30486786,0.38075767,7.66948124,7.6695635,1,1,100.21094159,1
1999,0.49026744,0.44151967,0.52930272,0.34862777,0.36406522,7.72576907,7.80159429,1,1,279.52902326,1
2000,0.4910259,0.44777404,0.51611352,0.31533379,0.34733258,7.43997298,7.46108782,1,1,772.13119452,1
2001,0.47617829,0.45634,0.51622071,0.35865882,0.3667972,7.36685999,7.42884209,1,1,1346.49480862,1
2002,0.47615118,0.45616877,0.51619026,0.34902305,0.38807315,7.85545571,7.87165416,1,1,100.00117524,1
2003,0.52709402,0.51183614,0.51617217,0.39181997,0.38637472,7.73589849,7.74159781,1,1,100.13729818,1
2004,0.5523477,0.51114317,0.52302335,0.38472475,0.3993084,7.68695452,7.71637673,1,1,201.10825338,1
2005,0.55862468,0.52889024,0.54424228,0.36720698,0.40883903,7.80252319,7.80448485,1,1,102.59338444,1
2006,0.54147556,0.52650338,0.53775146,0.33768873,0.4305507,7.76058344,7.80535235,1,1,100.89497699,1
2007,0.54073872,0.5206223,0.54096886,0.30441131,0.41214997,7.69021514,7.69220224,1,1,1547.72137617,1
2008,0.53816129,0.52786303,0.51378174,0.34504389,0.40755083,7.83817467,7.87649837,1,1,113.56190373,1
2009,0.53817747,0.52829223,0.51379279,0.34693486,0.42846131,7.50003053,7.52370716,1,1,455.47904202,1
2010,0.50869136,0.48359937,0.51919883,0.33729593,0.44983129,7.59676564,7.64161586,1,1,270.65732242,1
2011,0.52418776,0.48208216,0.53683652,0.30436298,0.43094181,7.70383692,7.77195589,1,1,296.0637298,1
2012,0.50496564,0.48528615,0.53435318,0.33007002,0.45087289,7.70357166,7.75145508,1,1,1498.74787096,1
2013,0.49756972,0.49409274,0.52769998,0.34883215,0.46771548,7.59920244,7.63648672,1,1,100.08809252,1
2014,0.495721,0.50597565,0.54103456,0.36138693,0.44837492,7.77305199,7.79232482,1,1,101.63131937,1
2015,0.49563806,0.50632007,0.54111059,0.33086091,0.46829816,7.59601719,7.66043697,1,1,1583.05973968,1
2016,0.47799628,0.5364179,0.54356483,0.37309311,0.47912633,7.88554463,7.90939886,1,1,104.62102874,1
2017,0.49413814,0.5317791,0.56131153,0.33740291,0.49948718,7.8315535,7.84987223,1,1,1573.21217129,1
2018,0.49019913,0.49478525,0.53171968,0.30153562,0.51119361,7.93099453,7.98756721,1,1,1245.95784836,1
2019,0.48411224,0.49788865,0.53152434,0.3270926,0.53078909,7.64719241,7.66671335,1,1,386.81799103,1
2020,0.51426668,0.498911,0.53976177,0.37054235,0.51217586,7.5940819,7.65744094,1,1,1584.6169272,1
2021,0.51440176,0.4999802,0.53970571,0.38457422,0.49261363,7.62022025,7.69024566,1,1,131.23589174,1
2022,0.53568427,0.44742069,0.55716595,0.42687824,0.47545247,7.81094091,7.88532076,1,1,1420.73675949,1
2023,0.54166845,0.45729771,0.54251096,0.40357916,0.4633877,7.84162481,7.89874522,1,1,100.0608227,1
2024,0.51067541,0.45702034,0.52638485,0.36614762,0.48313971,7.40363795,7.43904411,1,1,1450.39004479,1
2025,0.50889741,0.47948282,0.54590653,0.35783914,0.50281833,7.75499989,7.79615999,1,1,100.00183968,1
2026,0.51745619,0.48114499,0.52231774,0.36922216,0.48318774,7.66950617,7.6730123,1,1,424.11145504,1
2027,0.51732997,0.48135169,0.52239813,0.34014028,0.46864535,7.78680061,7.82059691,1,1,100.00001886,1
2028,0.54588244,0.48187709,0.52658948,0.32079484,0.46248176,7.60749023,7.65802258,1,1,100.00243133,1
2029,0.55869211,0.48841852,0.54239369,0.28729853,0.44592756,7.59917058,7.65780124,1,1,103.15587409,1
2030,0.54341127,0.50747228,0.53915815,0.30343217,0.46268185,7.53053628,7.58810582,1,1,100.00002485,1
2031,0.51997823,0.4987394,0.53985653,0.2705263,0.45895244,7.75610569,7.8243652,1,1,1584.8904498,1
2032,0.53522098,0.51264622,0.5385312,0.3131488,0.4646659,7.72464244,7.74246257,1,1,1449.88999959,1
2033,0.53524635,0.51258783,0.53852515,0.35587597,0.47421139,7.71353956,7.76327926,1,1,100.00278829,1
2034,0.54356293,0.49255655,0.55471819,0.37143156,0.4932089,7.72206742,7.73101148,1,1,1480.61410754,1
2035,0.51756174,0.49594826,0.55724022,0.37978236,0.51308305,7.80012392,7.87612763,1,1,100.17758586,1
2036,0.52486694,0.48635366,0.53265224,0.35377766,0.52728687,7.96476455,7.99315414,1,1,100.49044948,1
2037,0.51670702,0.49571491,0.54462997,0.31734161,0.50718456,7.66011778,7.70414416,1,1,367.48352682,1
2038,0.51439798,0.48453952,0.55557453,0.28106774,0.52701013,8.08624152,8.15394862,1,1,115.8626701,1
2039,0.51455832,0.48408854,0.55579817,0.27680123,0.50726,7.74176565,7.75724461,1,1,100.02478783,1
2040,0.56757286,0.47130711,0.56141931,0.29688876,0.51974255,7.89192572,7.917123,1,1,255.76902196,1
2041,0.538316,0.47658136,0.56508051,0.26884163,0.51763941,7.47849809,7.54534888,1,1,1572.60107745,1
2042,0.54895223,0.4859279,0.56496126,0.24240233,0.5345831,7.63327589,7.6915891,1,1,100.52743799,1
2043,0.52341107,0.50863643,0.56112794,0.26364203,0.54186564,7.71670085,7.74715189,1,1,109.93767829,1
2044,0.51644012,0.50963032,0.5407972,0.30813993,0.56049937,7.91251071,7.92059755,1,1,1584.8931696,1
2045,0.51642473,0.50983401,0.54085733,0.3103039,0.55568944,7.64898853,7.64940841,1,1,1584.89301697,1
2046,0.50059654,0.46980663,0.55908682,0.27511132,0.57457457,7.51912283,7.52399488,1,1,105.54980889,1
2047,0.49863594,0.47352195,0.54829902,0.30767009,0.59119751,7.55689183,7.55970614,1,1,100.17082653,1
2048,0.48714605,0.46202558,0.55040706,0.32088942,0.58826729,7.63215892,7.67692264,1,1,100.00013629,1
2049,0.4941051,0.48215817,0.52210097,0.36247253,0.56654756,7.59476792,7.61874393,1,1,1241.04198352,1
2050,0.48251183,0.47482291,0.5398602,0.37690507,0.5546829,7.58501506,7.63270205,1,1,231.75618346,1
2051,0.48250006,0.47479875,0.54003642,0.36208569,0.53375563,7.54347959,7.58589611,1,1,1576.75707729,1
2052,0.49198044,0.55437141,0.55721696,0.33008798,0.55301109,7.50469824,7.5192688,1,1,157.92316234,1
2053,0.49912849,0.53826907,0.53283616,0.32041547,0.56723363,7.77220978,7.81145537,1,1,1570.66488484,1
2054,0.51196139,0.53378857,0.53179563,0.36168334,0.54746362,7.71827701,7.73006044,1,1,989.14981638,1
2055,0.52188177,0.52208265,0.54081608,0.33311425,0.52655061,7.56601048,7.59760575,1,1,1489.81300908,1
2056,0.54696335,0.5322241,0.52897193,0.35609355,0.54492106,7.80742113,7.81092664,1,1,378.90628111,1
2057,0.54688742,0.53223851,0.52895404,0.3190412,0.56334822,7.61393574,7.62690403,1,1,100.00024341,1
2058,0.5174383,0.47913833,0.52927539,0.36162358,0.54760059,7.82912465,7.85234625,1,1,100.00003873,1
2059,0.52375906,0.48052118,0.53155852,0.32514457,0.55246318,7.75685574,7.78488474,1,1,112.21777085,1
2060,0.51533063,0.49773725,0.53779458,0.3686124,0.53256433,7.70561453,7.76184766,1,1,100.49421415,1
2061,0.52069653,0.49308528,0.52415802,0.40783697,0.51233805,7.63384271,7.65266074,1,1,316.52421861,1
2062,0.51336424,0.48678346,0.53815253,0.44433405,0.5315064,7.69017774,7.73428623,1,1,100.00004096,1
2063,0.51350112,0.48575116,0.53813414,0.40574765,0.55084503,7.56907422,7.60469223,1,1,103.35431002,1
2064,0.54144088,0.42639166,0.54351436,0.43851484,0.56772667,7.51638581,7.5347023,1,1,346.40857641,1
2065,0.5447238,0.44279191,0.52201141,0.40025653,0.55757696,7.41313495,7.47356646,1,1,107.12829334,1
2066,0.52586901,0.45210084,0.52642129,0.4422371,0.53693585,7.65030246,7.72437418,1,1,1133.94466518,1
2067,0.51394799,0.46563732,0.51376055,0.40587109,0.53515354,7.88130471,7.94802394,1,1,100.08690856,1
2068,0.51397341,0.46524374,0.51384191,0.40783255,0.55357867,7.60179777,7.65308096,1,1,179.45741186,1
2069,0.56294446,0.43543172,0.54244146,0.41877018,0.54138281,7.73135914,7.74041007,1,1,102.4485122,1
2070,0.53445379,0.44547336,0.51045561,0.38538312,0.56032489,7.90681484,7.98197904,1,1,1582.91813443,1
2071,0.52865115,0.44555886,0.51458607,0.4091985,0.56497626,7.79520404,7.836166,1,1,1501.98789429,1
2072,0.52460184,0.46688036,0.51103897,0.37440582,0.54441542,7.8406789,7.90120384,1,1,1550.05763031,1
2073,0.52367407,0.47137929,0.51522494,0.41668335,0.56291745,7.69327521,7.74217663,1,1,132.13868204,1
2074,0.52368486,0.47086546,0.51538997,0.39252879,0.57887657,7.84433054,7.85782331,1,1,1558.93009063,1
2075,0.56620003,0.44980821,0.5221714,0.36077681,0.59313043,7.63001233,7.66317092,1,1,1562.61288777,1
2076,0.56817936,0.45727588,0.53495115,0.40188559,0.57235805,7.71761155,7.77845352,1,1,566.0770996,1
2077,0.55876259,0.48472922,0.51360869,0.44181586,0.58111435,7.59351101,7.6007507,1,1,100.00003044,1
2078,0.5506934,0.49122627,0.51758097,0.47902803,0.56884008,7.80259893,7.86424222,1,1,168.78843543,1
2079,0.54263387,0.48674174,0.51345527,0.44175854,0.58432218,7.73997399,7.79323686,1,1,1584.34388102,1
2080,0.54257748,0.48690413,0.51348016,0.40519797,0.58915703,7.64673632,7.66553792,1,1,1584.35923565,1
2081,0.55877174,0.44810149,0.5321278,0.3924116,0.57498668,7.46360829,7.52658177,1,1,100.03476491,1
2082,0.55115958,0.47237481,0.51597848,0.3634743,0.59322959,7.67367894,7.72913793,1,1,111.32248865,1
2083,0.53542213,0.46462461,0.54004928,0.3516874,0.5968801,7.77508641,7.82146692,1,1,100.45111547,1
2084,0.51187739,0.47546176,0.53042753,0.39327214,0.61397614,7.52070716,7.53748862,1,1,319.2069469,1
2085,0.51382428,0.46828977,0.51014953,0.40651054,0.59438315,7.83871728,7.87122814,1,1,100.18271773,1
2086,0.51396666,0.46876555,0.51013217,0.38283459,0.60593074,7.75006615,7.82273826,1,1,100.60819859,1
2087,0.57409721,0.45545651,0.51186028,0.35402886,0.58385049,7.59100169,7.64301736,1,1,1582.34671863,1
2088,0.55683626,0.47681972,0.52191791,0.33777357,0.56416621,7.62472325,7.69091813,1,1,1532.60434956,1
2089,0.56101608,0.49285713,0.5370555,0.40157852,0.54167951,7.80858176,7.86809599,1,1,100.00000959,0
2090,0.52992436,0.49394435,0.52158245,0.52146359,0.4848904,7.8480831,7.90985992,1,1,100.58709305,0
2091,0.53551108,0.49171137,0.50787762,0.44590035,0.47139784,7.73316433,7.79088758,1,1,121.23492905,0
2092,0.53554834,0.49231869,0.50777264,0.55991735,0.4134392,7.52218107,7.56427721,1,1,1584.59779658,0
2093,0.43892633,0.41832449,0.48843744,0.67318847,0.46132385,7.82852351,7.88647183,1,1,1584.57496775,0
2094,0.37138769,0.40161632,0.48333447,0.54975811,0.51742595,7.85501896,7.90020459,1,1,110.55541656,0
2095,0.28038296,0.36636763,0.46917035,0.58048239,0.46120832,7.66769485,7.68727948,1,1,1568.23270298,0
2096,0.22931939,0.34970849,0.43468965,0.56988699,0.41256173,7.8615527,7.93287716,1,1,101.32460257,0
2097,0.22923699,0.34962841,0.43467587,0.44908004,0.46683186,7.70593813,7.73139393,1,1,103.23045098,0
2098,0.33403105,0.44451108,0.45743268,0.33155834,0.45027761,7.55869489,7.58824024,1,1,115.62889652,0
2099,0.39385111,0.50943972,0.48973574,0.21546073,0.5091987,7.79182828,7.86591628,1,1,100.00370277,0
2100,0.46974579,0.56142082,0.52275693,0.197806,0.45489663,7.68850798,7.69783895,1,1,133.72692916,0
2101,0.5747595,0.60173294,0.54825641,0.29327514,0.40240722,7.58238876,7.61688777,1,1,102.39749815,0
2102,0.62714743,0.64473576,0.54891089,0.41558994,0.46379005,7.75234516,7.79118625,1,1,100.00029658,0
2103,0.6620812,0.69722319,0.57134109,0.45916556,0.52389141,7.54294379,7.55182831,1,1,1580.17618739,0
2104,0.66199362,0.69725703,0.57121624,0.38366071,0.58470782,7.71057109,7.72763139,1,1,101.389758,0
2105,0.58990513,0.62867141,0.56946554,0.47151082,0.63332946,7.82052682,7.8497419,1,1,196.66784904,0
2106,0.55632124,0.56478647,0.54977215,0.45123074,0.57392999,7.75027099,7.78710918,1,1,101.96843048,0
2107,0.50416923,0.49092117,0.51700444,0.33967552,0.62976148,7.69115603,7.74966072,1,1,942.12444453,0
2108,0.44088706,0.42045269,0.50476131,0.32162731,0.6072288,7.74417534,7.79277509,1,1,1583.41359849,1
2109,0.40251253,0.37121884,0.47692254,0.31919488,0.58523509,7.82455642,7.825589,1,1,100.00228237,1
2110,0.37587744,0.32989329,0.47601961,0.35889301,0.56571985,7.82580869,7.89198735,1,1,100.00008374,1
2111,0.37575815,0.33013659,0.47613634,0.32274854,0.58431696,7.49389531,7.55395288,1,1,1584.21885176,1
2112,0.42605019,0.3828498,0.479694,0.28714644,0.59616777,7.84488981,7.92157155,1,1,100.47302311,1
2113,0.41342212,0.39376822,0.50421563,0.27513665,0.59739595,7.60032518,7.65346796,1,1,100.01743506,1
2114,0.42256024,0.38814152,0.48583258,0.2401138,0.57554413,7.79154667,7.85375121,1,1,100.10705205,1
2115,0.45421759,0.39395823,0.48551492,0.27756932,0.55943689,7.68375929,7.76040709,1,1,1576.08788119,1
2116,0.44207992,0.39530072,0.49958358,0.31738998,0.56703463,7.57662796,7.62778189,1,1,1576.83894433,1
2117,0.469369,0.40219325,0.49145686,0.36103963,0.58326095,7.55102951,7.56238965,1,1,1584.70268119,1
2118,0.45262354,0.40216558,0.49669423,0.38363818,0.58254497,7.82711573,7.86871788,1,1,105.10604863,1
2119,0.47612798,0.39317984,0.48813626,0.42566217,0.60088497,7.6548795,7.66206049,1,1,100.0027215,1
2120,0.476229,0.39345249,0.48813528,0.39527853,0.61846883,7.70678043,7.74048107,1,1,100.00028414,1
2121,0.53261226,0.41805249,0.49422188,0.36635463,0.60423897,7.6702818,7.71265981,1,1,100.1435483,1
2122,0.51569488,0.43204247,0.50773703,0.37337516,0.60096616,7.77081088,7.83356165,1,1,130.21705549,1
2123,0.53419382,0.44106369,0.50117322,0.33662521,0.60177367,7.76671448,7.8311631,1,1,1000.09496739,1
2124,0.54535462,0.4459971,0.50978989,0.36649745,0.61059534,7.531896,7.57230462,1,1,1289.32964268,1
2125,0.52380562,0.45647352,0.51629315,0.34825164,0.59460238,7.5538678,7.56643026,1,1,111.52225755,1
2126,0.52390508,0.46012375,0.49957703,0.31823519,0.57696857,7.7217023,7.75694231,1,1,1563.88815392,1
2127,0.5239613,0.46018631,0.49952967,0.361419,0.5554327,7.76582635,7.79928303,1,1,1341.41813155,1
2128,0.546404,0.42421712,0.52368662,0.35791299,0.57252528,7.58712153,7.65911799,1,1,826.90143781,1
2129,0.53001418,0.43990122,0.51518937,0.3880928,0.55122295,7.74546906,7.74724426,1,1,100.00168391,1
2130,0.51780352,0.44543673,0.50506275,0.40689578,0.57018985,7.58164264,7.58705357,1,1,1316.33365928,1
2131,0.53388825,0.45126856,0.51587527,0.44562353,0.5864915,7.76301937,7.80778541,1,1,106.70330914,1
2132,0.49885352,0.46929631,0.50712159,0.45454976,0.56739655,7.65310739,7.67086671,1,1,144.04717668,1
2133,0.49885375,0.4693889,0.50703293,0.48549175,0.554643,7.65998699,7.70753182,1,1,100.07681465,1
2134,0.49379033,0.423068,0.50726411,0.52115159,0.55028161,7.54634309,7.58585482,1,1,102.55116534,1
2135,0.48703564,0.42154496,0.51779312,0.55831458,0.56753115,7.82746775,7.86528226,1,1,102.6848822,1
2136,0.49320193,0.4469958,0.49791718,0.59637712,0.57988068,7.70239541,7.72763264,1,1,1159.18116162,1
2137,0.48632039,0.44716412,0.51766181,0.56351887,0.58770374,7.77171993,7.82131744,1,1,1581.66516331,1
2138,0.48625215,0.44714361,0.51753782,0.55238636,0.5720372,7.81886204,7.86251087,1,1,112.74988305,1
2139,0.55212878,0.4961907,0.52056448,0.57981002,0.5505966,7.48538646,7.52418869,1,1,1076.74234105,1
2140,0.53234971,0.50139595,0.54457205,0.61745808,0.56015571,7.71266211,7.77267903,1,1,1351.26900005,1
2141,0.53637691,0.50076896,0.51783719,0.57522622,0.56910235,7.73103898,7.77643223,1,1,1249.72673358,1
2142,0.54930232,0.50469322,0.51513157,0.58282133,0.58059803,7.52200372,7.53282524,1,1,535.97111787,1
2143,0.54761874,0.51372837,0.52906057,0.55338295,0.5887115,7.77259084,7.81294705,1,1,100.16832912,1
2144,0.54760657,0.51414245,0.52901007,0.56274682,0.56758552,7.86879489,7.93982393,1,1,100.5356216,1
2145,0.54462134,0.46117136,0.53105991,0.54684163,0.57642815,7.74403747,7.79614636,1,1,100.02460794,1
2146,0.54987199,0.46811354,0.54566275,0.54944017,0.55653815,7.72511587,7.79184546,1,1,103.59007695,1
2147,0.51800955,0.47617292,0.5313794,0.50886323,0.56332818,7.63831564,7.655994,1,1,714.79911638,1
2148,0.5097388,0.47624715,0.53267366,0.54644657,0.542064,7.70057618,7.729037,1,1,1575.27758381,1
2149,0.51781007,0.49925815,0.52241274,0.50921883,0.56121374,7.48134439,7.50580055,1,1,105.77377614,1
2150,0.51769909,0.49946298,0.52258628,0.5490285,0.5661237,7.80214348,7.87474637,1,1,1093.21450131,1
2151,0.47394949,0.47841548,0.53774804,0.51032397,0.56067132,7.50189902,7.55216668,1,1,640.90948972,1
2152,0.48073747,0.47122378,0.53477627,0.49884464,0.56745944,7.67653284,7.72480498,1,1,1309.72534278,1
2153,0.47096114,0.4694165,0.52577712,0.52224563,0.57377409,7.7130804,7.72388033,1,1,139.73408803,1
2154,0.47564717,0.46493932,0.53465752,0.55426611,0.59227632,7.71582826,7.71657018,1,1,1549.71434592,1
2155,0.47542343,0.46929554,0.54269317,0.51655832,0.60468432,7.69660258,7.76311443,1,1,1402.04709159,1
2156,0.47538687,0.46900492,0.54285282,0.52838667,0.62258227,7.49511303,7.56474986,1,1,1581.83957937,1
2157,0.55203438,0.54054118,0.54099634,0.53018326,0.62239476,7.77709803,7.83852855,1,1,1280.57696577,1
2158,0.54680675,0.54882555,0.54272499,0.56878273,0.60060383,7.77851004,7.80586046,1,1,1584.89275836,1
2159,0.54951143,0.53632452,0.56501705,0.59012832,0.57911876,7.88151099,7.88295633,1,1,343.25406218,1
2160,0.53696499,0.52496188,0.53911053,0.60764175,0.59058045,7.56317975,7.62494181,1,1,1536.3632292,1
2161,0.53296645,0.54574674,0.5468703,0.56592391,0.60864883,7.58564799,7.63233976,1,1,109.80023097,1
2162,0.53276241,0.54610784,0.54699183,0.55556048,0.59920095,7.65182362,7.70234961,1,1,101.65792776,1
2163,0.50668101,0.48145386,0.56968061,0.56867818,0.60160275,7.64481518,7.6987687,1,1,1420.60322397,1
2164,0.49608765,0.48244523,0.55968164,0.60558285,0.58097314,7.56363574,7.62065324,1,1,832.80607364,1
2165,0.48176771,0.51038434,0.54854905,0.5638895,0.57777231,7.7695467,7.84626569,1,1,101.78435098,1
2166,0.50404618,0.49683914,0.54635314,0.60177395,0.58236354,7.7577977,7.79027629,1,1,101.41897333,1
2167,0.49751534,0.50228443,0.53582413,0.6149679,0.59781162,7.58508582,7.63830459,1,1,104.13808059,1
2168,0.49776918,0.50217363,0.5355824,0.57269321,0.61442361,7.65431206,7.67552166,1,1,100.00028857,1
2169,0.46464009,0.52165627,0.55502917,0.53631171,0.59224312,7.70502623,7.71974785,1,1,101.6826548,1
2170,0.4641192,0.51546643,0.53781626,0.55373673,0.59997981,7.58929685,7.59269481,1,1,100.89778186,1
2171,0.47307699,0.49769042,0.54385224,0.55874128,0.57824964,7.7917897,7.86887519,1,1,103.72482626,1
2172,0.4701032,0.49829329,0.51778321,0.53565403,0.55672484,7.75147007,7.76632392,1,1,100.17216515,1
2173,0.49528931,0.49509106,0.51360576,0.51970919,0.55541811,7.59516733,7.63892552,1,1,100.0,1
2174,0.49524389,0.49467635,0.51367377,0.52430559,0.53431878,7.83290837,7.91078562,1,1,1270.83453125,1
2175,0.56729471,0.53834465,0.5207067,0.49590258,0.51666629,7.69084893,7.69653816,1,1,1551.92913285,1
2176,0.57043084,0.52429389,0.52817242,0.46089162,0.49696141,7.77407975,7.82031693,1,1,1178.84503226,1
2177,0.54232012,0.55342727,0.51420493,0.48930371,0.51504082,7.66128551,7.67760819,1,1,100.03585014,1
2178,0.5403431,0.54499272,0.53206821,0.51117764,0.52481057,7.81160508,7.81697754,1,1,100.00003088,1
2179,0.55695168,0.54601092,0.53125402,0.51307209,0.50925254,7.5252389,7.56148133,1,1,530.14488627,1
2180,0.55692778,0.54649216,0.53128399,0.55156635,0.52016139,7.54537966,7.59283853,1,1,1584.0977411,1
2181,0.52898963,0.48282841,0.53423503,0.58926988,0.539721,7.61978081,7.67462672,1,1,100.44970522,1
2182,0.53431931,0.49366255,0.54512321,0.61439026,0.55734438,7.64468059,7.6460734,1,1,112.09563373,1
2183,0.5348555,0.49877231,0.55182523,0.63079857,0.53824428,7.77716043,7.81183024,1,1,100.17470457,1
2184,0.50751665,0.49853229,0.54751439,0.66563552,0.55638141,7.69972836,7.71095719,1,1,100.48934907,1
2185,0.51139631,0.49379185,0.5444156,0.62294799,0.53556069,7.73858479,7.80340058,1,1,1584.80547039,1
2186,0.51947076,0.51065255,0.55648241,0.6570892,0.52420649,7.41330693,7.45059582,1,1,1356.3989659,1
2187,0.51933308,0.51058037,0.5564129,0.68631038,0.54225492,7.77181103,7.83125949,1,1,101.25766745,1
2188,0.54383914,0.48424659,0.55612332,0.64729424,0.55799276,7.52705674,7.59630609,1,1,128.38325562,1
2189,0.56405379,0.50349797,0.56093788,0.60603192,0.55164006,7.9437787,7.9462698,1,1,100.28518986,1
2190,0.54348718,0.50839036,0.54458821,0.64247371,0.53235444,7.44593708,7.47922098,1,1,1549.15507137,1
2191,0.51835224,0.51224982,0.5536664,0.60039881,0.54139929,7.92734308,7.9367894,1,1,123.9056005,1
2192,0.51577696,0.5134628,0.54064826,0.63726969,0.53691668,7.72192309,7.79691388,1,1,1584.84305607,1
2193,0.51578217,0.51390972,0.54052518,0.59826203,0.54866442,7.62341515,7.64566774,1,1,1555.31971424,1
2194,0.49959674,0.50307746,0.55939225,0.63622839,0.56724907,7.8044392,7.86691878,1,1,128.91148879,1
2195,0.49381436,0.48776386,0.54915439,0.6466185,0.54701591,7.83688696,7.89786014,1,1,1584.89319238,1
2196,0.48789589,0.48487398,0.5385703,0.60454156,0.56594936,7.6323181,7.67794803,1,1,100.00094334,1
2197,0.48345707,0.4879791,0.53173339,0.64234218,0.54498477,7.62617088,7.66976038,1,1,1380.98307539,1
2198,0.48509035,0.4957523,0.55295366,0.67941295,0.56315272,7.61258831,7.61774645,1,1,107.67693536,1
2199,0.48514525,0.49594527,0.55290951,0.68544868,0.56341188,7.56694255,7.58246244,1,1,202.74457715,1
2200,0.54423938,0.57257366,0.5772112,0.77156662,0.59352165,7.68945988,7.69545063,1,1,1112.41741906,0
2201,0.54923272,0.57463988,0.56669122,0.84959216,0.52827099,7.71948984,7.76980012,1,1,582.32614346,0
2202,0.55301576,0.56054674,0.56286475,0.93036023,0.46895857,7.80674924,7.82968162,1,1,1561.31458008,0
2203,0.53544802,0.57005898,0.55903489,0.95087423,0.51909413,7.74369839,7.74892022,1,1,1570.47073243,0
2204,0.55805438,0.57099694,0.55950279,1,0.45445783,7.60829144,7.63197038,1,1,1584.86851868,0
2205,0.55792075,0.57050388,0.5595173,1,0.3851821,7.7760821,7.79998208,1,1,1584.87908505,0
2206,0.47000958,0.50067062,0.52256709,1,0.31933023,7.78541739,7.86199497,1,1,100.40874489,0
2207,0.44684767,0.42749983,0.47589667,1,0.24998718,7.49919522,7.54415468,1,1,1050.47336863,0
2208,0.37911193,0.36148886,0.41054412,1,0.18567806,7.65320768,7.69157686,1,1,112.07480124,0
2209,0.33305314,0.31915929,0.37007017,1,0.18035695,7.67264857,7.71514287,1,1,107.44334225,0
2210,0.31207266,0.28773027,0.32381017,0.89572088,0.11057755,7.69492278,7.75988222,1,1,107.16855291,0
2211,0.3120102,0.28766195,0.32395849,0.99363459,0.05017175,7.77847166,7.78381626,1,1,100.01047422,0
2212,0.39986285,0.38921589,0.3775753,1,0.08284202,7.38351086,7.43950374,1,1,1584.43469833,0
2213,0.44667311,0.42882989,0.43623808,0.88912984,0.13234577,7.64487985,7.66309981,1,1,433.34196015,0
2214,0.52861962,0.49944459,0.51342081,0.77596909,0.06662414,7.38904904,7.45888369,1,1,1568.77999112,0
2215,0.59576144,0.58295157,0.58341882,0.76736589,0.02470121,7.68941065,7.71072547,1,1,1567.84273637,0
2216,0.63312014,0.6435675,0.6207218,0.64517758,0,7.58790608,7.61113487,1,1,141.90965948,0
2217,0.68310391,0.64537134,0.6412056,0.52234506,0,7.6809351,7.72935136,1,1,1580.51920335,0
2218,0.68313567,0.64561284,0.6412007,0.50606735,0.05724661,7.73949563,7.80688102,1,1,1583.77911634,0
2219,0.59218352,0.5560772,0.62575632,0.41014291,0.11613168,7.85545602,7.86092102,1,1,100.04610863,0
2220,0.55104569,0.51191837,0.56198106,0.51298573,0.16881097,7.7958245,7.85827475,1,1,952.75971264,0
2221,0.44056818,0.47828692,0.51024931,0.55444117,0.20618967,7.76544402,7.82591979,1,1,149.65964919,0
2222,0.36370216,0.40780247,0.4470739,0.43369283,0.14657691,7.75037864,7.80393583,1,1,1443.757961,0
2223,0.29709708,0.3757764,0.39311906,0.55460021,0.20610722,7.85186682,7.9264837,1,1,1584.17773553,0
2224,0.25965441,0.33653989,0.37338247,0.67274045,0.14501763,7.60733637,7.65998494,1,1,284.10584784,0
2225,0.25974535,0.33586416,0.37330842,0.78928536,0.19161831,7.74389316,7.81460224,1,1,100.00584141,0
2226,0.37219697,0.45570267,0.42565199,0.81099656,0.24537217,7.63963769,7.64643504,1,1,356.55003925,0
2227,0.4387067,0.48901484,0.45981807,0.92399629,0.20964629,7.69792618,7.72493606,1,1,100.0,0
2228,0.51944483,0.54974298,0.52862981,0.8001014,0.18115468,7.46466761,7.51289953,1,1,100.01383865,0
2229,0.62003129,0.58332004,0.55001292,0.82821263,0.19312052,7.84460562,7.90865007,1,1,139.95453929,1
2230,0.66959731,0.62021296,0.61214958,0.80389993,0.21925784,7.55858195,7.58519011,1,1,1583.93981463,1
2231,0.7366869,0.64670964,0.63126561,0.76093233,0.21280144,7.58057356,7.62406054,1,1,1582.5365868,1
2232,0.73684378,0.64674753,0.63118224,0.71613022,0.23824171,7.78843405,7.835979,1,1,1584.69868882,1
2233,0.74177954,0.59998896,0.64123428,0.67181604,0.24143782,7.86073072,7.88665579,1,1,111.62209687,1
2234,0.72808183,0.59222711,0.65065547,0.66134692,0.22689442,7.61456017,7.64147309,1,1,100.00481308,1
2235,0.71240815,0.59750306,0.6339576,0.67759816,0.23152739,7.45069555,7.46456852,1,1,100.86728731,1
2236,0.69932658,0.5887798,0.62897024,0.63560684,0.21690122,7.6691857,7.71174203,1,1,1581.26875605,1
2237,0.67657426,0.60137839,0.64972498,0.63477787,0.20283076,7.59305776,7.64363544,1,1,1004.82353839,1
2238,0.6523693,0.57821364,0.65072599,0.61013546,0.19206015,7.67032404,7.74505648,1,1,1583.10164132,1
2239,0.66348031,0.58707767,0.62598388,0.61671744,0.21660451,7.57439483,7.6438666,1,1,100.04345795,1
2240,0.64665103,0.60064515,0.61922824,0.63466184,0.24176568,7.91353524,7.92114663,1,1,1520.90769689,1
2241,0.63465014,0.58217156,0.62800064,0.59213327,0.26573911,7.5960724,7.61793644,1,1,1494.36316931,1
2242,0.63619294,0.61144707,0.61763267,0.55284385,0.25053444,7.51063863,7.53639541,1,1,100.01081542,1
2243,0.63630619,0.61136744,0.61774827,0.59159338,0.25423325,7.47811869,7.54281591,1,1,1584.89277259,1
2244,0.62927342,0.59621816,0.62207661,0.62879518,0.2747675,7.72224553,7.73649503,1,1,101.54336238,1
2245,0.62929402,0.59886221,0.64216333,0.58709944,0.28376874,7.78312897,7.85110538,1,1,103.66689389,1
2246,0.62869102,0.56800569,0.6268847,0.55239608,0.30630852,7.52484803,7.53957742,1,1,119.90937536,1
2247,0.61485809,0.59651239,0.63908676,0.59127936,0.29251756,7.63128737,7.67389657,1,1,100.72542996,1
2248,0.57450424,0.59315945,0.6107487,0.5607037,0.31650598,7.54257211,7.57145532,1,1,1185.80536856,1
2249,0.57666011,0.5827326,0.61555775,0.52337307,0.33783666,7.69091748,7.73724038,1,1,102.2307138,1
2250,0.58283033,0.59130627,0.63562896,0.56134529,0.3260331,7.77658959,7.84658406,1,1,311.27990847,1
2251,0.5529044,0.5973979,0.62527511,0.5394537,0.31684091,7.89421157,7.92562843,1,1,100.05975367,1
2252,0.55292517,0.59693047,0.62534217,0.53644308,0.33757764,7.82324015,7.87458836,1,1,1584.83776163,1
2253,0.54503351,0.58495785,0.6315636,0.51383376,0.32099872,7.67018598,7.6757855,1,1,1575.83939362,1
2254,0.54479607,0.56899765,0.64729289,0.54152884,0.30463537,7.67534903,7.72133568,1,1,1416.69133848,1
2255,0.52464719,0.58512969,0.63834263,0.50069829,0.29417133,7.86037926,7.86454965,1,1,1575.56390601,1
2256,0.51657512,0.57302836,0.6123619,0.4757287,0.27837036,7.71404431,7.7505826,1,1,100.65203291,1
2257,0.51721942,0.55792421,0.60848059,0.44299197,0.26287419,7.88455507,7.90470256,1,1,1185.32304557,1
2258,0.50743516,0.57011208,0.63845998,0.4838186,0.24764887,7.74662742,7.79753023,1,1,138.82265006,1
2259,0.50736264,0.5703776,0.6384812,0.45782901,0.23272717,7.93981525,7.94776737,1,1,100.00000008,1
2260,0.47641111,0.55945162,0.65063229,0.42862515,0.25796087,7.76648914,7.83181285,1,1,1580.2920317,1
2261,0.47948677,0.55662411,0.63597132,0.39221467,0.28148983,7.55978209,7.5799371,1,1,1325.04563178,1
2262,0.46996912,0.56496343,0.63105694,0.35737125,0.26983108,7.80025681,7.80180446,1,1,294.6205255,1
2263,0.48430929,0.55991849,0.65118185,0.34207791,0.25485747,7.43670161,7.46238504,1,1,100.02518938,1
2264,0.48913957,0.53617764,0.6444141,0.38050703,0.27732357,7.68771772,7.70273167,1,1,114.09400763,1
2265,0.48091875,0.54890771,0.61642653,0.42205172,0.26198587,7.5019606,7.51438618,1,1,100.00026934,1
2266,0.48093241,0.54901183,0.61644095,0.41998569,0.28332093,7.86263954,7.88662314,1,1,100.09899377,1
2267,0.45636318,0.57989732,0.62495281,0.38334222,0.30650231,7.68054565,7.74271644,1,1,1574.56902068,1
2268,0.44807259,0.59015542,0.61768358,0.42245836,0.33001863,7.57851699,7.59315668,1,1,1407.95638201,1
2269,0.46530165,0.5541454,0.60290623,0.38535612,0.31670029,7.60477069,7.63597641,1,1,655.83009218,1
2270,0.47368218,0.55807368,0.59412551,0.34859988,0.34035919,7.65101553,7.70301832,1,1,100.00004554,1
2271,0.49117389,0.55716938,0.60371839,0.32808599,0.35687579,7.7789784,7.84250831,1,1,100.49825014,1
2272,0.49104838,0.55662711,0.60378018,0.29413921,0.3606273,7.71096776,7.73100868,1,1,106.78687061,1
2273,0.47220684,0.57692202,0.62312761,0.26183863,0.34606706,7.46468902,7.50726486,1,1,108.42548922,1
2274,0.47627604,0.55920189,0.62782165,0.30275863,0.36785148,7.53315037,7.56698922,1,1,157.03265026,1
2275,0.48603338,0.55104104,0.6198404,0.33241124,0.3901158,7.6446405,7.70672786,1,1,121.8349371,1
2276,0.48784642,0.536556,0.60109069,0.31749501,0.41223616,7.62510703,7.65757497,1,1,1376.73619294,1
2277,0.4779404,0.53044567,0.58168959,0.3394795,0.41594671,7.50416731,7.57551826,1,1,100.11149722,1
2278,0.50088885,0.53259376,0.59514578,0.30416968,0.42134367,7.98675158,8.01590927,1,1,100.01183773,1
2279,0.50104852,0.53261211,0.59512936,0.27510424,0.41587011,7.66927583,7.73023834,1,1,109.75021734,1
2280,0.45834561,0.52099253,0.57423542,0.30705144,0.43115233,7.52532728,7.58770143,1,1,100.01044742,1
2281,0.46490284,0.5266746,0.54535231,0.27998852,0.42186914,7.41882865,7.48217195,1,1,100.00008248,1
2282,0.47610067,0.51838087,0.5334945,0.24524562,0.40343526,7.79023757,7.83107708,1,1,1546.43149446,1
2283,0.46924015,0.51975224,0.52031773,0.24585732,0.39833001,7.54457846,7.55633407,1,1,100.43553669,1
2284,0.46925814,0.51929554,0.52048979,0.28978963,0.38720701,7.98590469,8.05159952,1,1,106.46476865,1
2285,0.4708466,0.56826121,0.52205117,0.26672298,0.40646075,7.48948462,7.49345471,1,1,1583.10147416,1
2286,0.48616415,0.55537711,0.54417266,0.25596297,0.39183208,7.57956553,7.59030611,1,1,100.7831359,1
2287,0.49368957,0.55242426,0.52791217,0.29221689,0.38584988,7.75912031,7.76073617,1,1,113.25913859,1
2288,0.49871688,0.5661488,0.53502354,0.33007106,0.37242409,7.41335866,7.45957733,1,1,112.70011243,1
2289,0.50240768,0.55263792,0.52073704,0.33746762,0.3560783,7.76969,7.81790363,1,1,1440.99036547,1
2290,0.5024856,0.5524584,0.52077528,0.34310215,0.34558698,7.51611583,7.5754103,1,1,104.1335471,1
2291,0.49114151,0.56794438,0.54730208,0.34289676,0.32868063,7.54170011,7.58258307,1,1,100.00004119,1
2292,0.48419878,0.5575715,0.54621199,0.3124662,0.35193623,7.67264143,7.71258918,1,1,101.22493288,1
2293,0.47794471,0.5378237,0.51978264,0.35501943,0.37279524,7.74275529,7.79234237,1,1,100.00000398,1
2294,0.49132268,0.54130797,0.52678673,0.33052897,0.39330128,7.69461345,7.76292714,1,1,108.84672932,1
2295,0.4927625,0.52612405,0.51653667,0.37159012,0.3755479,7.58145652,7.65090864,1,1,101.74692624,1
2296,0.49271588,0.52531869,0.51656524,0.41117699,0.37648247,7.67949692,7.70646279,1,1,127.91613393,1
2297,0.47203992,0.54504679,0.53868052,0.43270133,0.36498952,7.73813513,7.78320409,1,1,100.07884688,1
2298,0.48360269,0.54993153,0.5224654,0.46791537,0.37336948,7.80253063,7.86204504,1,1,100.04299488,1
2299,0.48371919,0.53465987,0.53598462,0.42856046,0.37880308,7.68357998,7.73942824,1,1,1405.85284013,1
2300,0.48939049,0.52422225,0.54092735,0.39007469,0.39144671,7.60010185,7.65477679,1,1,1039.02708928,1
2301,0.49252259,0.52804703,0.52225799,0.35307235,0.3741936,7.67345221,7.72094867,1,1,1028.86381533,1
2302,0.49265136,0.52838715,0.52215147,0.35021335,0.37130679,7.80187647,7.83061108,1,1,1509.21536569,1
2303,0.4745123,0.55580009,0.52688796,0.39318503,0.39375397,7.80208606,7.84667183,1,1,100.52836823,1
2304,0.49074135,0.55302119,0.54877528,0.35597502,0.41585758,7.81668717,7.86797533,1,1,102.2928086,1
2305,0.50610032,0.53086065,0.54656201,0.32925738,0.43690706,7.7623035,7.77700311,1,1,101.17932808,1
2306,0.4967308,0.52591092,0.51857814,0.29400109,0.41827887,7.79806227,7.85983548,1,1,100.00000001,1
2307,0.50957861,0.5299009,0.53606566,0.32924764,0.43975764,7.47797011,7.49611067,1,1,522.15165592,1
2308,0.50941101,0.53024878,0.5360629,0.35831183,0.46082707,7.6054753,7.63679885,1,1,1584.86787786,1
2309,0.47313191,0.51846056,0.55092825,0.33308679,0.44161219,7.56468851,7.62523651,1,1,1584.88963118,1
2310,0.48115644,0.51237398,0.53443977,0.35469332,0.45987334,7.72365218,7.73996309,1,1,103.58543362,1
2311,0.4976482,0.52317108,0.52862744,0.34586697,0.46806742,7.62163939,7.64051111,1,1,110.01078471,1
2312,0.48291271,0.51907241,0.52955598,0.38892797,0.44994881,7.7576307,7.78843912,1,1,295.86791431,1
2313,0.4933626,0.51973811,0.54401988,0.42723296,0.43338278,7.65119508,7.68093196,1,1,101.27595603,1
2314,0.49343041,0.51972058,0.5440988,0.41831034,0.41532398,7.93604524,7.9507376,1,1,758.30572741,1
2315,0.48033918,0.54508836,0.53964022,0.39916375,0.43589136,7.76708714,7.83672036,1,1,109.0381678,1
2316,0.47879397,0.5192883,0.53755245,0.42807689,0.45384955,7.65756907,7.71892041,1,1,1584.8871338,1
2317,0.49119417,0.5336232,0.5364349,0.46925291,0.47463094,7.60948479,7.63632996,1,1,1584.89316864,1
2318,0.48246601,0.5115951,0.54305859,0.43264684,0.49512755,7.49129229,7.50502943,1,1,1584.7649648,1
2319,0.49338078,0.51260911,0.54103438,0.47399303,0.51521171,7.52247494,7.5861823,1,1,1473.16159664,1
2320,0.49334558,0.51197666,0.54088136,0.51448353,0.49716667,7.66728218,7.67391826,1,1,110.94614225,1
2321,0.47066741,0.54456014,0.56494973,0.47423389,0.47959524,7.59541033,7.61984358,1,1,100.0,1
2322,0.4813132,0.51683798,0.55923035,0.5138423,0.46002819,7.75426983,7.77157935,1,1,113.98151312,1
2323,0.49362611,0.50357671,0.54433623,0.47371893,0.45843014,7.61387799,7.65117655,1,1,110.99444226,1
2324,0.50716514,0.52361631,0.54076693,0.43687275,0.4398874,7.6885719,7.74090454,1,1,1584.87269076,1
2325,0.50216586,0.51069331,0.53944357,0.3997463,0.42543952,7.55886462,7.632919,1,1,1584.88849529,1
2326,0.50212081,0.51018586,0.53946872,0.44160254,0.439299,7.67362737,7.69471886,1,1,1584.86849977,1
2327,0.4918632,0.53454323,0.53025243,0.40388013,0.43544525,7.71016551,7.7689022,1,1,901.9757718,1
2328,0.48969632,0.5314159,0.52055655,0.36616239,0.4443951,7.74461001,7.81025911,1,1,1563.41906955,1
2329,0.52287175,0.5355573,0.49382309,0.40794927,0.43113001,7.83401582,7.87145455,1,1,100.00744117,1
2330,0.5308051,0.51541049,0.49073054,0.44975231,0.41275595,7.6714674,7.73400509,1,1,100.00012411,1
2331,0.53078862,0.51555747,0.4908234,0.4107756,0.3961573,7.5414926,7.57876379,1,1,1569.48620007,1
2332,0.56187137,0.46253116,0.50813165,0.45241457,0.3806733,7.79058197,7.80953753,1,1,100.01102632,1
2333,0.54646164,0.48175647,0.50884187,0.46592712,0.36610883,7.61204072,7.6541931,1,1,101.31078761,1
2334,0.54282714,0.48614928,0.50096624,0.42866153,0.3572972,7.72618034,7.74885477,1,1,1584.03495765,1
2335,0.52433844,0.48954485,0.49878689,0.43936738,0.37882586,7.56281219,7.6248163,1,1,100.02094846,1
2336,0.52362055,0.5008515,0.51073853,0.41309636,0.37089214,7.57761706,7.58358788,1,1,418.67063119,1
2337,0.5235146,0.50121324,0.51087082,0.37557284,0.3924735,7.85023204,7.8669008,1,1,1452.09051776,1
2338,0.54334552,0.46747394,0.54009314,0.38583519,0.37553761,7.74839331,7.77178753,1,1,1584.74186115,1
2339,0.52752207,0.46766472,0.52179169,0.38085982,0.38873401,7.58180021,7.60681987,1,1,1530.05927884,1
2340,0.51880915,0.46665918,0.511579,0.42173815,0.41087179,7.80503471,7.81087644,1,1,594.96389025,1
2341,0.5188582,0.47849984,0.51713243,0.46244473,0.4325163,8.0477847,8.11793742,1,1,217.32371154,1
2342,0.48515955,0.48766465,0.52153597,0.50212534,0.4190904,7.74386913,7.780452,1,1,101.42279882,1
2343,0.48518987,0.48753676,0.52177712,0.46239149,0.43802906,7.82164691,7.8363219,1,1,1530.34049515,1
2344,0.51247154,0.55795648,0.51916178,0.43844941,0.45890759,7.66875927,7.68847355,1,1,100.04637908,1
2345,0.54055249,0.54704672,0.54016699,0.4071287,0.45408075,7.64238462,7.71083433,1,1,168.02144231,1
2346,0.55263974,0.56214235,0.5222805,0.3896371,0.46946246,7.67978552,7.68623747,1,1,1567.37289381,1
2347,0.55648353,0.54004709,0.53198851,0.41801933,0.45016259,7.82940235,7.87175424,1,1,101.80121708,1
2348,0.55101862,0.53513274,0.50856354,0.40599829,0.46722946,7.67399916,7.73702915,1,1,100.00895255,1
2349,0.55106372,0.53484044,0.50859646,0.41714968,0.44986884,7.64304005,7.71518913,1,1,100.00974342,1
2350,0.54484681,0.46380806,0.52450518,0.45253963,0.46638733,7.72568753,7.7966252,1,1,269.04156201,1
2351,0.54003084,0.4751622,0.50948028,0.4312731,0.48636821,7.7754893,7.85215996,1,1,100.091888,1
2352,0.51860703,0.47373044,0.52838024,0.39560205,0.50605682,7.8290229,7.86250573,1,1,1584.86481626,1
2353,0.52809534,0.47870615,0.50971444,0.35769546,0.52570148,7.7884549,7.85261946,1,1,1582.64458137,1
2354,0.5030127,0.50310872,0.51465395,0.3205857,0.54512604,7.63460481,7.68357883,1,1,1581.20479836,1
2355,0.51506165,0.48472113,0.5249282,0.3454727,0.52635832,7.97094855,8.02781419,1,1,914.86134492,1
2356,0.51511226,0.48462483,0.52499473,0.30863292,0.5094731,7.64369139,7.67045054,1,1,1575.39038052,1
2357,0.5275881,0.4489857,0.52570707,0.34850089,0.52211644,7.69906977,7.75957622,1,1,473.73248984,1
2358,0.51773564,0.47195234,0.5465801,0.33161095,0.50609244,7.89574824,7.92993297,1,1,100.00173043,1
2359,0.52031731,0.45998694,0.51884103,0.37444284,0.52172467,7.65111587,7.70910267,1,1,548.31538261,1
2360,0.49051853,0.47231162,0.5121397,0.33845293,0.50971938,8.03464494,8.05223135,1,1,108.58369856,1
2361,0.48032604,0.48366069,0.5162587,0.38142201,0.50463558,7.62709634,7.65504167,1,1,100.09650898,1
2362,0.48031662,0.48346629,0.51630113,0.42231394,0.52453792,7.94218794,7.96273578,1,1,894.6469715,1
2363,0.52287886,0.53410548,0.52571781,0.43231845,0.52240658,7.47522444,7.53227215,1,1,410.72129808,1
2364,0.53019365,0.55261022,0.53858619,0.40897823,0.5404727,7.76000199,7.78276065,1,1,133.36591416,1
2365,0.52899306,0.54486826,0.53178696,0.42051517,0.52036929,7.68720993,7.73346995,1,1,367.62512356,1
2366,0.52992052,0.54419325,0.51726671,0.44169407,0.49996352,7.81128774,7.8288719,1,1,1222.40366741,1
2367,0.53688281,0.53046052,0.52599835,0.48277539,0.48001715,7.7144555,7.75981094,1,1,100.00197558,1
2368,0.5369531,0.53040899,0.52615209,0.52165475,0.48256891,7.6885453,7.73741481,1,1,1569.57649729,1
2369,0.51122543,0.48398379,0.54922952,0.52698999,0.50290484,7.58755234,7.62324539,1,1,1449.70132314,1
2370,0.5020101,0.50516741,0.54052654,0.51734186,0.49602022,7.803422,7.80503083,1,1,1584.27241792,1
2371,0.49711346,0.49513314,0.53030702,0.48119199,0.51594771,7.68694307,7.7288205,1,1,1584.88490851,1
2372,0.49370726,0.49398118,0.5428829,0.46084839,0.51446151,7.45626257,7.5284992,1,1,100.00015807,1
2373,0.49648703,0.48008572,0.5407933,0.42342688,0.53325446,7.66428558,7.6860594,1,1,306.82522378,1
2374,0.4965311,0.48047496,0.54093665,0.41292979,0.51317737,7.63378767,7.63740299,1,1,198.72490819,1
2375,0.55407164,0.51879926,0.5437521,0.42016586,0.52017854,7.58117054,7.58737019,1,1,1551.16341209,1
2376,0.53720265,0.52299056,0.52915752,0.38310265,0.50053839,7.73712677,7.80214021,1,1,1426.38697797,1
2377,0.54252111,0.51704096,0.50066656,0.3515624,0.50905702,7.65550913,7.65938024,1,1,103.31599548,1
2378,0.53085373,0.51569913,0.495839,0.39428064,0.49133813,7.77704151,7.8145233,1,1,1584.89317896,1
2379,0.54898722,0.5373042,0.4864575,0.42522392,0.48405622,7.27484676,7.31170341,1,1,111.65041604,1
2380,0.54885406,0.53721494,0.48639567,0.44689683,0.46715958,7.50852632,7.58269237,1,1,100.06745749,1
2381,0.52410207,0.49554185,0.5158078,0.42137296,0.45500543,7.59171526,7.60653084,1,1,100.0004772,1
2382,0.54318635,0.49994617,0.50033753,0.4627536,0.43699935,7.67900732,7.70919629,1,1,1584.89304544,1
2383,0.53240155,0.50603865,0.5168454,0.49965736,0.41891308,7.71913415,7.79545746,1,1,100.62653492,1
2384,0.50190212,0.4906013,0.50153732,0.52183113,0.40637472,7.55871848,7.62891783,1,1,100.017986,1
2385,0.49597453,0.50126915,0.50881315,0.49159029,0.38859364,7.82849372,7.8458348,1,1,995.44595495,1
2386,0.49980532,0.51612262,0.49020233,0.46914771,0.41050411,7.73671189,7.78607355,1,1,285.79364751,1
2387,0.49985079,0.51607112,0.49008051,0.49315639,0.41395528,7.55427053,7.60967031,1,1,100.00460959,1
2388,0.47474743,0.53003424,0.49121748,0.52971114,0.39573866,7.69768011,7.73926867,1,1,100.02872169,1
2389,0.4749418,0.52971064,0.50100629,0.48925676,0.37830827,7.88591157,7.95249122,1,1,1581.56806694,1
2390,0.47674447,0.49508003,0.49385829,0.53104798,0.32027663,7.66349013,7.67319542,1,1,1359.87529068,0
2391,0.48863013,0.51157092,0.50975285,0.42602944,0.32323406,7.56172709,7.57879193,1,1,100.62584995,0
2392,0.48984468,0.50718351,0.50407749,0.52557474,0.38337796,7.61398985,7.64769918,1,1,1383.85036121,0
2393,0.48964135,0.5063462,0.50406576,0.40507404,0.400283,7.73098917,7.75689916,1,1,1584.27654646,0
2394,0.59715374,0.61013182,0.51866003,0.29677728,0.34696056,7.80476922,7.84444699,1,1,106.77975719,0
2395,0.61394706,0.64743394,0.51008196,0.1822966,0.32733826,7.84461235,7.87108684,1,1,100.12221492,0
2396,0.61790497,0.73620116,0.5131966,0.30194789,0.28471597,7.56597644,7.58998845,1,1,132.77775966,0
2397,0.63786065,0.75338836,0.48516055,0.27017973,0.34596715,7.45139298,7.50258689,1,1,331.8857224,0
2398,0.6378973,0.75370519,0.48512836,0.31513152,0.29211328,7.62689166,7.63278468,1,1,1578.03532641,0
2399,0.60158944,0.7111246,0.49325484,0.42499173,0.25959799,7.65951433,7.73387781,1,1,100.22135367,0
2400,0.56755895,0.64374405,0.48716622,0.42039965,0.31740483,7.74909076,7.75440734,1,1,118.65398805,0
2401,0.53608695,0.56612643,0.51021221,0.39722814,0.26273278,7.85431978,7.89881467,1,1,140.66130556,0
2402,0.49442777,0.47018777,0.49063832,0.51862686,0.31407104,7.57520184,7.62985737,1,1,1584.89216149,0
2403,0.44694209,0.41596342,0.49793505,0.63377253,0.33054987,7.58029355,7.6057907,1,1,168.85674083,0
2404,0.44531803,0.36977193,0.50022367,0.51389877,0.38678759,7.51378782,7.58753432,1,1,102.82311589,0
2405,0.44512508,0.37009508,0.50022953,0.39685326,0.44622156,7.88761022,7.96316085,1,1,302.57360941,0
2406,0.52099768,0.46743825,0.52403204,0.35895974,0.43423886,7.84019168,7.89930403,1,1,105.40528697,1
2407,0.5532055,0.51977116,0.50670208,0.40054717,0.45552524,7.69267659,7.7569857,1,1,103.2532917,1
2408,0.59204264,0.60485384,0.52345144,0.36333867,0.43697626,7.79898139,7.82378173,1,1,1582.71966194,1
2409,0.62117063,0.67639224,0.50372079,0.32615385,0.43668375,7.95970602,7.99444837,1,1,100.03984805,1
2410,0.62812485,0.70868153,0.51599113,0.36644659,0.45089281,7.46090356,7.49949968,1,1,100.00265284,1
2411,0.62809221,0.70876929,0.51593136,0.32922152,0.4442891,7.46629686,7.49851359,1,1,1031.29969654,1
2412,0.58196106,0.67236859,0.53755935,0.37173512,0.42546005,7.62336114,7.65717334,1,1,106.32643968,1
2413,0.59025911,0.65423336,0.51975981,0.39666126,0.41380973,7.66881526,7.69412196,1,1,1584.60114283,1
2414,0.59785706,0.6648416,0.52515695,0.38902022,0.41142617,7.90980426,7.95000786,1,1,362.37863233,1
2415,0.56298913,0.6421658,0.52641036,0.42450323,0.39833333,7.77499643,7.85154463,1,1,1505.50663491,1
2416,0.57683928,0.63241915,0.52523013,0.46252225,0.3909903,7.71559388,7.72379463,1,1,278.34849144,1
2417,0.5483184,0.64962083,0.54377604,0.46147977,0.39480997,7.42951381,7.44157749,1,1,100.55431086,1
2418,0.55546735,0.64071824,0.54328151,0.42443761,0.41303635,7.80569783,7.85507382,1,1,1583.74446294,1
2419,0.56353271,0.65221395,0.53009083,0.38960721,0.39609681,7.55562951,7.60595088,1,1,1555.92074527,1
2420,0.55518952,0.64987122,0.54243945,0.40356666,0.39094704,7.72046515,7.74799988,1,1,100.03838336,1
2421,0.55521294,0.64969647,0.54233044,0.37199018,0.39581434,7.73878331,7.74389082,1,1,1549.22749914,1
2422,0.51494727,0.63785657,0.55880878,0.41454428,0.4176777,7.62152836,7.66034256,1,1,100.65423966,1
2423,0.50151601,0.60289968,0.55247743,0.45445777,0.39994135,7.52562183,7.53642271,1,1,100.20066311,1
2424,0.49602765,0.59816304,0.55882539,0.49275154,0.3823033,7.53607997,7.59687793,1,1,1573.60700325,1
2425,0.51281285,0.60848593,0.55232183,0.53288493,0.37759796,7.54915905,7.59891142,1,1,101.63611792,1
2426,0.51563651,0.59001109,0.54702892,0.55138421,0.39999002,7.57494739,7.58415772,1,1,100.00003904,1
2427,0.51531276,0.58587949,0.53813276,0.51117584,0.3969506,7.64358888,7.68021833,1,1,253.99169611,1
2428,0.51750979,0.59573268,0.54981539,0.4713945,0.37922841,7.5662889,7.63766951,1,1,1568.30710178,1
2429,0.51744694,0.59560312,0.5497402,0.46929192,0.39092612,7.60239502,7.65605374,1,1,1554.33751573,1
2430,0.49830828,0.59853824,0.56836791,0.43827503,0.3749595,7.89196866,7.9378379,1,1,143.6080514,1
2431,0.50750168,0.59381213,0.57959812,0.44189785,0.39512065,7.63576978,7.63906841,1,1,1483.29314732,1
2432,0.48953928,0.57960156,0.56118693,0.48082375,0.40435793,7.51663055,7.57975041,1,1,780.35200504,1
2433,0.51057834,0.56306359,0.55168823,0.49956262,0.39596193,7.53451028,7.56472328,1,1,1571.59774774,1
2434,0.50608287,0.58544016,0.55152794,0.48519008,0.39887879,7.84467824,7.85544551,1,1,100.01840821,1
2435,0.50279674,0.57481837,0.5625565,0.45719695,0.38161193,7.75054967,7.77627461,1,1,101.12906842,1
2436,0.50288308,0.57568696,0.56251295,0.49777577,0.40397526,7.90191484,7.94390049,1,1,1582.80796097,1
2437,0.46825524,0.59927271,0.59141688,0.52064401,0.41390878,7.58908881,7.65303624,1,1,101.48979697,1
2438,0.4808385,0.56813208,0.56924502,0.54534916,0.39851777,7.67808889,7.6920337,1,1,100.48855321,1
2439,0.48332523,0.56383833,0.57339209,0.57843115,0.38091818,7.98050679,8.02705404,1,1,102.380475,1
2440,0.4832984,0.56829297,0.57225853,0.53893029,0.40266521,7.84325908,7.89222479,1,1,109.71046717,1
2441,0.49157645,0.56724007,0.57208634,0.57731291,0.42458653,7.81873115,7.85664001,1,1,100.00127174,1
2442,0.49758316,0.53494117,0.55763086,0.56719139,0.42297853,7.80932537,7.82880356,1,1,1584.830959,1
2443,0.4977949,0.53455839,0.55767993,0.55786127,0.44402981,7.61019101,7.66586412,1,1,100.01390654,1
2444,0.45985214,0.57974595,0.57490442,0.51786314,0.42806004,7.55913207,7.56910947,1,1,100.01750599,1
2445,0.45638305,0.56845341,0.5560424,0.49254303,0.41002534,7.56427576,7.60376287,1,1,100.0006396,1
2446,0.48935827,0.55264811,0.55677289,0.46860706,0.43139184,7.639413,7.69538284,1,1,100.5733951,1
2447,0.48378845,0.53329875,0.53675748,0.43297483,0.44682323,7.65809668,7.68741368,1,1,115.80883856,1
2448,0.49147594,0.54300552,0.55143799,0.47383716,0.4661735,7.50556307,7.54341013,1,1,717.3302724,1
2449,0.49139403,0.54304407,0.55148014,0.51366576,0.48531042,7.71807762,7.79475549,1,1,686.27053271,1
2450,0.47193928,0.58077448,0.55042138,0.55337586,0.46593495,7.86669046,7.91574918,1,1,963.54797737,1
2451,0.48892138,0.55970547,0.57308187,0.54829041,0.45694303,8.05553709,8.12026438,1,1,1123.26363059,1
2452,0.48344345,0.56029832,0.56280558,0.50819164,0.47442928,7.63949321,7.64364531,1,1,104.99290748,1
2453,0.49638757,0.54282359,0.55010895,0.46830544,0.4695797,7.7071992,7.76898778,1,1,193.97064474,1
2454,0.49941859,0.54577117,0.55235335,0.4858593,0.47080945,7.75611899,7.82989554,1,1,100.03986868,1
2455,0.49955681,0.54585917,0.55219142,0.45075576,0.49138833,7.64415962,7.7139824,1,1,1554.20897521,1
2456,0.46215079,0.55882494,0.57066317,0.41344638,0.47276298,7.53002486,7.54649382,1,1,1584.60541067,1
2457,0.48153796,0.54281586,0.56831304,0.37519657,0.48347816,7.8333663,7.89492009,1,1,1584.87626993,1
2458,0.46772335,0.54039399,0.55754316,0.3377883,0.50151173,7.57619384,7.59656979,1,1,253.47179646,1
2459,0.4858471,0.54513095,0.55315099,0.34201728,0.51738917,7.72215262,7.73592257,1,1,249.37848662,1
2460,0.47822704,0.54460119,0.56690795,0.3812299,0.49708897,7.76368794,7.82581738,1,1,1583.18501843,1
2461,0.47831939,0.54479952,0.56679793,0.41757555,0.51499591,7.89894549,7.91541599,1,1,1569.83042542,1
2462,0.44224459,0.58794907,0.58198715,0.38431854,0.5220982,7.97189925,7.97198796,1,1,1581.50597005,1
2463,0.4644718,0.56817181,0.58620976,0.34814343,0.53053673,7.58241464,7.60710291,1,1,100.00587883,1
2464,0.48026873,0.56967884,0.58435541,0.32266235,0.52185928,7.46754161,7.52596513,1,1,1584.89313572,1
2465,0.48496971,0.57582066,0.56644032,0.35761256,0.50619372,7.6512748,7.71751799,1,1,1289.94991015,1
2466,0.50186867,0.56644421,0.56905238,0.35552868,0.48655956,7.89899957,7.91705827,1,1,106.21528719,1
2467,0.50180477,0.56609356,0.56911012,0.39702125,0.46742528,7.47952955,7.51200384,1,1,100.00200348,1
2468,0.46149467,0.58895841,0.59924779,0.41503665,0.45325519,7.73602383,7.76769445,1,1,102.86616598,1
2469,0.48868139,0.56104435,0.57900561,0.41102397,0.4342116,7.65808476,7.73374673,1,1,1017.15177293,1
2470,0.47518162,0.5498734,0.57560179,0.4333678,0.45543386,7.84738471,7.91391944,1,1,1546.29075097,1
2471,0.48538965,0.53971038,0.58139068,0.40050556,0.47390828,7.74251965,7.79463437,1,1,1584.82420286,1
2472,0.50272648,0.5519812,0.57721973,0.43483583,0.46445635,7.54582892,7.57464284,1,1,900.79405531,1
2473,0.50285896,0.55231605,0.57719878,0.43946948,0.48264974,7.83700518,7.8371899,1,1,1584.87910995,1
2474,0.47233516,0.56889422,0.58286873,0.43683152,0.46299734,7.65111122,7.71968728,1,1,101.60366166,1
2475,0.47163451,0.54008831,0.57194196,0.4394198,0.45424131,7.75744658,7.81501239,1,1,100.02950756,1
2476,0.48712449,0.54561053,0.57734129,0.47260609,0.45050649,7.80624545,7.84725894,1,1,1563.39097813,1
2477,0.50130585,0.5257133,0.56341733,0.44615207,0.45572496,7.64414506,7.68028418,1,1,118.64538344,1
2478,0.49225485,0.52087488,0.57317731,0.48721337,0.4369397,7.64228096,7.64773642,1,1,100.04713072,1
2479,0.49250742,0.52064082,0.57326435,0.45943288,0.45386975,7.72312489,7.79946152,1,1,100.00000207,1
2480,0.45729174,0.54631802,0.56882576,0.49996473,0.44725967,7.70849476,7.74653032,1,1,100.00004712,1
2481,0.47086053,0.54359823,0.56581992,0.53914909,0.46763965,7.6457938,7.66370804,1,1,128.55173089,1
2482,0.46588185,0.53101579,0.55288437,0.57809225,0.45028865,7.60374578,7.6511965,1,1,100.95242074,1
2483,0.49111626,0.53005123,0.52693514,0.55547468,0.44417026,7.75337523,7.81896489,1,1,1366.48025548,1
2484,0.49438384,0.52142789,0.52725986,0.52818253,0.4472796,7.74541666,7.78309314,1,1,1581.38707297,1
2485,0.49430423,0.52080468,0.52717917,0.5647728,0.44269798,7.70503245,7.76071633,1,1,138.38747006,1
2486,0.45460384,0.55263481,0.52438797,0.5242252,0.43865368,7.70346207,7.73994949,1,1,239.37704555,1
2487,0.46643889,0.55635089,0.54899212,0.48375291,0.44069369,7.78697026,7.78715273,1,1,100.00007516,1
2488,0.4910594,0.55513012,0.52535962,0.45339995,0.42413787,7.72261274,7.74844415,1,1,100.07316781,1
2489,0.49086564,0.51772045,0.51729151,0.45354107,0.40666329,7.54968914,7.56140462,1,1,1582.63955717,1
2490,0.48808228,0.52788632,0.53627378,0.43392849,0.38897431,7.74073377,7.79412904,1,1,101.95046997,1
2491,0.48797071,0.52788377,0.53614738,0.39555198,0.40289706,7.54720571,7.59969648,1,1,1497.94529328,1
2492,0.47578506,0.55711479,0.54676658,0.40573631,0.38515721,7.57410187,7.60528584,1,1,101.0344575,1
2493,0.48037672,0.56670306,0.53339911,0.36781774,0.38750866,7.62240008,7.64088254,1,1,100.0882481,1
2494,0.47484192,0.55309111,0.55446739,0.33047582,0.39387126,7.63322271,7.63728728,1,1,1584.40996775,1
2495,0.49448485,0.53009171,0.530483,0.37379193,0.39177241,7.7525475,7.7695916,1,1,100.00000003,1
2496,0.50741077,0.52823429,0.54349873,0.41624437,0.4136833,7.60637051,7.63235142,1,1,1583.44053992,1
2497,0.50738367,0.52749893,0.54353595,0.3783505,0.43540457,7.66274456,7.73552094,1,1,147.96472589,1
2498,0.49235795,0.52618306,0.54299948,0.419378,0.41673603,7.67991494,7.69533144,1,1,1582.35734976,1
2499,0.49668833,0.5193366,0.56532849,0.38132864,0.39872077,7.92889281,7.99619806,1,1,192.45932624,1
2500,0.49400516,0.50559148,0.55557725,0.37721896,0.41642883,7.6242159,7.64428623,1,1,110.60936833,1
2501,0.49006057,0.49985917,0.53493976,0.41033853,0.43188829,7.64957615,7.72319373,1,1,429.77109535,1
2502,0.48761734,0.51546386,0.53243623,0.3838353,0.41364693,7.56276105,7.60479251,1,1,100.84227852,1
2503,0.48751036,0.51636677,0.53234911,0.34626544,0.42078757,7.75869353,7.75948695,1,1,1372.9368614,1
2504,0.53425841,0.59499739,0.55156801,0.31026415,0.44019769,7.57917375,7.57997345,1,1,394.91009514,1
2505,0.54258101,0.58628285,0.54358422,0.27405975,0.42245023,7.73631533,7.76991858,1,1,713.23934528,1
2506,0.5372037,0.57233357,0.54047892,0.30271223,0.40473683,7.67474358,7.72287235,1,1,175.49053203,1
2507,0.53481079,0.56110577,0.52819306,0.33099848,0.41908277,7.60973789,7.65124076,1,1,1567.42856189,1
2508,0.5676715,0.58178022,0.53755513,0.37318345,0.44015235,7.74676807,7.79024586,1,1,519.44295067,1
2509,0.56767663,0.58173806,0.53742125,0.33996594,0.42735473,7.70125571,7.75227894,1,1,100.06718777,1
2510,0.54345434,0.54566693,0.53886008,0.35648956,0.44111678,7.76045452,7.79490786,1,1,1579.76514195,1
2511,0.54790469,0.52614457,0.54501735,0.39350281,0.43017722,7.74886266,7.77832259,1,1,100.00003087,1
2512,0.5277561,0.54073819,0.5486992,0.37221026,0.45060284,7.62986647,7.70327065,1,1,102.03455418,1
2513,0.53037501,0.5398813,0.55195332,0.36117638,0.43159389,7.69659061,7.74291602,1,1,100.05844474,1
2514,0.52659733,0.55212379,0.53658975,0.32395487,0.44831122,7.63135127,7.64269206,1,1,400.53489832,1
2515,0.51865963,0.54860951,0.54522359,0.35288436,0.44867694,7.62490263,7.67744581,1,1,100.00001371,1
2516,0.51877806,0.54881322,0.54516857,0.31638552,0.46075902,7.66595576,7.74132605,1,1,104.13716483,1
2517,0.48148063,0.50137918,0.57194433,0.3556516,0.44790641,7.51633614,7.53796321,1,1,436.54866021,1
2518,0.47006973,0.50955848,0.55232721,0.32739647,0.43006794,7.98231554,7.99831962,1,1,370.31119627,1
2519,0.48283935,0.51092282,0.54092351,0.37071696,0.42327912,7.7853079,7.7881467,1,1,257.17657096,1
2520,0.46699935,0.51973082,0.56496288,0.34980378,0.40512729,7.91097203,7.96297935,1,1,123.20297067,1
2521,0.49318987,0.50964638,0.54754844,0.35666048,0.42595649,7.61434849,7.66039008,1,1,234.76576321,1
2522,0.49317669,0.50958879,0.54744381,0.37847799,0.42729139,7.98110416,8.05975494,1,1,1583.79837378,1
2523,0.46456411,0.53952422,0.53972341,0.34111489,0.40910952,7.75024393,7.79597968,1,1,100.0051802,1
2524,0.47342328,0.52934194,0.56136815,0.38020315,0.39100136,7.52126185,7.57418626,1,1,100.00694533,1
2525,0.47757186,0.52397842,0.54259393,0.34264054,0.37361984,7.65841118,7.718678,1,1,100.1685146,1
2526,0.48868231,0.50839763,0.5251782,0.38466189,0.39452534,7.75532898,7.81858364,1,1,100.00103057,1
2527,0.48858213,0.5084011,0.52511293,0.35464955,0.40263556,7.86318556,7.90600209,1,1,592.93269971,1
2528,0.56308034,0.56574176,0.53574854,0.32111673,0.38817344,7.474051,7.48633183,1,1,100.01005925,1
2529,0.55750128,0.57742001,0.54155809,0.29423104,0.3713197,7.86626832,7.9053923,1,1,1056.72794903,1
2530,0.54511885,0.569751,0.52494467,0.26142195,0.37547449,7.65588282,7.6935004,1,1,100.00020349,1
2531,0.54742875,0.56218242,0.52049511,0.30592667,0.39000474,7.74194554,7.78724036,1,1,100.03089233,1
2532,0.55284904,0.56542476,0.52596534,0.32523805,0.38865446,7.49664823,7.55746568,1,1,100.00000007,1
2533,0.55281511,0.56566602,0.52593538,0.29482382,0.37925001,7.59196887,7.60821338,1,1,100.00002783,1
2534,0.55474552,0.53502118,0.55225585,0.33749181,0.3646029,7.68682496,7.70564739,1,1,100.07324533,1
2535,0.55186048,0.52439677,0.52569922,0.36257208,0.35963719,7.88722092,7.9282582,1,1,1575.24618611,1
2536,0.52705063,0.52331803,0.54341075,0.34764626,0.38148563,7.66678599,7.71006366,1,1,1574.75663796,1
2537,0.51489241,0.54076482,0.55209878,0.31557141,0.36399787,7.75006379,7.81113072,1,1,1584.89158829,1
2538,0.50797569,0.52883814,0.52262925,0.35801967,0.34683315,7.84547407,7.90897627,1,1,101.28456315,1
2539,0.50386141,0.5341744,0.53330606,0.34068778,0.34906708,7.65048368,7.70782045,1,1,100.3827115,1
2540,0.50391414,0.53398881,0.53333086,0.35858064,0.37158653,7.67617029,7.68457983,1,1,1535.44684112,1
2541,0.45041508,0.53058961,0.54548094,0.34238683,0.35479892,7.5135217,7.53250467,1,1,100.00036521,1
2542,0.45841014,0.52333005,0.52590571,0.36916236,0.33899343,7.71523059,7.73798064,1,1,122.77728451,1
2543,0.45961734,0.52426673,0.53434131,0.40923604,0.32974406,7.66486652,7.68076667,1,1,100.00227456,1
2544,0.48666888,0.51684767,0.51729132,0.39535834,0.3516363,7.75862953,7.82317082,1,1,100.00004841,1
2545,0.47252067,0.51325734,0.52058464,0.43337293,0.37459247,7.53628055,7.59756319,1,1,553.43396822,1
2546,0.47256541,0.51301248,0.52048223,0.39471616,0.39708782,7.71507004,7.73040637,1,1,1443.51259518,1
2547,0.48852713,0.58933634,0.53789505,0.36438571,0.41801176,7.85449868,7.86813745,1,1,1525.9916895,1
2548,0.4975012,0.57502964,0.54254238,0.3271797,0.4042063,7.82567192,7.82946379,1,1,1568.3395314,1
2549,0.52572009,0.58855736,0.53206227,0.29065399,0.42589515,7.69905755,7.74515035,1,1,200.82278149,1
2550,0.54209986,0.56511161,0.52997194,0.2722835,0.43243588,7.53967682,7.59202867,1,1,1576.81055479,1
2551,0.5361721,0.56201058,0.52224307,0.23960424,0.41415644,7.84517491,7.89670907,1,1,100.00073606,1
2552,0.53602003,0.56188659,0.52229126,0.20849594,0.39641444,7.5478202,7.6203414,1,1,100.00001151,1
2553,0.51347375,0.52464347,0.53204858,0.1745723,0.38035365,7.78519302,7.81236858,1,1,105.14692004,1
2554,0.50162358,0.54193514,0.5220871,0.16611986,0.40236237,7.49788517,7.55773962,1,1,1578.07443833,1
2555,0.50118656,0.54014518,0.55010896,0.21173337,0.41338183,7.601641,7.62374931,1,1,1584.89224776,1
2556,0.48532198,0.53790743,0.5428018,0.20891251,0.42412401,7.62518713,7.64100784,1,1,1532.02951175,1
2557,0.50587807,0.52551201,0.52333776,0.17763649,0.42411,7.63393721,7.69394205,1,1,100.04100188,1
2558,0.50386668,0.51070211,0.54025528,0.1442227,0.40603612,7.69499913,7.74615561,1,1,1584.45479075,1
2559,0.50388363,0.51057346,0.54026538,0.11315141,0.38870427,7.60316959,7.6372463,1,1,1490.35121349,1
2560,0.48924268,0.47953764,0.52952494,0.16041968,0.37190881,7.63485321,7.67055735,1,1,104.04920452,1
2561,0.47750724,0.47515211,0.51644088,0.20631917,0.39423197,7.75801328,7.83168343,1,1,122.1493779,1
2562,0.47769824,0.49650803,0.50485913,0.17669487,0.4161976,7.56702183,7.62063378,1,1,100.19370489,1
2563,0.48581342,0.49648781,0.49753736,0.15445776,0.40035919,7.84214831,7.91017891,1,1,1394.15290016,1
2564,0.48584315,0.49653988,0.49759733,0.17741348,0.40901379,8.12318108,8.1269374,1,1,100.00005196,1
2565,0.46230761,0.54590757,0.5014681,0.14408543,0.39307148,7.84254376,7.91776575,1,1,1421.21328192,1
2566,0.46376636,0.54547723,0.52685841,0.19115589,0.40765473,7.77758229,7.81618659,1,1,100.37062356,1
2567,0.49138399,0.52655533,0.5269851,0.15868531,0.42636375,7.54341606,7.56650385,1,1,273.46152627,1
2568,0.48289419,0.52140292,0.49953876,0.12665869,0.44647772,7.77094258,7.77658765,1,1,1584.71645215,1
2569,0.50394741,0.52831304,0.527146,0.14282025,0.46067234,7.82557804,7.84128009,1,1,1545.95929236,1
2570,0.50383265,0.52857745,0.52717938,0.11150066,0.44466998,7.821143,7.82618174,1,1,100.0459015,1
2571,0.48366559,0.48870823,0.53486883,0.08394369,0.45281774,7.65272996,7.6552435,1,1,416.4993046,1
2572,0.46706243,0.49203865,0.51473618,0.09212145,0.4400059,7.73652424,7.73932845,1,1,1584.88904407,1
2573,0.46629989,0.47565064,0.5259681,0.1224777,0.45642188,7.97018542,7.97676111,1,1,117.07172835,1
2574,0.46063526,0.47951153,0.5131335,0.17001428,0.47206706,7.80442282,7.82064811,1,1,100.06409511,1
2575,0.46078443,0.47938475,0.51337626,0.21223809,0.46516961,7.65757455,7.71381101,1,1,103.50548199,1
2576,0.4768147,0.56127749,0.53671997,0.19427659,0.44660099,7.65892674,7.66626577,1,1,100.1362573,1
2577,0.50173115,0.54637311,0.5420483,0.16166294,0.46763053,7.81673302,7.87368868,1,1,102.09505988,1
2578,0.5066457,0.56579209,0.52776586,0.19594306,0.45133356,7.78652828,7.84609772,1,1,1583.09708505,1
2579,0.49822407,0.54615787,0.51701624,0.2291352,0.432615,7.84381742,7.86824344,1,1,1576.53193926,1
2580,0.52391751,0.53775759,0.5198386,0.22194075,0.44104702,7.82212666,7.88054739,1,1,1584.20874854,1
2581,0.52382468,0.53730377,0.51985229,0.19846412,0.44151148,7.67157813,7.72738299,1,1,334.99389324,1
2582,0.47924254,0.51832096,0.54934433,0.24167422,0.42308776,7.68239178,7.73474809,1,1,1584.81561913,1
2583,0.48507819,0.5099267,0.53164366,0.21259175,0.40483699,7.83617936,7.87881789,1,1,100.26960553,1
2584,0.49884029,0.49874417,0.54141257,0.2579219,0.38733264,7.82619923,7.86441214,1,1,779.67844636,1
2585,0.47959485,0.48880728,0.51974912,0.25144458,0.37144236,7.64215427,7.70580924,1,1,104.0893642,1
2586,0.48902049,0.49287579,0.52394131,0.29057198,0.38672671,7.68858098,7.75562514,1,1,100.0000137,1
2587,0.48897589,0.49238974,0.52380715,0.2587009,0.38204079,7.85023265,7.90401664,1,1,1582.85377551,1
2588,0.4767173,0.50232356,0.52546912,0.22363235,0.39225903,7.79073445,7.8147339,1,1,1563.09285993,1
2589,0.48939891,0.51381838,0.52380712,0.26902024,0.38628952,7.75390315,7.82740947,1,1,100.00027845,1
2590,0.47449721,0.48154596,0.52521015,0.26231859,0.37581027,7.77050613,7.81062278,1,1,1583.59514875,1
2591,0.49474272,0.4877434,0.53666415,0.30648509,0.35833066,7.47745685,7.496496,1,1,100.87370426,1
2592,0.5051915,0.46929917,0.52039369,0.3006424,0.34117032,7.53167407,7.57615179,1,1,1557.75655701,1
2593,0.50499104,0.46931678,0.52056197,0.34368692,0.36390581,7.65345853,7.68724592,1,1,1575.94579485,1
2594,0.55198682,0.47767935,0.53265178,0.31317805,0.34679908,7.84994709,7.85732942,1,1,100.07508077,1
2595,0.559276,0.48843361,0.52728373,0.34843297,0.36884787,7.93091346,8.00225835,1,1,1574.61885008,1
2596,0.56871558,0.50584637,0.52925771,0.38201851,0.35784569,7.65990413,7.68098062,1,1,221.48368024,1
2597,0.53382848,0.51519241,0.53998805,0.4049334,0.35592105,7.66120347,7.66544755,1,1,174.23446713,1
2598,0.55037532,0.52110218,0.51464014,0.36703422,0.37557803,7.69582364,7.71090796,1,1,185.17851143,1
2599,0.5503795,0.52092921,0.51454445,0.40751604,0.37038686,7.54872052,7.58927173,1,1,100.00031062,1
2600,0.54754548,0.48126183,0.5304112,0.4426608,0.35796641,8.06512037,8.13363323,1,1,1511.929938,1
2601,0.55009858,0.47516077,0.51720809,0.41907191,0.35376202,7.87755962,7.9381567,1,1,100.14998008,1
2602,0.51956937,0.48800293,0.51847283,0.38194342,0.37634508,7.63044211,7.68272993,1,1,1582.33861405,1
2603,0.530643,0.4996187,0.52614569,0.34436481,0.3619753,7.44802993,7.50804892,1,1,1525.41624461,1
2604,0.53173798,0.49379326,0.53119834,0.34476124,0.37082548,7.78705217,7.85522146,1,1,107.27651917,1
2605,0.53175833,0.49339429,0.53104154,0.38625468,0.3594271,7.83150685,7.83865115,1,1,1577.18614656,1
2606,0.56114049,0.47792072,0.56010011,0.37791525,0.3628674,7.72860139,7.75494697,1,1,1483.38390666,1
2607,0.54542675,0.47150523,0.5581598,0.34800438,0.34566404,7.85928241,7.89764162,1,1,1513.20507321,1
2608,0.54352448,0.479634,0.55031541,0.37686282,0.36851901,7.67742944,7.72367486,1,1,102.06619134,1
2609,0.51190834,0.49532773,0.53329815,0.34779939,0.39069867,7.57739382,7.61766831,1,1,103.76324563,1
2610,0.51748991,0.48936675,0.55020037,0.37489741,0.40311582,7.66621423,7.67798404,1,1,100.02104978,1
2611,0.51736703,0.48959814,0.55037371,0.41721456,0.39689749,7.48471699,7.53176691,1,1,1581.33878522,1
2612,0.52316302,0.46508363,0.55736412,0.4563819,0.38691716,7.68738767,7.69376185,1,1,1549.52284478,1
2613,0.51290421,0.45810801,0.54384569,0.49596365,0.3749214,7.50873496,7.55500189,1,1,1566.67536286,1
2614,0.50561003,0.46142667,0.53681463,0.46149513,0.39305882,7.73730151,7.80845897,1,1,1558.96994995,1
2615,0.48620359,0.4875954,0.54537634,0.42927393,0.37520186,7.63679983,7.66168669,1,1,208.41390194,1
2616,0.49318544,0.48270214,0.5488047,0.47026478,0.35881982,7.72058334,7.76568063,1,1,196.1784158,1
2617,0.49331783,0.48269172,0.54877855,0.44109212,0.38041528,7.67156341,7.72883514,1,1,1167.68275834,1
2618,0.57464307,0.5248001,0.52915755,0.47189707,0.39274622,7.58817847,7.6058172,1,1,1222.35251904,1
2619,0.5641952,0.53975924,0.48439183,0.4832178,0.40649422,7.66493247,7.73095298,1,1,100.04233678,1
2620,0.55173215,0.54261477,0.44873549,0.44374499,0.42300287,7.64875743,7.68170789,1,1,1576.64008422,1
2621,0.54687765,0.54651654,0.42530453,0.48092504,0.42077617,7.7230756,7.76120253,1,1,1584.45282939,1
2622,0.54692437,0.54656902,0.42523528,0.44159961,0.41856818,7.64622701,7.70352924,1,1,103.75396583,1
2623,0.52647906,0.49259321,0.45298798,0.40925252,0.40023756,7.63359536,7.67624305,1,1,109.7000093,1
2624,0.51176296,0.49943148,0.44705802,0.4451982,0.38292667,7.41298255,7.42372932,1,1,1538.93816609,1
2625,0.52990611,0.49619936,0.45196043,0.42412401,0.40488551,7.37382222,7.3796502,1,1,126.40479817,1
2626,0.5193987,0.49826881,0.44206091,0.39142006,0.39543652,7.9598955,7.97332924,1,1,100.01223779,1
2627,0.50262821,0.51447256,0.45932007,0.35369464,0.37883497,7.72359059,7.77148904,1,1,100.24141159,1
2628,0.50258617,0.51387462,0.45928978,0.39486041,0.36268338,7.71652881,7.77487679,1,1,1350.6688928,1
2629,0.49278897,0.52613183,0.48589559,0.37022092,0.34548318,7.49264122,7.49535194,1,1,1420.6664067,1
2630,0.4747344,0.49408771,0.4914862,0.4071629,0.32859483,7.84910408,7.90921579,1,1,1563.62386322,1
2631,0.48011488,0.49722832,0.49142958,0.38066351,0.34519413,7.65907978,7.71923027,1,1,1578.44748146,1
2632,0.49546303,0.48852838,0.49764324,0.34656334,0.3676001,7.68051493,7.69864996,1,1,754.30599117,1
2633,0.49451774,0.4776167,0.49168301,0.36881486,0.36571153,7.64295628,7.6576417,1,1,1584.12077285,1
2634,0.49459572,0.4774201,0.49183562,0.3316295,0.38233255,7.65677572,7.7263404,1,1,100.38749265,1
2635,0.55458997,0.48871089,0.51869007,0.33702883,0.36842994,7.679966,7.75272634,1,1,1584.81863657,1
2636,0.53948734,0.50183255,0.51040418,0.36920477,0.38777862,7.59030123,7.59793357,1,1,734.8394985,1
2637,0.54248208,0.5274927,0.51554031,0.41109421,0.4034223,7.38686628,7.4398154,1,1,1584.86936136,1
2638,0.52572677,0.5176613,0.51878205,0.37877703,0.38757172,7.5795588,7.61303137,1,1,274.68678881,1
2639,0.52736167,0.51934724,0.5184719,0.37950255,0.36999577,7.70217973,7.71902774,1,1,1446.17937836,1
2640,0.52738486,0.51942239,0.51829655,0.34214528,0.39156254,7.72164894,7.75054375,1,1,100.00038139,1
2641,0.50314743,0.48762424,0.54500777,0.33748298,0.40476386,7.36418937,7.41242188,1,1,1545.94875304,1
2642,0.506412,0.50347257,0.52215663,0.37855033,0.38945892,7.71880497,7.74035092,1,1,1584.82510974,1
2643,0.49742979,0.50007631,0.5275534,0.34155332,0.40439044,7.63574516,7.70148469,1,1,100.00019223,1
2644,0.48839561,0.48893896,0.53688027,0.35529853,0.40383539,7.72430152,7.72824574,1,1,100.00040225,1
2645,0.4942874,0.47918908,0.53582756,0.38015285,0.39190292,7.57133481,7.57261073,1,1,1584.89318999,1
2646,0.49430125,0.47868287,0.53578797,0.36575121,0.37703251,7.5428447,7.58945144,1,1,823.37939514,1
2647,0.56050688,0.53213278,0.53681495,0.40543071,0.39326961,7.61960817,7.63847661,1,1,311.942429,1
2648,0.57659294,0.53564065,0.54962577,0.40114837,0.41540167,7.6492937,7.67788325,1,1,100.01919908,1
2649,0.56858028,0.53358963,0.53868432,0.36384216,0.43687772,7.4932813,7.51494081,1,1,102.43649121,1
2650,0.54651475,0.53145176,0.54098028,0.33722523,0.45697994,7.88365485,7.89839445,1,1,1337.90173334,1
2651,0.54513101,0.5296572,0.52389334,0.35534601,0.47701668,7.60461524,7.63495588,1,1,100.01244142,1
2652,0.54529636,0.5293122,0.52400244,0.35436595,0.45750105,7.65732665,7.7087634,1,1,1584.63844792,1
2653,0.544269,0.51557891,0.54475941,0.39576723,0.4782737,7.80451062,7.85253479,1,1,1584.6832135,1
2654,0.53354319,0.49334271,0.526834,0.35977762,0.46622306,7.70258749,7.74823572,1,1,279.7747624,1
2655,0.53621084,0.51408172,0.53940838,0.40250905,0.48397322,7.55906275,7.57439724,1,1,132.84133393,1
2656,0.52046195,0.49300541,0.53748952,0.40752039,0.49740124,7.40842171,7.47350055,1,1,1575.77086511,1
2657,0.50580331,0.50008736,0.52963285,0.37693759,0.51642647,7.30255702,7.33500601,1,1,100.00425303,1
2658,0.50593785,0.50002023,0.5296218,0.33984791,0.53609792,7.7929242,7.80145153,1,1,1580.88657903,1
2659,0.48480783,0.45922971,0.52100651,0.30373292,0.53316087,7.66737184,7.7405389,1,1,100.00655386,1
2660,0.48379463,0.45882636,0.5366113,0.27037843,0.52329478,7.79771608,7.81997102,1,1,1581.89088108,1
2661,0.47959685,0.45379645,0.51359908,0.30020661,0.50331774,7.56044644,7.62344015,1,1,101.30588613,1
2662,0.48232625,0.46495652,0.51155079,0.27147609,0.48326052,7.39958124,7.44995056,1,1,643.76641201,1
2663,0.48237628,0.46546311,0.51153617,0.26002713,0.46481264,7.38793734,7.39339991,1,1,1581.34023215,1
2664,0.54324962,0.52361085,0.52741103,0.24289785,0.48456565,7.83544474,7.88593597,1,1,1584.15716021,1
2665,0.55819508,0.53383303,0.51552703,0.27650855,0.47056395,7.5812637,7.60941945,1,1,1584.88832947,1
2666,0.53400688,0.53494762,0.50966315,0.32073879,0.49036698,8.01471311,8.08333869,1,1,964.38581786,1
2667,0.5643452,0.54820968,0.51840562,0.36372463,0.51049254,7.66174126,7.67377601,1,1,132.36862377,1
2668,0.54790011,0.54853045,0.51471252,0.32718211,0.53024298,7.80279309,7.82170367,1,1,100.03303768,1
2669,0.54803393,0.5478725,0.51468364,0.37027031,0.54913123,7.61280487,7.66607359,1,1,102.04082608,1
2670,0.50257386,0.51430929,0.51664219,0.34253363,0.56725838,7.58642347,7.59882791,1,1,1584.88660157,1
2671,0.50193258,0.49984291,0.51576,0.38381861,0.55294929,7.73653123,7.76390852,1,1,1584.36839376,1
2672,0.508224,0.49912807,0.54210987,0.34766344,0.53191769,7.85923343,7.86219205,1,1,100.00487593,1
2673,0.51823281,0.51292241,0.53322795,0.38490057,0.52729792,7.61220363,7.6562147,1,1,1337.19628155,1
2674,0.49319462,0.51407016,0.53850132,0.39932881,0.54605536,7.63166057,7.70097527,1,1,1348.31585694,1
2675,0.50341191,0.48881551,0.52718407,0.44102813,0.55219349,7.93546074,7.99789293,1,1,976.23331146,1
2676,0.50337189,0.48836593,0.52709486,0.44388147,0.53221964,7.65795782,7.68119087,1,1,100.12808475,1
2677,0.53893842,0.48867654,0.53189774,0.40762009,0.52292657,7.65054978,7.69933947,1,1,1535.25191133,1
2678,0.52917917,0.50988178,0.51532077,0.38276086,0.50257168,7.92206351,7.9917482,1,1,579.99257246,1
2679,0.52282135,0.50152926,0.52649907,0.3464639,0.50900774,7.604276,7.66869641,1,1,1443.13841962,1
2680,0.53560915,0.51100197,0.52115915,0.31202597,0.48887783,7.79668474,7.85764012,1,1,100.75643171,1
2681,0.535665,0.51039558,0.52119113,0.28855516,0.50630975,7.775249,7.77631111,1,1,1584.77458073,1
2682,0.51158708,0.48907301,0.54441185,0.32419035,0.52303663,7.55634064,7.60893181,1,1,1584.89318361,1
2683,0.51713423,0.4908646,0.52025351,0.36755151,0.51209474,7.4498012,7.47891855,1,1,103.06233651,1
2684,0.50430987,0.46865006,0.52262053,0.4079414,0.53182674,7.84343231,7.92056392,1,1,114.02244574,1
2685,0.49902735,0.49139099,0.52392076,0.44864145,0.53195283,7.74020303,7.79548074,1,1,100.00000054,1
2686,0.49372061,0.4719168,0.54313487,0.41535996,0.51796933,7.82266337,7.89732598,1,1,1408.66418036,1
2687,0.49381151,0.47196053,0.54317091,0.4205111,0.53426293,7.51352607,7.5363765,1,1,106.26653867,1
2688,0.53032292,0.49798821,0.56778551,0.39898698,0.52216394,7.89172744,7.90185475,1,1,485.0503336,1
2689,0.55051624,0.52146042,0.56435235,0.37825068,0.50175784,7.55192958,7.62487319,1,1,668.4259991,1
2690,0.54382103,0.5161895,0.53264566,0.41812107,0.48364562,7.77298325,7.85063438,1,1,1565.25593718,1
2691,0.53308283,0.52877406,0.55207781,0.3808126,0.4726678,7.70443211,7.73899687,1,1,1386.10240863,1
2692,0.53237849,0.53860755,0.54753589,0.34497241,0.456243,7.88739395,7.93322584,1,1,1536.74854834,1
2693,0.53243408,0.53884512,0.54762631,0.38806803,0.46635487,7.68960215,7.71192022,1,1,1516.9608421,1
2694,0.50850329,0.49143412,0.56425154,0.40717942,0.46761041,7.52602983,7.53219727,1,1,100.57064392,1
2695,0.50518931,0.51535755,0.56793972,0.43224868,0.44921746,7.73314867,7.78078927,1,1,355.78925904,1
2696,0.49332348,0.51039787,0.56483863,0.45378951,0.46997211,7.71739126,7.7312729,1,1,113.36120168,1
2697,0.49967847,0.51626452,0.56676869,0.42361949,0.46170127,7.700237,7.76750075,1,1,1470.33189537,1
2698,0.48387415,0.50197772,0.54290792,0.43658369,0.44264167,7.76822274,7.82051829,1,1,100.00290906,1
2699,0.48370104,0.50262879,0.5427741,0.43095608,0.45599243,7.49736025,7.53702056,1,1,1229.13466964,1
2700,0.50993342,0.59580248,0.55985669,0.39291244,0.4399815,7.95454931,8.00683302,1,1,100.79126798,1
2701,0.52486969,0.59317087,0.55325534,0.42601386,0.46064035,7.70808459,7.76312477,1,1,120.98041008,1
2702,0.54468799,0.57989158,0.54590846,0.41039808,0.44483544,7.67769975,7.75165746,1,1,128.01359946,1
2703,0.56180158,0.57647727,0.525494,0.39404126,0.42899399,7.75472709,7.82155466,1,1,100.14849753,1
2704,0.56014666,0.56225036,0.53286199,0.43598261,0.44215361,7.68446579,7.71017024,1,1,1584.75997193,1
2705,0.56002557,0.56255075,0.53282507,0.3986351,0.42351051,7.85692112,7.89967278,1,1,100.04397992,1
2706,0.54642123,0.53668182,0.54854249,0.42015751,0.40862493,7.76256908,7.80095591,1,1,1551.50599251,1
2707,0.54439268,0.54717089,0.53804818,0.39485279,0.41488485,7.52952725,7.58137292,1,1,100.00013136,1
2708,0.52627105,0.54145852,0.55954311,0.37127858,0.39668693,7.52795785,7.58895457,1,1,111.17433606,1
2709,0.51643538,0.53822726,0.55280104,0.33412769,0.37987499,7.67304655,7.70146796,1,1,1584.88689207,1
2710,0.51386547,0.53854626,0.5482345,0.36993546,0.36432624,7.78130054,7.82418636,1,1,1031.7278341,1
2711,0.53096557,0.53423972,0.53889197,0.33370414,0.36592097,7.63493979,7.67905954,1,1,103.95362136,1
2712,0.53098609,0.53410856,0.53872781,0.37692658,0.3866899,7.75790948,7.81916227,1,1,100.00000006,1
2713,0.51592288,0.48135049,0.54069186,0.35186289,0.40667912,7.64246693,7.65215212,1,1,1417.50185772,1
2714,0.51153327,0.49111116,0.55190504,0.39117997,0.42622024,7.59039407,7.61140673,1,1,1584.7324592,1
2715,0.49407175,0.48283039,0.56123983,0.35947676,0.42689682,7.75231239,7.78292004,1,1,100.00000001,1
2716,0.48463032,0.49902768,0.54881549,0.32229422,0.44833804,7.87724521,7.9032328,1,1,100.06070294,1
2717,0.49362265,0.48428339,0.54815622,0.29215816,0.46910181,7.77387846,7.7747059,1,1,102.65226945,1
2718,0.49351702,0.48459177,0.54820536,0.26208316,0.48964161,7.75001935,7.80137593,1,1,100.00007087,1
2719,0.45733113,0.5118855,0.55972806,0.23102779,0.47400538,7.74805165,7.75007836,1,1,1550.11203806,1
2720,0.4669167,0.50299805,0.54002857,0.20135644,0.45534915,7.81393317,7.84901877,1,1,100.00006176,1
2721,0.47208767,0.49392249,0.52630077,0.23956185,0.47497822,7.53132401,7.59976974,1,1,286.80075251,1
2722,0.47618275,0.49728605,0.53855933,0.20674892,0.46768722,7.73314566,7.80830312,1,1,100.01040529,1
2723,0.48339138,0.48365659,0.5137661,0.19288094,0.48818764,7.67863583,7.72109461,1,1,907.72445872,1
2724,0.48327979,0.48355589,0.51399411,0.23708153,0.50309936,7.69418669,7.73367245,1,1,100.00794351,1
2725,0.49134252,0.55618522,0.53577999,0.2082714,0.51922262,7.37871326,7.4079616,1,1,719.88644428,1
2726,0.50089141,0.55943866,0.52703801,0.23594293,0.5007085,7.9423078,7.95329138,1,1,1579.9675847,1
2727,0.5211178,0.53522476,0.53028417,0.28119477,0.50401263,7.58172402,7.58775312,1,1,1583.76671416,1
2728,0.50829934,0.5175659,0.52162693,0.31981095,0.52359978,7.56600411,7.63421959,1,1,100.03330038,1
2729,0.54437602,0.53718365,0.52226059,0.29115944,0.51537088,7.86389931,7.87034546,1,1,138.67193475,1
2730,0.54425421,0.53771102,0.52227842,0.26725367,0.53282558,7.57904078,7.62587968,1,1,190.83355399,1
2731,0.51024944,0.49936455,0.5331024,0.23191237,0.51856477,7.83922396,7.90328368,1,1,519.56986195,1
2732,0.5057573,0.49329412,0.5224173,0.22501946,0.5358384,7.57859914,7.64856772,1,1,101.25284972,1
2733,0.5129538,0.50229288,0.53883954,0.26847419,0.51768806,7.91882093,7.99217276,1,1,107.81708752,1
2734,0.502497,0.48709046,0.52539693,0.3083583,0.52214792,7.5807883,7.62114849,1,1,129.72959531,1
2735,0.49527814,0.49073533,0.52944579,0.20244099,0.52154761,7.61558126,7.66926612,1,1,100.00168096,0
2736,0.51484827,0.48903248,0.52009572,0.30428734,0.47299236,7.5315554,7.54186905,1,1,1304.27495328,0
2737,0.51485193,0.48881651,0.52000026,0.34081273,0.46524184,7.63654896,7.63753744,1,1,676.25054073,0
2738,0.49186523,0.51828409,0.39665155,0.34148278,0.41065903,7.75555035,7.81012954,1,1,100.01548961,0
2739,0.41288919,0.56050349,0.25632573,0.44323173,0.41544638,7.6101319,7.65736189,1,1,370.34307754,0
2740,0.35080874,0.62217198,0.10975857,0.40449104,0.40310515,7.6505243,7.69887302,1,1,1579.56768009,1
2741,0.30015112,0.63288311,0.01199863,0.41571757,0.38513726,7.84755093,7.92347241,1,1,1584.89319047,1
2742,0.30013771,0.63216128,0.01191757,0.4437934,0.36950796,7.91553336,7.96846754,1,1,153.4418776,1
2743,0.30226077,0.72243012,0.01725317,0.44725838,0.39206123,7.77944554,7.78421095,1,1,100.00000065,1
2744,0.31364314,0.71445309,0.02313847,0.43392582,0.40836449,7.79800675,7.81520674,1,1,1553.34786655,1
2745,0.31806163,0.69307252,0.02928228,0.40659594,0.42873532,7.75140161,7.7655594,1,1,1581.92519627,1
2746,0.33337297,0.70856058,0.0395131,0.42678583,0.44414702,7.82058504,7.8857511,1,1,1584.65764456,1
2747,0.35224309,0.6946858,0.04758758,0.40094271,0.4635392,7.68009482,7.69541238,1,1,1584.8118493,1
2748,0.36695046,0.67945742,0.05747422,0.42841348,0.45155963,7.89556255,7.94508131,1,1,1568.24582134,1
2749,0.37756412,0.66089741,0.06359798,0.42609978,0.46081048,7.63198204,7.67847954,1,1,1584.89076272,1
2750,0.39190521,0.66941903,0.07101158,0.39467705,0.47356567,7.77973919,7.78995101,1,1,100.00091576,1
2751,0.39384065,0.6563796,0.07286513,0.36751106,0.46987095,7.80908152,7.82129592,1,1,1584.82030371,1
2752,0.39389695,0.65638942,0.07288368,0.40498628,0.48304328,7.52743484,7.52809552,1,1,1581.2021041,1
2753,0.37669724,0.71248783,0.0816791,0.4468409,0.46654039,7.75501875,7.7562366,1,1,101.1008726,1
2754,0.38184347,0.72218671,0.08740188,0.48144594,0.44721551,7.76789495,7.76929783,1,1,1584.88876578,1
2755,0.38124897,0.71107543,0.09474465,0.52138764,0.46689626,7.70882525,7.72380239,1,1,1583.79936858,1
2756,0.40959629,0.70287531,0.10281801,0.50085001,0.4816105,7.49464482,7.51498447,1,1,101.90868888,1
2757,0.42675135,0.65992851,0.11575618,0.51303601,0.50195094,7.65618681,7.67560247,1,1,1584.89131831,1
2758,0.4298294,0.66555971,0.12220773,0.52986987,0.51225113,7.83040627,7.84582568,1,1,161.27340195,1
2759,0.42688111,0.67357577,0.13039894,0.49625363,0.52357321,7.74392492,7.8076901,1,1,100.00806563,1
2760,0.43149506,0.66691837,0.13061432,0.45662255,0.52785321,7.93721154,7.96687848,1,1,111.69740636,1
2761,0.43132194,0.66687867,0.13053697,0.42006811,0.50924674,7.821001,7.83402042,1,1,100.01618582,1
2762,0.42030021,0.69116532,0.1421973,0.38174016,0.52695426,7.62398859,7.68992914,1,1,106.74155532,1
2763,0.42943491,0.71422295,0.14977905,0.42219157,0.53407606,7.70327645,7.75036365,1,1,119.96462072,1
2764,0.42125748,0.69341859,0.15665526,0.45911918,0.51340656,7.71049021,7.72794742,1,1,101.15602403,1
2765,0.44888962,0.69276487,0.16771586,0.49883567,0.53305599,7.52419699,7.53977528,1,1,100.00047037,1
2766,0.43706536,0.65417581,0.17573202,0.53835198,0.54140098,7.5908433,7.59333477,1,1,951.14944162,1
2767,0.46475009,0.65988965,0.17680531,0.5770073,0.52439086,7.60405482,7.67037227,1,1,1060.20719063,1
2768,0.45274071,0.66799502,0.18014866,0.53705975,0.54389774,7.59301961,7.62992928,1,1,1566.23314377,1
2769,0.45285854,0.66712956,0.18010421,0.57376123,0.56301549,7.80472234,7.8305394,1,1,100.07688134,1
2770,0.42789962,0.70993164,0.19134363,0.53726356,0.55537452,7.63124663,7.63342932,1,1,109.21718193,1
2771,0.44897557,0.71068572,0.19496496,0.5725869,0.57411538,7.51186421,7.53623929,1,1,107.41920804,1
2772,0.44593653,0.70087677,0.20451768,0.53161224,0.5607987,7.62122063,7.68371086,1,1,1584.86735877,1
2773,0.46527064,0.69036607,0.21261272,0.54271875,0.56362814,7.56317832,7.57223229,1,1,100.88012052,1
2774,0.47560397,0.67456014,0.2283575,0.58175508,0.56419162,7.57390185,7.63283014,1,1,101.03555577,1
2775,0.45768779,0.67329437,0.23056505,0.57588283,0.54290934,7.80047819,7.82255339,1,1,100.00183357,1
2776,0.47112825,0.66188431,0.23950894,0.56216009,0.55892235,7.67125426,7.70156516,1,1,1557.67252042,1
2777,0.47115975,0.66155423,0.23926521,0.521416,0.53827627,7.90243529,7.94261254,1,1,1228.46040077,1
2778,0.45982836,0.70162177,0.24917987,0.5599056,0.55738331,7.72054079,7.74869331,1,1,338.12610946,1
2779,0.4650489,0.67217144,0.2613411,0.52654925,0.53737985,7.60471405,7.63094175,1,1,1188.26233466,1
2780,0.4705733,0.65685702,0.26340193,0.53844703,0.5181835,7.71669501,7.75285839,1,1,1584.08951251,1
2781,0.46952323,0.66106331,0.27907694,0.56300178,0.49978809,7.67594817,7.6804659,1,1,1549.51979456,1
2782,0.4692642,0.64332337,0.28732837,0.59145247,0.49519791,7.63196487,7.63705451,1,1,134.5485481,1
2783,0.47205776,0.63567036,0.28975341,0.6191381,0.51528001,7.54008821,7.61149079,1,1,115.03058658,1
2784,0.48239923,0.62985168,0.29870606,0.59031648,0.50236243,7.6858373,7.68638918,1,1,1584.50769412,1
2785,0.48242167,0.62949511,0.29865994,0.62379163,0.5194079,7.48738555,7.53728184,1,1,112.72987837,1
2786,0.44808645,0.65930349,0.30609448,0.61581085,0.49975476,7.81293684,7.84483312,1,1,103.69319069,1
2787,0.45007838,0.64631256,0.3248814,0.57919698,0.47984656,7.60590639,7.61192914,1,1,992.92987026,1
2788,0.46500367,0.64180775,0.32050862,0.60814932,0.47065602,7.85750752,7.87853217,1,1,100.0013174,1
2789,0.46031823,0.62194343,0.339494,0.58094802,0.49109667,7.55131661,7.60336488,1,1,1345.89727235,1
2790,0.47476018,0.61485595,0.34887099,0.58503308,0.4712749,7.50307355,7.54669375,1,1,100.00000284,1
2791,0.48510034,0.6290495,0.33747192,0.62093256,0.49169738,7.73678063,7.78252551,1,1,1584.48896102,1
2792,0.48507852,0.62920347,0.33742135,0.5793437,0.47191924,7.66227899,7.71968615,1,1,107.61604069,1
2793,0.44733677,0.63535877,0.36004763,0.54079737,0.48461259,7.66447426,7.71465772,1,1,100.09132585,1
2794,0.45949459,0.63223308,0.35160838,0.57321416,0.50143413,7.63516494,7.66766509,1,1,1553.03568141,1
2795,0.47377823,0.6418889,0.36789809,0.56643287,0.4836975,7.75182667,7.78945144,1,1,427.03287325,1
2796,0.4796627,0.6235241,0.37788694,0.55848741,0.49559101,7.57418729,7.59941895,1,1,1553.88766238,1
2797,0.4673727,0.62265311,0.36962066,0.53021203,0.4835591,7.70883549,7.77118028,1,1,100.00127947,1
2798,0.47545905,0.59964739,0.36475109,0.50829486,0.47276933,7.60187352,7.67207321,1,1,100.00160854,1
2799,0.47554082,0.59990759,0.36475115,0.54794501,0.45365285,7.56992674,7.59922288,1,1,100.00374276,1
2800,0.43162798,0.63327296,0.38616064,0.53897511,0.44267993,7.66873117,7.73152947,1,1,1584.88133514,1
2801,0.43755733,0.64243742,0.37862753,0.49850582,0.4247176,7.72296438,7.7424003,1,1,904.97607382,1
2802,0.43804237,0.62773099,0.3961032,0.46952183,0.40996967,7.89147456,7.91559919,1,1,1146.78622063,1
2803,0.45887742,0.59531982,0.38395875,0.43015552,0.43113138,7.68275132,7.73234696,1,1,1584.87720896,1
2804,0.46180513,0.60516306,0.38524825,0.39857394,0.45135263,7.80116547,7.84416845,1,1,109.62268765,1
2805,0.46350421,0.59999481,0.39704981,0.36495016,0.43985387,7.85554187,7.86154995,1,1,106.29108523,1
2806,0.46347115,0.59935976,0.39706009,0.34092641,0.42167475,7.58895149,7.59808187,1,1,1571.41182493,1
2807,0.45489037,0.64882513,0.40053715,0.30422984,0.44312834,7.86903804,7.924811,1,1,100.0000191,1
2808,0.44630298,0.62052912,0.42004118,0.26828273,0.46164554,7.54245687,7.58242039,1,1,1294.77245576,1
2809,0.46927968,0.62954334,0.43031474,0.23520954,0.44383789,7.48339362,7.49690853,1,1,1573.79205503,1
2810,0.4785815,0.61848536,0.43303081,0.2125253,0.46495913,7.62028235,7.68140897,1,1,100.00280086,1
2811,0.49244611,0.60699938,0.41623818,0.25825102,0.48496388,7.73175716,7.74620494,1,1,100.00129363,1
2812,0.47473792,0.5869599,0.43820742,0.26760368,0.46529992,7.74087148,7.75177476,1,1,1536.40830151,1
2813,0.47481588,0.58688736,0.43817979,0.23354315,0.44650976,7.77849295,7.81140155,1,1,1239.69440554,1
2814,0.42715435,0.63100184,0.46539724,0.23687643,0.43901818,7.7386255,7.76235538,1,1,1584.87972985,1
2815,0.434717,0.63444337,0.4462927,0.22913719,0.4586211,7.52585144,7.54905189,1,1,1317.67714293,1
2816,0.46393472,0.60527145,0.4562819,0.27228253,0.47661995,7.53361465,7.58180595,1,1,1584.69717036,1
2817,0.4665155,0.60231885,0.44840466,0.23785684,0.49125546,7.59522646,7.60105831,1,1,1517.2544091,1
2818,0.46068108,0.5954689,0.4652667,0.28194665,0.51055777,7.72719382,7.76873299,1,1,100.02670471,1
2819,0.47859299,0.58441058,0.45491798,0.26857306,0.52441305,7.62959755,7.63939146,1,1,132.46242008,1
2820,0.47873914,0.5842047,0.45493512,0.2388277,0.54064264,7.79112538,7.84730513,1,1,1584.89317899,1
2821,0.45137387,0.60773642,0.45942068,0.27789615,0.51983426,7.67001078,7.72538775,1,1,101.00291163,1
2822,0.46777986,0.61082838,0.46116516,0.3120157,0.49996836,7.66629556,7.70496787,1,1,1533.0048606,1
2823,0.46982679,0.6045042,0.47494878,0.30928765,0.51026054,7.89451886,7.94440694,1,1,1584.11741586,1
2824,0.47165061,0.57772793,0.46425571,0.32651535,0.52961113,7.59416842,7.65341823,1,1,101.34341914,1
2825,0.48694567,0.59024408,0.46754429,0.36823866,0.51429826,7.53440411,7.57335555,1,1,103.13869254,1
2826,0.48682952,0.59057722,0.46763239,0.36461301,0.53208223,7.7826108,7.79100962,1,1,101.48064908,1
2827,0.44073194,0.62694729,0.47373863,0.32732539,0.51144272,7.54940574,7.59775986,1,1,118.4967227,1
2828,0.46583138,0.6356776,0.47929319,0.37035295,0.52629361,7.71578939,7.79254785,1,1,192.14008444,1
2829,0.4701878,0.61123189,0.48048225,0.34237833,0.5060977,7.55700844,7.59463924,1,1,123.97057683,1
2830,0.48961141,0.60218546,0.49733547,0.34421926,0.52449954,7.44355316,7.50927939,1,1,1497.66875581,1
2831,0.49865692,0.59017856,0.50016349,0.37812073,0.54395218,7.93335509,7.99312438,1,1,108.0896812,1
2832,0.49883956,0.59028221,0.50013861,0.34101631,0.56293236,7.6024716,7.61431555,1,1,100.29181412,1
2833,0.45430731,0.59995482,0.51323143,0.38377008,0.57774441,7.86057294,7.87062843,1,1,1584.89306034,1
2834,0.47142247,0.61053347,0.52038809,0.34637225,0.55632286,7.86982137,7.88486943,1,1,539.87570044,1
2835,0.46096429,0.57730108,0.51186735,0.33768557,0.55727878,7.72166398,7.72585906,1,1,100.87927814,1
2836,0.46652514,0.57669183,0.52507567,0.30474791,0.57606889,7.65347977,7.72590202,1,1,100.32890316,1
2837,0.47628667,0.56070655,0.5044879,0.32618725,0.59396739,7.6875986,7.69566398,1,1,1065.75756702,1
2838,0.4764618,0.56070405,0.50442854,0.2896706,0.58183385,7.71010621,7.78066866,1,1,789.03033145,1
2839,0.45090513,0.61009492,0.52512382,0.32872279,0.5633578,7.55879514,7.58389697,1,1,102.73462219,1
2840,0.45864157,0.60159123,0.50893309,0.29215124,0.57980165,7.75181524,7.7600815,1,1,1200.48804665,1
2841,0.46833516,0.56621233,0.53213721,0.26897194,0.59668354,7.74047128,7.7501382,1,1,781.76498188,1
2842,0.48388104,0.57113378,0.51185111,0.29653006,0.61310004,7.4540408,7.4666629,1,1,1578.97084607,1
2843,0.48694216,0.57601437,0.50670496,0.27608864,0.62126291,7.81427501,7.84278259,1,1,739.92942424,1
2844,0.4869027,0.57618098,0.50665837,0.24064374,0.63355533,7.61663081,7.66265862,1,1,842.36776071,1
2845,0.45846494,0.59819525,0.53196363,0.2721912,0.61283357,7.75371863,7.78412032,1,1,1584.84843569,1
2846,0.46665015,0.59154452,0.51495988,0.31574881,0.61586629,7.69327311,7.71589432,1,1,101.71727656,1
2847,0.48909864,0.57413213,0.52390633,0.35820666,0.63326938,7.57865376,7.58963079,1,1,1584.66667385,1
2848,0.49260623,0.59003458,0.51587049,0.33766936,0.65054218,7.42443069,7.47829445,1,1,608.2065562,1
2849,0.49979768,0.58314001,0.509283,0.30361552,0.66712358,7.6897317,7.72407243,1,1,100.0,1
2850,0.49990307,0.5833744,0.50918312,0.26937676,0.65236782,7.6684223,7.68947974,1,1,1581.51911115,1
2851,0.47317037,0.57958113,0.50926575,0.2791839,0.66732783,7.60864291,7.60904974,1,1,100.00469498,1
2852,0.48982618,0.58151893,0.52574291,0.31838658,0.68113064,7.71009805,7.71499999,1,1,100.00000271,1
2853,0.48940634,0.57845846,0.52242576,0.31337534,0.6629399,7.74826011,7.76085451,1,1,100.02113324,1
2854,0.47615543,0.55731762,0.51883234,0.27927537,0.63972937,7.66087386,7.66918497,1,1,100.05067508,1
2855,0.47887458,0.56485392,0.51275238,0.24849045,0.6495502,7.46913638,7.54005358,1,1,149.32361262,1
2856,0.47888846,0.56512261,0.51273849,0.28028842,0.63234235,7.57696599,7.60309699,1,1,306.00572742,1
2857,0.44104618,0.63392014,0.52293367,0.28407284,0.61414654,7.63781138,7.65933454,1,1,1554.01198023,1
2858,0.47258326,0.60619305,0.53616037,0.28783255,0.63145851,7.50262824,7.51095901,1,1,102.02603779,1
2859,0.47246269,0.61160135,0.51479778,0.30597173,0.64831626,7.58576669,7.64545644,1,1,1584.16196905,1
2860,0.48924429,0.59684873,0.53032886,0.27426398,0.66534827,7.69188603,7.75021297,1,1,100.00000364,1
2861,0.4781381,0.59008257,0.52433818,0.31877455,0.64259338,7.81451535,7.82401841,1,1,1574.77990683,1
2862,0.47818981,0.59004288,0.52438223,0.31896727,0.62860104,7.57001064,7.63001819,1,1,888.16270027,1
2863,0.44682699,0.62717562,0.52829537,0.30078721,0.60974823,7.60622727,7.65578892,1,1,892.62664176,1
2864,0.45558875,0.61126005,0.53916339,0.344758,0.60744875,7.82134777,7.88198453,1,1,145.16874958,1
2865,0.46434382,0.61705899,0.52366598,0.38095457,0.6252992,7.65746421,7.68307958,1,1,100.00195413,1
2866,0.47167184,0.60817793,0.53701326,0.34400412,0.64002317,7.69445225,7.72384272,1,1,100.00146013,1
2867,0.48599891,0.59806862,0.53528033,0.38711209,0.61789171,7.64533859,7.7087427,1,1,1550.69648457,1
2868,0.48594834,0.59771165,0.53516473,0.3835767,0.62422561,7.49201084,7.53724623,1,1,1448.0397595,1
2869,0.44812577,0.6193929,0.55151691,0.35342777,0.60243966,7.98741042,8.03490101,1,1,1450.02383887,1
2870,0.46034758,0.6202795,0.54503619,0.31878775,0.62015495,7.6194441,7.65772535,1,1,1546.01979062,1
2871,0.47186164,0.59485956,0.53886065,0.31226426,0.63444216,7.59439037,7.63276831,1,1,100.00264418,1
2872,0.48262851,0.58366933,0.53849226,0.34048753,0.63512981,7.56227544,7.57357435,1,1,770.64022283,1
2873,0.48128242,0.60396473,0.53494135,0.38237154,0.65186874,7.99997127,8.01073759,1,1,1584.84998611,1
2874,0.47570937,0.59432129,0.54005452,0.34603229,0.66825028,7.60602154,7.64022761,1,1,1581.73750242,1
2875,0.4757479,0.59453793,0.54010038,0.38344824,0.64491275,7.55275525,7.55865004,1,1,129.87983086,1
2876,0.46584939,0.62640165,0.55897687,0.34610552,0.66177581,7.55476802,7.5681628,1,1,100.00053535,1
2877,0.47098229,0.63790833,0.55599439,0.38894472,0.64756116,7.67809647,7.68301773,1,1,111.63153639,1
2878,0.47110095,0.60743975,0.55654773,0.43015278,0.65932595,7.51434073,7.54215063,1,1,1568.55358694,1
2879,0.47650081,0.61649249,0.54761474,0.46712226,0.67546746,7.58220603,7.64499282,1,1,149.59918419,1
2880,0.4791919,0.58839077,0.53615541,0.44008743,0.68124908,7.73836475,7.77476654,1,1,100.03829961,1
2881,0.47924403,0.58891643,0.53611092,0.43297574,0.66579237,7.73086942,7.74761296,1,1,1579.48567627,1
2882,0.44162128,0.61586442,0.54892987,0.46044468,0.68224812,7.42406584,7.46950715,1,1,1136.3093201,1
2883,0.45128586,0.62147729,0.56124601,0.43007376,0.66804462,7.82811344,7.89945571,1,1,123.91789661,1
2884,0.45276396,0.60397613,0.56144993,0.470958,0.64534602,7.75488122,7.75654926,1,1,130.92779617,1
2885,0.44979343,0.58243688,0.5463214,0.45579403,0.65993453,7.62763148,7.63455873,1,1,1584.87401343,1
2886,0.46661288,0.5698803,0.53404193,0.49667205,0.67661352,7.67037354,7.68599773,1,1,100.43561833,1
2887,0.48306191,0.5883906,0.53686702,0.53507116,0.65318193,7.83714097,7.88798572,1,1,107.20782573,1
2888,0.48312229,0.58924853,0.53673868,0.56018505,0.6692941,7.74036114,7.78941463,1,1,104.69809796,1
2889,0.46004022,0.61773103,0.55072381,0.5983715,0.65952439,7.73451129,7.7498976,1,1,198.60296046,1
2890,0.47042802,0.62255045,0.56572793,0.59719398,0.63760393,7.60439815,7.64216552,1,1,1289.06256641,1
2891,0.47797793,0.5918405,0.5520199,0.62354411,0.61555636,7.70720301,7.75309129,1,1,100.00000281,1
2892,0.47041752,0.58749092,0.56050615,0.58190115,0.63321558,7.75998741,7.76886965,1,1,135.34160411,1
2893,0.47160801,0.59765466,0.53500657,0.54094167,0.64592586,7.80680828,7.82210988,1,1,100.14389723,1
2894,0.48075887,0.58508459,0.53691846,0.57065452,0.65014973,7.87839342,7.88808433,1,1,1520.544864,1
2895,0.48074337,0.58507519,0.5367908,0.53462883,0.62720549,7.74195137,7.77801655,1,1,1584.89186101,1
2896,0.45732973,0.61261519,0.55783848,0.57392481,0.60475077,7.56678787,7.6190836,1,1,1578.84225594,1
2897,0.46840145,0.59339609,0.55752677,0.60041011,0.59377531,7.68771705,7.71740086,1,1,100.00018588,1
2898,0.45769569,0.58811988,0.53751582,0.60762901,0.57349076,7.68518905,7.68689513,1,1,1575.15415785,1
2899,0.46211253,0.58829441,0.53199008,0.60828604,0.55339379,7.73876014,7.81363108,1,1,100.00813575,1
2900,0.48750043,0.57989812,0.55469206,0.64610618,0.537081,7.83589058,7.89292864,1,1,457.23285767,1
2901,0.48763352,0.58017868,0.55474234,0.60495381,0.55493711,7.53193826,7.59503366,1,1,279.12303354,1
2902,0.47142095,0.61708114,0.58013833,0.6035072,0.57232323,7.71506042,7.73272575,1,1,1567.6575436,1
2903,0.49869616,0.63000586,0.55386405,0.6315915,0.56493307,7.74528645,7.77304945,1,1,1584.4998441,1
2904,0.51030751,0.60688398,0.56706978,0.58990751,0.57249735,7.60839778,7.62235532,1,1,1584.25603531,1
2905,0.51446633,0.61438124,0.55157105,0.54831557,0.55134929,7.9778267,8.00821577,1,1,102.84252253,1
2906,0.52593277,0.58195672,0.54824122,0.50926996,0.53055678,7.66775292,7.7419003,1,1,1584.52833211,1
2907,0.52596099,0.58134041,0.5480929,0.50677678,0.5345903,7.6694716,7.74556258,1,1,323.42104458,1
2908,0.48649865,0.56696392,0.55732237,0.48286734,0.51396448,7.74663964,7.77797516,1,1,100.10156332,1
2909,0.49593136,0.54655132,0.54679233,0.52037158,0.49412108,7.45387138,7.48256886,1,1,1516.62747232,1
2910,0.49045759,0.55933881,0.548798,0.49877623,0.51047632,7.565939,7.63292249,1,1,195.26571541,1
2911,0.49308444,0.53534835,0.54460805,0.46552686,0.5021377,7.78506967,7.81055225,1,1,101.41349652,1
2912,0.46946453,0.5448362,0.55329737,0.42694432,0.48810927,7.69612324,7.69771729,1,1,1582.12268715,1
2913,0.47177959,0.52991346,0.5411577,0.46288236,0.50828555,7.54734727,7.59041279,1,1,100.05165437,1
2914,0.47178568,0.52980919,0.54105889,0.42473597,0.48867719,7.72949572,7.80016404,1,1,913.43074037,1
2915,0.4754268,0.6112395,0.54256714,0.46478773,0.48271533,7.81933383,7.86854917,1,1,102.99886329,1
2916,0.50279028,0.59903135,0.53899207,0.42714977,0.46309006,7.88549288,7.93330491,1,1,305.20864188,1
2917,0.51144504,0.59741109,0.53210779,0.41717363,0.46778574,7.53095623,7.53224627,1,1,100.00000007,1
2918,0.51603026,0.57550747,0.54446428,0.41366648,0.45770301,7.66105759,7.6971807,1,1,1366.8124891,1
2919,0.52062484,0.56281493,0.52871572,0.44115663,0.46760728,7.8016851,7.84315149,1,1,977.18453684,1
2920,0.52057399,0.56251196,0.52847293,0.43009654,0.44831361,7.73273108,7.80345344,1,1,111.67591423,1
2921,0.50582333,0.54078283,0.53912065,0.45130257,0.46663084,7.91908391,7.94745099,1,1,1446.38695201,1
2922,0.50406579,0.53628725,0.53562385,0.41227741,0.48411155,7.74417594,7.81451388,1,1,1438.16015664,1
2923,0.49805366,0.53513849,0.54328394,0.37807592,0.46448868,7.73201861,7.76050738,1,1,106.99314538,1
2924,0.48612644,0.53001935,0.54591031,0.34311623,0.4851952,7.68474352,7.76068762,1,1,1581.79218911,1
2925,0.48916971,0.54101466,0.53850631,0.338058,0.50472685,7.70839748,7.71019904,1,1,100.046487,1
2926,0.49553248,0.5285176,0.5410567,0.34084718,0.49093353,7.50372854,7.55822962,1,1,160.24615902,1
2927,0.49542642,0.52740343,0.54108483,0.37531426,0.47615016,7.79612748,7.80790754,1,1,100.01293109,1
2928,0.54763646,0.55834474,0.56525805,0.41735768,0.45663556,7.49997214,7.51074013,1,1,1584.8913665,1
2929,0.55621562,0.57206688,0.53889962,0.38536534,0.45115805,7.70773955,7.76395937,1,1,327.26574528,1
2930,0.54767859,0.55550985,0.54495517,0.42309201,0.44101216,7.57101721,7.6397109,1,1,1577.85157715,1
2931,0.55833525,0.58985944,0.53986358,0.38597713,0.45523157,7.49331299,7.53026942,1,1,1576.19171321,1
2932,0.53779168,0.58454819,0.51873828,0.42537016,0.43960431,7.86474912,7.86723022,1,1,101.534299,1
2933,0.53775395,0.58410929,0.51868361,0.45403167,0.45985856,7.69673043,7.74566745,1,1,1584.41795455,1
2934,0.49512568,0.56795127,0.54201033,0.47008478,0.47682167,7.74071598,7.78555178,1,1,100.99447859,1
2935,0.51761265,0.55089219,0.53269357,0.49054204,0.45728976,7.85753322,7.88917928,1,1,102.75239961,1
2936,0.50797947,0.54560041,0.52409123,0.49178459,0.43814459,7.43794136,7.4473951,1,1,100.00023053,1
2937,0.50017543,0.54968152,0.5448614,0.51558128,0.42044566,7.6816126,7.74227819,1,1,1583.89750068,1
2938,0.49735411,0.53290802,0.54472012,0.51573072,0.40204418,7.87573814,7.90720383,1,1,100.00529508,1
2939,0.50489218,0.55502572,0.53769875,0.47545794,0.39297017,7.79579266,7.8130146,1,1,182.54805875,1
2940,0.50497025,0.55537489,0.53781976,0.4698681,0.38147286,7.87852287,7.93893539,1,1,100.00001429,1
2941,0.45436732,0.54228058,0.53682752,0.50986039,0.38039521,7.46917164,7.52211747,1,1,100.00069933,1
2942,0.46762833,0.53851807,0.53957788,0.54630269,0.37028197,7.80094367,7.80216437,1,1,1348.84450515,1
2943,0.46121158,0.52590776,0.54202889,0.58523806,0.39125327,7.72067627,7.75523972,1,1,1255.85627939,1
2944,0.47342669,0.54158097,0.55460931,0.61257217,0.39186561,7.6959587,7.72768473,1,1,1484.97694963,1
2945,0.47247197,0.51654628,0.52560308,0.6418773,0.40606775,7.73014432,7.77523984,1,1,100.00024793,1
2946,0.47255655,0.51609802,0.52556364,0.62572605,0.38824217,7.82314097,7.88093274,1,1,100.15645609,1
2947,0.51489848,0.5955643,0.54245371,0.63942933,0.37157779,7.55981276,7.56547579,1,1,1483.69878891,1
2948,0.49726006,0.59154864,0.54603728,0.67647193,0.38260138,7.67790213,7.68207406,1,1,279.94297618,1
2949,0.50869891,0.56079485,0.52326154,0.63765263,0.36635354,7.79510166,7.80404103,1,1,132.53945618,1
2950,0.53672882,0.56893191,0.54689478,0.62074012,0.34905552,7.7577028,7.79004909,1,1,1575.57860954,1
2951,0.53858861,0.58012917,0.53280511,0.58610634,0.37201219,7.66690296,7.71214291,1,1,100.0,1
2952,0.53877644,0.57964571,0.53274329,0.54595774,0.35741884,7.63989476,7.64410993,1,1,134.99689695,1
2953,0.52265054,0.5375239,0.5559918,0.5348312,0.38026264,7.71486313,7.76804938,1,1,979.35264042,1
2954,0.51678297,0.53134128,0.54556093,0.53725332,0.37434783,7.73024006,7.75672263,1,1,100.04267978,1
2955,0.51003173,0.53643592,0.53811531,0.56528361,0.39607095,7.61883475,7.62578346,1,1,1583.98984854,1
2956,0.50595854,0.55015468,0.54675852,0.53192805,0.41462542,7.80986588,7.81043581,1,1,110.84738737,1
2957,0.4965027,0.5513197,0.53970071,0.57105111,0.42709115,7.45670227,7.48062409,1,1,1584.63792409,1
2958,0.49648536,0.55162651,0.53976334,0.52995915,0.44852743,7.64277614,7.6528969,1,1,100.39280994,1
2959,0.46499991,0.56658312,0.5635165,0.56574141,0.46933767,7.53569066,7.59786826,1,1,100.00000084,1
2960,0.47185201,0.55671492,0.55870874,0.60142775,0.48959122,7.66645867,7.67697462,1,1,1567.13944228,1
2961,0.47098773,0.54372179,0.5489479,0.61094156,0.50481321,7.56301243,7.61537353,1,1,100.00819456,1
2962,0.47528964,0.53899676,0.54567267,0.56873429,0.48933541,7.81001298,7.86460648,1,1,100.05714379,1
2963,0.49761313,0.54804821,0.53828352,0.52772885,0.50558218,7.7269432,7.73951383,1,1,100.00022391,1
2964,0.49773351,0.54671066,0.53830921,0.52667659,0.48637675,7.53905839,7.57020061,1,1,1543.09782819,1
2965,0.4783352,0.56931125,0.55890732,0.5020991,0.48075937,7.57341499,7.61572313,1,1,1580.56493849,1
2966,0.48454515,0.53749,0.56488977,0.5302137,0.46148373,7.67255054,7.71655156,1,1,1543.29098098,1
2967,0.49405579,0.54225634,0.54265368,0.56843321,0.44473501,7.57122948,7.58727832,1,1,1571.00971545,1
2968,0.50137775,0.54735265,0.53555387,0.60306003,0.4258945,7.796202,7.83097022,1,1,100.14558515,1
2969,0.48051138,0.53000729,0.54861319,0.64099488,0.4074023,7.65275615,7.69950731,1,1,1584.39314516,1
2970,0.48046413,0.52994405,0.54879319,0.59890699,0.39032122,7.39265463,7.4124346,1,1,116.51566506,1
2971,0.46567092,0.60257352,0.55403924,0.55754328,0.37270575,7.73879771,7.78967413,1,1,137.74249074,1
2972,0.48429125,0.60264616,0.56536975,0.51702856,0.39461739,7.70058496,7.74435158,1,1,103.75934378,1
2973,0.47371531,0.60080708,0.54762373,0.54233815,0.37681561,7.8628724,7.89830376,1,1,101.08289718,1
2974,0.50228091,0.5787051,0.55409973,0.53441755,0.36053858,7.76626094,7.77930666,1,1,100.65212383,1
2975,0.51225578,0.575196,0.55254879,0.57353894,0.38331567,7.6197494,7.63537727,1,1,1574.56021021,1
2976,0.51213776,0.57580749,0.55256697,0.53334027,0.37006541,7.723814,7.73645887,1,1,1584.89245065,1
2977,0.47130739,0.58379283,0.55067546,0.53152773,0.39048912,7.55359145,7.59910216,1,1,100.02819732,1
2978,0.48395143,0.57809976,0.58115304,0.56701384,0.37903576,7.57747972,7.61327786,1,1,1567.53434833,1
2979,0.47902959,0.55843128,0.57204059,0.52773875,0.36544008,7.7292883,7.78290875,1,1,101.99455462,1
2980,0.48898469,0.5727122,0.55541853,0.54852658,0.3528843,7.83178943,7.852998,1,1,1575.49803479,1
2981,0.4867305,0.54081386,0.54618844,0.545012,0.35474215,7.84987165,7.86708603,1,1,166.24616095,1
2982,0.48677915,0.54095357,0.54641858,0.58406981,0.35252133,7.62458433,7.6602403,1,1,1565.98057521,1
2983,0.46571321,0.57087351,0.5721293,0.61852777,0.3355346,7.7493281,7.76150139,1,1,1193.04115653,1
2984,0.4725348,0.56044647,0.56156372,0.58766825,0.35471063,7.7417811,7.80709572,1,1,1554.31999935,1
2985,0.48180148,0.57019345,0.55227444,0.55689505,0.34192659,8.04440645,8.09981436,1,1,100.00365482,1
2986,0.4943683,0.53766323,0.52459958,0.54945668,0.32714667,7.61707024,7.62693662,1,1,311.66303602,1
2987,0.48518342,0.5475667,0.53458385,0.55098718,0.32487553,7.81984516,7.89071641,1,1,252.40618196,1
2988,0.48506829,0.54757295,0.5344511,0.51921046,0.30867274,7.707202,7.71807001,1,1,674.48525177,1
2989,0.46686668,0.59610606,0.55056781,0.47911272,0.31075025,7.6858815,7.75597069,1,1,1575.45067843,1
2990,0.47592764,0.6067727,0.55152762,0.43980985,0.32875394,7.70075448,7.74468646,1,1,1383.18630823,1
2991,0.47159823,0.58561892,0.54860982,0.47348138,0.31221716,7.5680166,7.59553148,1,1,100.07374571,1
2992,0.49348047,0.56551101,0.52344133,0.43554149,0.29599215,7.59222732,7.59620098,1,1,100.00567851,1
2993,0.51234099,0.57236109,0.52383182,0.45072879,0.28870622,7.74568614,7.76332953,1,1,1584.89300549,1
2994,0.51220625,0.57215123,0.52379819,0.4844458,0.31168293,7.65564777,7.69875975,1,1,1569.25600326,1
2995,0.48432009,0.56969783,0.5514612,0.44698371,0.32171516,7.43785437,7.50811635,1,1,100.00472659,1
2996,0.48475628,0.55404575,0.54032109,0.42306909,0.3360598,7.46658611,7.49170958,1,1,591.64288183,1
2997,0.5021248,0.55448971,0.53280635,0.38933085,0.32166171,8.01571075,8.04516244,1,1,100.08673353,1
2998,0.47922532,0.56443932,0.53771208,0.42359315,0.34176384,7.82103607,7.87702889,1,1,1488.61928263,1
2999,0.4827387,0.56145087,0.52570056,0.45382615,0.32712358,7.53632173,7.60670766,1,1,1584.89292652,1
3000,0.48271568,0.56105234,0.5258006,0.48531064,0.32405316,7.41076369,7.46320197,1,1,363.89115255,1
3001,0.46624341,0.60268693,0.53490655,0.4846306,0.34669034,7.55033328,7.57122806,1,1,100.01583114,1
3002,0.49279205,0.58451893,0.5214697,0.47383178,0.35443177,7.70104073,7.77761429,1,1,142.27930781,1
3003,0.4797919,0.57623253,0.54026768,0.45401311,0.37367342,7.7013822,7.7021342,1,1,581.38780537,1
3004,0.50843741,0.58326477,0.53780425,0.43786706,0.38075217,7.59824772,7.61907247,1,1,100.00270843,1
3005,0.50430882,0.57226255,0.52295916,0.39938446,0.36325159,7.76472407,7.80391965,1,1,1397.24395745,1
3006,0.50420443,0.57181876,0.52299757,0.41067057,0.38138345,7.79410625,7.84365445,1,1,1504.12130892,1
3007,0.47492349,0.56128036,0.52615886,0.3101372,0.32422502,7.62399084,7.65708959,1,1,1584.49177748,0
3008,0.48806122,0.57024999,0.53485167,0.38563236,0.26879352,7.61509756,7.63314075,1,1,300.75470306,0
3009,0.49087628,0.57532694,0.53804099,0.41586441,0.33106204,7.71555165,7.71709478,1,1,102.40152747,0
3010,0.49723626,0.56776286,0.52958729,0.32383911,0.32812637,7.74342009,7.77500644,1,1,117.81600568,0
3011,0.49005799,0.56172292,0.53445987,0.22078953,0.27466215,7.81964113,7.87383107,1,1,100.03632798,0
3012,0.50081472,0.55864775,0.53712513,0.34518501,0.28271943,7.69828193,7.7218072,1,1,100.91910346,0
3013,0.50087372,0.55841985,0.53708564,0.45062117,0.24963305,7.70900462,7.7494277,1,1,107.41940092,0
3014,0.46112603,0.50217653,0.51645951,0.33539659,0.25855074,7.39712167,7.43598445,1,1,1421.80371026,0
3015,0.45850351,0.43436218,0.49865775,0.41512252,0.22945537,7.62433555,7.64262595,1,1,100.27127129,0
3016,0.47458776,0.35006138,0.44257409,0.40245442,0.18431275,7.70508185,7.75150857,1,1,1458.52485388,0
3017,0.47294362,0.28547248,0.41478569,0.28631556,0.23954523,7.59164305,7.64663172,1,1,1584.43297305,0
3018,0.49065972,0.23891361,0.40554647,0.19343434,0.18535723,7.76723904,7.78383397,1,1,1575.26119463,0
3019,0.49057171,0.23886932,0.40559357,0.31899462,0.25135778,7.4130262,7.42568613,1,1,1561.21463407,0
3020,0.53455741,0.31838096,0.44602777,0.36922822,0.31490232,7.63902671,7.70130059,1,1,863.55845248,0
3021,0.54374886,0.38153856,0.46100235,0.32549034,0.25824446,7.79334821,7.80489608,1,1,129.81342811,0
3022,0.54727963,0.45669053,0.4931096,0.23152986,0.3214097,7.69992004,7.77468378,1,1,101.63307872,0
3023,0.53700915,0.56203923,0.51718803,0.19913287,0.34022117,7.7648667,7.81709087,1,1,380.70638713,1
3024,0.54788442,0.63719648,0.55220556,0.22119657,0.34400657,8.10086459,8.13399029,1,1,101.01040204,1
3025,0.5332084,0.67388759,0.55312749,0.23147683,0.36700631,7.44323517,7.51584497,1,1,1291.84746727,1
3026,0.53297765,0.67389868,0.55297224,0.27584201,0.35908234,7.74916645,7.75194526,1,1,126.75884276,1
3027,0.50471451,0.66225576,0.55974748,0.24053608,0.36433805,7.57162336,7.58809471,1,1,102.04635513,1
3028,0.4971152,0.64793271,0.56792971,0.20690486,0.36093525,7.6359742,7.63669827,1,1,100.00024411,1
3029,0.49923422,0.65567744,0.55413024,0.24519985,0.38169782,7.49850972,7.51156269,1,1,503.44996956,1
3030,0.48989581,0.63626058,0.5535693,0.21471536,0.3952953,7.64533047,7.69258572,1,1,1584.44746404,1
3031,0.50159945,0.62701749,0.54793224,0.24681923,0.38319981,7.76513411,7.83113899,1,1,841.68802494,1
3032,0.50563713,0.62606509,0.54918503,0.21274425,0.40549586,7.73869247,7.78995243,1,1,159.61115139,1
3033,0.49503548,0.64055102,0.56937501,0.21250489,0.42262968,7.70821878,7.74535073,1,1,475.37176195,1
3034,0.49510654,0.64030388,0.56943048,0.25614843,0.43730712,7.82562741,7.84901052,1,1,1570.82198843,1
3035,0.46479373,0.67216064,0.59462739,0.26190275,0.41930755,7.67506868,7.6991189,1,1,120.06567141,1
3036,0.45450261,0.65818895,0.5836117,0.24504282,0.40094439,7.45725016,7.46464366,1,1,100.00055683,1
3037,0.45671957,0.64596311,0.5878757,0.28474646,0.38315756,7.63965855,7.68388667,1,1,102.51904282,1
3038,0.45911199,0.64622147,0.57135888,0.25111817,0.40524319,7.74753263,7.7884371,1,1,1178.67953763,1
3039,0.49104504,0.63324266,0.59191121,0.21835914,0.40991692,7.62163152,7.68408195,1,1,100.0019046,1
3040,0.48125879,0.6085208,0.57647992,0.18404371,0.39181095,7.51060463,7.52061651,1,1,1584.87979374,1
3041,0.48131077,0.6089384,0.57667671,0.18581568,0.37514502,7.47403886,7.48781816,1,1,100.13758281,1
3042,0.42939598,0.6248859,0.58144576,0.19624392,0.38430374,7.6583795,7.6902341,1,1,100.00044621,1
3043,0.44213439,0.63111884,0.59352035,0.2417707,0.38528558,7.61712773,7.63923154,1,1,1012.95028586,1
3044,0.4536108,0.61851627,0.57940159,0.25076003,0.40528801,7.70864911,7.74045251,1,1,1584.89269312,1
3045,0.46858915,0.61287727,0.58739797,0.29529382,0.38733577,7.83356807,7.87763288,1,1,1433.17814973,1
3046,0.46374444,0.60520599,0.59474545,0.26712068,0.39950069,7.67844877,7.72742,1,1,132.70923367,1
3047,0.48308872,0.59090506,0.59669295,0.23180763,0.40179437,7.6046989,7.63389304,1,1,1300.62109123,1
3048,0.48305043,0.59024268,0.59678521,0.27466016,0.4237583,7.86733261,7.90241237,1,1,100.00002612,1
3049,0.4688985,0.63332309,0.60016782,0.30442661,0.44488526,7.7682799,7.7833991,1,1,197.80026147,1
3050,0.46776557,0.61736703,0.62382211,0.26885575,0.4616338,7.71900912,7.72209264,1,1,100.00024115,1
3051,0.48422603,0.61687572,0.5934576,0.27605927,0.44274442,7.74444424,7.79520061,1,1,1561.22376316,1
3052,0.47073003,0.5737079,0.58844818,0.3051031,0.43017573,7.89512311,7.96314525,1,1,100.01418911,1
3053,0.49525376,0.56669085,0.59442449,0.29899418,0.4146028,7.77395452,7.82901008,1,1,100.07711863,1
3054,0.50451804,0.58640482,0.59322726,0.26813925,0.3970568,7.99783796,8.06154084,1,1,1410.00026838,1
3055,0.50465842,0.58634975,0.59324787,0.31260823,0.4189081,7.88730912,7.91106068,1,1,100.00176632,1
3056,0.47403093,0.58184049,0.61955783,0.35123897,0.43125498,8.04142664,8.09387136,1,1,1584.81762089,1
3057,0.47141304,0.59228734,0.61896385,0.31619502,0.41584624,7.53818717,7.54504246,1,1,100.00010632,1
3058,0.46645657,0.56702867,0.61209558,0.28000642,0.41416546,7.88546421,7.89162134,1,1,121.18592183,1
3059,0.47949619,0.56900315,0.580495,0.24551011,0.40433612,7.76204338,7.81067966,1,1,102.06220223,1
3060,0.47734688,0.56627737,0.58195191,0.21085677,0.38678255,7.81078775,7.88004231,1,1,100.03912667,1
3061,0.47741755,0.56577442,0.58188949,0.18679468,0.40614879,7.62965891,7.64110057,1,1,101.99237548,1
3062,0.46376531,0.60568481,0.58472021,0.18748163,0.39942882,7.35873845,7.38420328,1,1,100.0,1
3063,0.48785932,0.59233648,0.57357286,0.18044856,0.38188833,7.70484244,7.72757575,1,1,1575.86140124,1
3064,0.47154467,0.59893681,0.60017486,0.22649931,0.38565346,7.56123029,7.59276756,1,1,100.01725558,1
3065,0.48671407,0.58528063,0.59084057,0.26677966,0.37151737,7.55379876,7.61485703,1,1,1481.82205957,1
3066,0.51374445,0.57790472,0.58309266,0.24041584,0.39138122,7.67568095,7.7108641,1,1,1549.17323216,1
3067,0.51365486,0.57794211,0.58321529,0.28554021,0.378427,7.66473145,7.72921014,1,1,1322.10608519,1
3068,0.48985782,0.57000218,0.59845744,0.25017007,0.38835732,7.78810927,7.81898506,1,1,148.89457293,1
3069,0.47806113,0.58267254,0.59632602,0.22385277,0.37090296,7.89098316,7.94069782,1,1,123.18841293,1
3070,0.49399078,0.55663636,0.58605666,0.26936011,0.35632177,7.68826985,7.75493357,1,1,1584.89286347,1
3071,0.48977031,0.55223981,0.59793403,0.23519119,0.34504819,7.5443143,7.61415514,1,1,1584.19138143,1
3072,0.50421863,0.55639891,0.58098816,0.20048874,0.3680071,7.60184,7.65579253,1,1,1489.31366635,1
3073,0.48810633,0.53981213,0.5874791,0.24109283,0.35296533,7.80549426,7.86046725,1,1,1575.057147,1
3074,0.48815813,0.54046441,0.58756476,0.26672527,0.35341822,7.71971901,7.78737394,1,1,100.04188954,1
3075,0.44006203,0.59478305,0.59724696,0.23812319,0.34095608,7.59175256,7.64540726,1,1,100.00000004,1
3076,0.45277684,0.57555466,0.6003652,0.26009398,0.32437662,7.6765322,7.69253881,1,1,100.71446852,1
3077,0.45915213,0.56829075,0.59212945,0.22498018,0.34787406,7.71147663,7.72621224,1,1,1264.55181655,1
3078,0.49462195,0.53937788,0.56896268,0.21590902,0.33157675,7.72073354,7.7357117,1,1,233.54081933,1
3079,0.48693048,0.54120579,0.58737419,0.18202441,0.3521213,7.883396,7.95757047,1,1,1362.5624712,1
3080,0.48680299,0.5406445,0.58746118,0.22831393,0.37489554,7.74653755,7.80167621,1,1,1367.70042412,1
3081,0.48451137,0.60716927,0.57528577,0.25633115,0.39661625,7.87348573,7.87947354,1,1,100.0007883,1
3082,0.4994277,0.58553481,0.58027871,0.30113381,0.41694437,7.85423687,7.86898774,1,1,103.09636079,1
3083,0.51090402,0.57232596,0.55975294,0.31206886,0.43836352,7.51092826,7.5715894,1,1,1567.03738729,1
3084,0.52089909,0.57323264,0.55196406,0.28704479,0.42810429,7.66149348,7.70539077,1,1,1577.29146,1
3085,0.51302006,0.56617105,0.52783058,0.32904258,0.40955205,7.50275688,7.56776236,1,1,100.00000129,1
3086,0.51305418,0.56615508,0.52792894,0.31546933,0.39143234,7.59219853,7.61703362,1,1,100.01754671,1
3087,0.487794,0.54901128,0.53738483,0.33769952,0.37512026,7.54407143,7.60472978,1,1,186.20675023,1
3088,0.49005404,0.54622051,0.53320722,0.32129791,0.38937207,7.98440413,8.02084342,1,1,101.09971467,1
3089,0.49176031,0.56471784,0.55132596,0.28533523,0.41083881,7.69910641,7.75683817,1,1,1322.22134673,1
3090,0.49493335,0.54545012,0.54275749,0.31547964,0.40147803,7.65629955,7.68318736,1,1,1584.54952717,1
3091,0.47991989,0.52995366,0.52247065,0.35252074,0.42344311,7.88528985,7.93632135,1,1,1584.81186774,1
3092,0.47991969,0.52991273,0.52246059,0.31815358,0.44487849,7.7144521,7.74871091,1,1,101.89824681,1
3093,0.48275403,0.58716642,0.54932383,0.28190998,0.42606782,7.60478584,7.61633502,1,1,121.78789184,1
3094,0.49166467,0.57320607,0.52691862,0.28454901,0.43434895,7.60614246,7.64989677,1,1,1584.83347041,1
3095,0.4992039,0.56850844,0.51963442,0.2795724,0.44289421,7.66277889,7.69201976,1,1,110.46623007,1
3096,0.51049989,0.55544186,0.5184372,0.32120434,0.45068213,7.84547986,7.90385576,1,1,179.77538534,1
3097,0.51282986,0.55350267,0.53028493,0.28478862,0.45055007,7.66502086,7.74131634,1,1,100.06262542,1
3098,0.51270482,0.55312458,0.53032679,0.2762047,0.4366808,7.52544855,7.56364421,1,1,1558.53813021,1
3099,0.48110542,0.5595269,0.53442987,0.24247428,0.42239841,7.73552206,7.81286062,1,1,1444.5113869,1
3100,0.46402196,0.53370385,0.5582515,0.28761253,0.42640643,7.65404164,7.69994931,1,1,100.32492697,1
3101,0.48352437,0.53522703,0.54557254,0.28452331,0.4400792,7.85443748,7.87119687,1,1,1475.86062736,1
3102,0.47499746,0.53200663,0.52543721,0.25189857,0.46125827,7.67774028,7.68093873,1,1,928.02138128,1
3103,0.49838242,0.51886861,0.5242904,0.29670328,0.44238636,7.79973559,7.83137891,1,1,1562.10156262,1
3104,0.49977654,0.52752022,0.54617047,0.34069442,0.44105181,7.50879701,7.57646546,1,1,978.35695619,1
3105,0.49974359,0.52775878,0.54610606,0.30654685,0.42408926,7.7529322,7.79125361,1,1,101.05486165,1
3106,0.45758275,0.51936397,0.55625987,0.27064528,0.44458457,7.61429361,7.64481823,1,1,252.63164547,1
3107,0.47363368,0.51120374,0.54587193,0.27216271,0.42733605,7.66903143,7.73718534,1,1,305.10502546,1
3108,0.48768491,0.52956495,0.54152684,0.2368965,0.44869545,7.71899786,7.72476597,1,1,100.00002852,1
3109,0.48448009,0.49978375,0.53619312,0.22607829,0.46668055,7.6255218,7.67830374,1,1,100.00000285,1
3110,0.48141008,0.50566139,0.53953885,0.19202395,0.44941173,7.7990541,7.87187437,1,1,100.01846822,1
3111,0.48138925,0.50593889,0.53975674,0.16070714,0.47041647,7.77724759,7.7914303,1,1,290.58141464,1
3112,0.52127709,0.59568003,0.55857313,0.20655856,0.45522871,7.86676018,7.9225739,1,1,100.00199955,1
3113,0.52238257,0.60442659,0.5571585,0.17594464,0.4749338,7.55256501,7.56625036,1,1,108.77125692,1
3114,0.54760906,0.58600627,0.54456334,0.20392468,0.49543508,7.67722541,7.72000658,1,1,1584.89051402,1
3115,0.53738829,0.57061494,0.52611356,0.24891676,0.4855418,7.71496271,7.72905067,1,1,1432.57046257,1
3116,0.53891529,0.5667525,0.52138775,0.29368813,0.47231284,7.80768688,7.83140383,1,1,125.94434974,1
3117,0.53887207,0.56639326,0.52136416,0.25812026,0.47828304,7.91488359,7.96782661,1,1,100.00466546,1
3118,0.53094537,0.51338997,0.54965131,0.30145689,0.48451852,7.5326009,7.54498446,1,1,1583.75816988,1
3119,0.51037752,0.52602393,0.52120954,0.32065153,0.4818902,7.81614838,7.85814073,1,1,230.10475263,1
3120,0.5131052,0.52949796,0.52464989,0.33208057,0.46238021,7.54756235,7.59908942,1,1,1421.64877311,1
3121,0.49021911,0.53696564,0.52140036,0.29856568,0.48145854,7.75783199,7.7686854,1,1,402.16773105,1
3122,0.51264707,0.54001416,0.52915258,0.27006116,0.46883498,7.54073067,7.59658477,1,1,1584.69990769,1
3123,0.51277801,0.54013195,0.52919847,0.24166584,0.4893742,7.80033202,7.81876448,1,1,100.11346458,1
3124,0.48831037,0.5132801,0.54226222,0.21315796,0.48629674,7.75942217,7.79238087,1,1,108.46648776,1
3125,0.46721178,0.50341276,0.54249047,0.21328425,0.47249717,7.51653367,7.55990527,1,1,499.09238268,1
3126,0.46569705,0.51137026,0.53153203,0.24370407,0.45383346,7.666641,7.66833102,1,1,1582.86255138,1
3127,0.47158859,0.50096841,0.52473396,0.2508162,0.46530608,7.60460565,7.65116319,1,1,381.15820967,1
3128,0.4659108,0.50835755,0.54651607,0.29527571,0.47943279,7.6402906,7.70639031,1,1,100.10633306,1
3129,0.4657687,0.50744601,0.54646349,0.30837503,0.4638268,7.61356736,7.62806867,1,1,103.9198195,1
3130,0.50101652,0.59328669,0.55608524,0.35023273,0.4768906,7.82610462,7.85558341,1,1,1584.88892734,1
3131,0.51631252,0.56615379,0.55470643,0.31414533,0.45830352,7.70617265,7.76841495,1,1,102.81424933,1
3132,0.5283511,0.56877228,0.54350234,0.33926577,0.43914178,7.67433772,7.73938515,1,1,1581.23873486,1
3133,0.5162294,0.58102308,0.56168017,0.32618793,0.46029705,7.64107899,7.71031445,1,1,1545.77146363,1
3134,0.52243923,0.56071132,0.56355459,0.35966831,0.45834697,7.79625533,7.84098208,1,1,102.90884854,1
3135,0.52229761,0.56055745,0.56347717,0.40215937,0.469595,7.7607349,7.81674684,1,1,715.44839786,1
3136,0.48020547,0.5430088,0.59071118,0.36855255,0.45021936,7.46094144,7.52394933,1,1,110.39984683,1
3137,0.47997206,0.55832572,0.58867136,0.41010406,0.43256027,7.58080673,7.64909345,1,1,1389.20094378,1
3138,0.4978851,0.53309501,0.58002889,0.3723311,0.45362808,7.75684594,7.79818681,1,1,100.04113001,1
3139,0.50272668,0.52691672,0.5841911,0.41459398,0.45768071,7.66214257,7.72127858,1,1,1577.31234784,1
3140,0.49106026,0.51581542,0.57825821,0.43473581,0.43860054,7.58028065,7.6521567,1,1,100.00073664,1
3141,0.49305732,0.52372108,0.5738168,0.44870242,0.42688018,7.78314296,7.79076874,1,1,1584.87960851,1
3142,0.4930126,0.52311812,0.57377884,0.43928555,0.41271876,7.65560294,7.73069436,1,1,1584.89228725,1
3143,0.45425323,0.53978894,0.58958358,0.40166552,0.40213047,7.68423655,7.70637668,1,1,1584.8406326,1
3144,0.45565801,0.53544472,0.57674703,0.39967525,0.38463276,8.16932863,8.25062647,1,1,1470.08224134,1
3145,0.47739875,0.54340528,0.57578627,0.43279379,0.37353803,7.85428101,7.93174005,1,1,635.68622958,1
3146,0.49769865,0.53551788,0.57423274,0.39635293,0.38836041,7.84628009,7.90010955,1,1,101.99458837,1
3147,0.48086142,0.52704679,0.54992163,0.35945842,0.39586308,7.84234879,7.8917119,1,1,1293.55487437,1
3148,0.4810099,0.52738023,0.54998205,0.32376404,0.41791249,7.67037257,7.70378088,1,1,100.02151526,1
3149,0.48207776,0.58400683,0.5544444,0.36299638,0.4134482,7.52993029,7.54183004,1,1,1396.21931124,1
3150,0.49330668,0.58810888,0.565222,0.33621566,0.39677181,7.83000279,7.83714423,1,1,150.5648818,1
3151,0.50912232,0.55867268,0.55904746,0.37934388,0.3875644,7.87256819,7.88286317,1,1,100.00328402,1
3152,0.51242995,0.54918365,0.52622963,0.42067333,0.36981487,7.68491556,7.75630098,1,1,105.57414737,1
3153,0.512301,0.5497162,0.52615595,0.38773838,0.35670707,7.5601084,7.56659771,1,1,1584.19186677,1
3154,0.47772999,0.53885434,0.529009,0.38781401,0.34240922,7.67638431,7.70893044,1,1,1584.88264571,1
3155,0.47965197,0.52897088,0.54124047,0.4233776,0.36293607,7.64617049,7.71224579,1,1,100.24979268,1
3156,0.47779514,0.52736429,0.53764726,0.46483616,0.35143577,7.35935934,7.41618152,1,1,308.69866268,1
3157,0.48509795,0.53623214,0.5246486,0.44296406,0.37112649,7.86237286,7.87493257,1,1,1581.55437045,1
3158,0.4790704,0.53072914,0.53094543,0.40542434,0.35374031,7.70649438,7.77678355,1,1,1584.88031726,1
3159,0.47902831,0.53099282,0.53080065,0.39974091,0.33674436,7.74552832,7.81545172,1,1,1583.51439289,1
3160,0.48552637,0.59268198,0.52914063,0.44150721,0.32183687,7.82444459,7.85147932,1,1,209.69230976,1
3161,0.47686844,0.58788741,0.54568495,0.48081111,0.30961335,7.66472996,7.67634417,1,1,107.82262082,1
3162,0.50405228,0.58526377,0.53973424,0.47534784,0.29343949,7.51877552,7.57211018,1,1,1584.87537794,1
3163,0.50502921,0.5520827,0.5381262,0.47676839,0.2775856,7.50668616,7.52378526,1,1,145.49320781,1
3164,0.50851615,0.55392789,0.53361558,0.50275035,0.29927739,7.58514218,7.63902128,1,1,584.55190361,1
3165,0.5085636,0.55384384,0.53359177,0.46285805,0.29979718,7.59890171,7.61436001,1,1,105.26075415,1
3166,0.49111895,0.55358185,0.54458737,0.45111557,0.31273108,7.85132285,7.90758531,1,1,116.03845593,1
3167,0.49301236,0.56170859,0.53132616,0.44813657,0.31258981,7.75168362,7.79369027,1,1,1558.80594515,1
3168,0.48164479,0.54303868,0.52624326,0.46861738,0.33123039,7.63070457,7.68891116,1,1,1428.17612865,1
3169,0.48056872,0.54159439,0.54173749,0.50764258,0.35429021,7.62309258,7.6637678,1,1,100.08340233,1
3170,0.4915145,0.52983656,0.52663132,0.54696703,0.36580414,7.53598411,7.54457068,1,1,1417.4319462,1
3171,0.49160018,0.5300322,0.5265892,0.58601955,0.37253011,7.57556625,7.58870992,1,1,1575.83802945,1
3172,0.45206907,0.55492566,0.54610078,0.57472209,0.39433017,7.79350614,7.83639297,1,1,350.62494884,1
3173,0.46624225,0.55541083,0.53810825,0.57374036,0.41492641,7.87731867,7.9401997,1,1,100.07726229,1
3174,0.46581879,0.52666024,0.54566384,0.60939767,0.42043649,7.741259,7.77972348,1,1,100.00026153,1
3175,0.46980766,0.52502464,0.5442892,0.57626693,0.43913883,7.9176407,7.92266487,1,1,1573.23990394,1
3176,0.48418755,0.53205672,0.54388279,0.66143622,0.49761146,7.63570953,7.6904142,1,1,1369.58807498,0
3177,0.48431577,0.53294026,0.54412072,0.76122794,0.44132943,7.78449022,7.82667164,1,1,1513.35862295,0
3178,0.49535091,0.50920173,0.47104508,0.87467344,0.38136251,7.56962017,7.63472687,1,1,1577.64214088,0
3179,0.51541476,0.42996509,0.35318524,0.96463846,0.4319845,7.9833173,8.03708659,1,1,100.02441478,0
3180,0.56994649,0.34818946,0.23002171,0.83758237,0.36301215,7.78850259,7.80808284,1,1,100.16340955,0
3181,0.58424019,0.28299808,0.13094329,0.75444906,0.2962914,7.82965199,7.86377296,1,1,1256.89303771,0
3182,0.61215636,0.24761478,0.06316976,0.74419697,0.30672881,7.75556857,7.82356307,1,1,114.18864678,0
3183,0.61213512,0.247237,0.06325569,0.61987464,0.2529726,7.67563949,7.67592842,1,1,1574.91907604,0
3184,0.6642004,0.29299851,0.16548343,0.49755001,0.25908992,7.63419426,7.69215909,1,1,381.80053593,0
3185,0.62770023,0.35338004,0.28155976,0.37876007,0.31656878,7.62478877,7.68030031,1,1,1584.16570657,0
3186,0.5876796,0.44884329,0.41680691,0.32634297,0.37882705,7.55884018,7.6155818,1,1,361.2607276,0
3187,0.56934038,0.53780165,0.56430168,0.44980235,0.3228278,7.50184467,7.55530343,1,1,100.83510674,0
3188,0.53381198,0.58872044,0.64720694,0.57066422,0.26470642,7.6780641,7.72704682,1,1,1117.60055285,0
3189,0.50496927,0.65470377,0.71077131,0.61303986,0.3215954,7.79268535,7.86341796,1,1,109.38581632,0
3190,0.50486669,0.65541004,0.71088053,0.57226438,0.2647726,7.57589866,7.64422792,1,1,1584.72359327,0
3191,0.48048807,0.5928614,0.66436636,0.61348454,0.25460974,7.709793,7.75858203,1,1,100.71902663,0
3192,0.48815273,0.55406937,0.5744676,0.50031859,0.19239921,7.7494948,7.80963419,1,1,1559.75931042,0
3193,0.48006045,0.46360448,0.44878499,0.61360734,0.13266987,7.51284024,7.58767744,1,1,660.44739889,0
3194,0.50535588,0.37945803,0.34007193,0.65929764,0.11654995,7.7100802,7.76498488,1,1,1584.84775652,0
3195,0.50892281,0.31024622,0.25980792,0.69432242,0.14019835,7.69622317,7.75102634,1,1,100.00344928,0
3196,0.49240731,0.26133282,0.21144222,0.57120047,0.07668683,7.87862855,7.90153537,1,1,100.00004395,0
3197,0.49230986,0.26139287,0.21131542,0.67093813,0.13496739,7.33229385,7.40258476,1,1,1010.00433758,0
3198,0.56523928,0.32755385,0.30199671,0.78726616,0.07157548,7.679861,7.72378567,1,1,636.22538798,0
3199,0.54914297,0.40088444,0.38121084,0.6685189,0.00721939,7.70061037,7.74870662,1,1,822.02820441,0
3200,0.53317042,0.49328273,0.48090186,0.54589903,0,7.51417495,7.51765726,1,1,100.00004983,0
3201,0.54665266,0.57610345,0.5908966,0.5476487,0,7.77532704,7.83753457,1,1,100.00115799,0
3202,0.55099431,0.62864292,0.69316637,0.4470217,0.03831504,7.51545724,7.58604464,1,1,100.01377902,0
3203,0.54422517,0.67850108,0.75091356,0.54397562,0.07664989,7.56363287,7.59797309,1,1,1270.40773976,0
3204,0.54432473,0.6789192,0.75092476,0.50144706,0.09446561,7.62197312,7.68381916,1,1,1583.16021085,0
3205,0.49624292,0.64337526,0.67274362,0.62095789,0.03486962,7.82380827,7.86005917,1,1,1228.93522694,0
3206,0.51002849,0.55851659,0.60822397,0.73816319,0.09215109,7.54127361,7.55668766,1,1,1490.37767296,0
3207,0.47469578,0.46958352,0.47408687,0.63337219,0.14503997,7.43668475,7.48128739,1,1,1568.28480643,0
3208,0.45169929,0.38027405,0.35113983,0.55321543,0.08250779,7.71320684,7.76512862,1,1,118.33602515,0
3209,0.45737963,0.32154426,0.27193035,0.63187851,0.13939183,7.60390479,7.63922376,1,1,100.17963749,0
3210,0.45343687,0.27909265,0.21719197,0.74892742,0.07752639,7.52163429,7.53561727,1,1,1569.75313809,0
3211,0.45335202,0.2787985,0.21712307,0.63254643,0.10200113,7.76271577,7.7872409,1,1,100.23308922,0
3212,0.52315367,0.36417838,0.30472819,0.51119447,0.15809613,7.82203592,7.88019322,1,1,100.00055903,0
3213,0.53976132,0.41882119,0.37442284,0.40525941,0.18563314,7.94196726,7.97322175,1,1,1509.33136367,0
3214,0.55511365,0.52253459,0.48792529,0.50470923,0.1277934,7.77312523,7.84869001,1,1,496.1703035,0
3215,0.55315369,0.5844698,0.60398199,0.54435334,0.15504016,7.53604616,7.57835222,1,1,105.61424549,1
3216,0.58349203,0.65531476,0.67477377,0.58213256,0.15228352,8.15694482,8.15932078,1,1,216.44004643,1
3217,0.59578844,0.69381261,0.73005453,0.59109315,0.14102508,7.63421946,7.67648052,1,1,109.30462422,1
3218,0.5959428,0.69409554,0.73023246,0.59141225,0.16811978,7.74245714,7.75323387,1,1,110.55256674,1
3219,0.582564,0.67771261,0.74924512,0.55204367,0.19451696,7.68901465,7.73076061,1,1,1584.87454712,1
3220,0.56432999,0.68392445,0.74812007,0.51155625,0.22062325,7.77715899,7.79485608,1,1,1566.19106036,1
3221,0.58211161,0.66189978,0.73811642,0.47718483,0.24195308,7.77522025,7.8257359,1,1,186.36723137,1
3222,0.56973381,0.64504619,0.75095026,0.4595849,0.23413224,7.57881379,7.58675435,1,1,100.00006344,1
3223,0.54546948,0.63553244,0.71859378,0.50003919,0.22512883,7.83802306,7.83860078,1,1,457.40274531,1
3224,0.55399629,0.64650739,0.72521365,0.46827169,0.21442751,7.53430393,7.54845255,1,1,863.38121748,1
3225,0.52893392,0.65327644,0.71782911,0.50878401,0.24008687,7.83847123,7.91284976,1,1,1529.66653489,1
3226,0.53484443,0.61931536,0.7374176,0.54826243,0.26410724,7.60158166,7.64998591,1,1,100.19311921,1
3227,0.53681711,0.63968472,0.73680362,0.57607177,0.25101319,7.97278608,7.98745309,1,1,1536.08789291,1
3228,0.53686101,0.63986258,0.73693901,0.5398764,0.27445932,7.76048973,7.77563048,1,1,100.82215069,1
3229,0.49679768,0.63839473,0.74319019,0.53691564,0.26046339,7.75942718,7.78780089,1,1,100.05118447,1
3230,0.49867378,0.62600848,0.76439432,0.49723585,0.27160018,8.04967869,8.05487502,1,1,260.75187515,1
3231,0.51361218,0.60510558,0.74468627,0.53106343,0.26233904,7.56506879,7.61101836,1,1,134.25099649,1
3232,0.51592092,0.59676994,0.73619316,0.49269545,0.28628064,7.66425918,7.68974627,1,1,1584.36451405,1
3233,0.51079431,0.59261544,0.72420779,0.53167334,0.27848192,7.68250997,7.73553283,1,1,1579.35161212,1
3234,0.49239785,0.61184806,0.73838563,0.56455062,0.3019589,7.55555965,7.56647695,1,1,194.10955985,1
3235,0.49504807,0.60471085,0.71438681,0.5232664,0.28710705,7.64679687,7.67809219,1,1,100.00362322,1
3236,0.49494996,0.60484042,0.71447812,0.48291653,0.29860987,7.70053823,7.7538798,1,1,906.74460578,1
3237,0.47337695,0.63852809,0.72477065,0.44900383,0.31791811,7.89668843,7.94592065,1,1,100.00031748,1
3238,0.46902075,0.61921256,0.71472229,0.41849675,0.30173752,7.94423769,8.00770078,1,1,100.06047871,1
3239,0.46920669,0.58948977,0.70836324,0.45965655,0.32553254,7.56915733,7.6427119,1,1,1584.49120885,1
3240,0.47450698,0.58352923,0.70132094,0.420474,0.30924658,7.55666306,7.56100647,1,1,1584.88433955,1
3241,0.47523292,0.60450145,0.69816714,0.38213958,0.33129647,7.51796499,7.5583671,1,1,1565.01650074,1
3242,0.49572655,0.58361667,0.69440114,0.34449764,0.31520591,7.70342501,7.72170073,1,1,1583.99367083,1
3243,0.49554661,0.58300784,0.69453472,0.35119259,0.33887707,7.64748456,7.70166375,1,1,100.76933488,1
3244,0.47755302,0.58861272,0.70785108,0.34103516,0.35053616,8.03889862,8.09541164,1,1,223.05758322,1
3245,0.4565228,0.61107787,0.70660455,0.36407198,0.36537675,7.62233997,7.69686422,1,1,471.00844304,1
3246,0.47782187,0.59420045,0.67329235,0.3837144,0.34855564,7.64464748,7.68860494,1,1,101.23709184,1
3247,0.49100344,0.5735493,0.64577284,0.34651944,0.34298265,7.80257603,7.83349829,1,1,100.03496892,1
3248,0.50040578,0.56995455,0.6540613,0.35982397,0.32685046,7.73111112,7.78810657,1,1,100.62850444,1
3249,0.50036862,0.56991396,0.65388272,0.40260891,0.32013117,7.67613571,7.7361342,1,1,100.01083512,1
3250,0.48742613,0.57483446,0.64846115,0.4110534,0.30508365,7.90045763,7.93878682,1,1,734.84134098,1
3251,0.49994573,0.58960986,0.67224419,0.44442337,0.29496492,7.63270993,7.67042934,1,1,225.15497801,1
3252,0.49182758,0.56755757,0.65464178,0.47862963,0.29875717,7.51571249,7.5594633,1,1,100.36390475,1
3253,0.50288349,0.57532759,0.6329705,0.51702793,0.28689081,7.80630822,7.82074735,1,1,100.16729106,1
3254,0.49791246,0.55226966,0.64658538,0.55664039,0.29430735,7.64870632,7.70942218,1,1,1433.65377949,1
3255,0.49813183,0.55220778,0.646615,0.5178974,0.30327481,7.77371597,7.8238088,1,1,100.42167909,1
3256,0.46264286,0.55160114,0.67192283,0.55709102,0.30303374,7.98806928,8.02144403,1,1,100.00034282,1
3257,0.46456514,0.5598575,0.66224526,0.51726213,0.31374708,7.76980685,7.80446781,1,1,408.60183305,1
3258,0.47697155,0.54080888,0.63137008,0.51908342,0.33647837,7.67392403,7.74920567,1,1,1481.8357537,1
3259,0.48393971,0.53639513,0.6260388,0.49542987,0.34249643,7.5267,7.57618425,1,1,100.00270049,1
3260,0.47817999,0.54578714,0.60919062,0.46650025,0.36477157,7.52001778,7.54458464,1,1,101.50452571,1
3261,0.47808882,0.54617801,0.60920959,0.50640768,0.3861632,7.63194824,7.63204865,1,1,104.27922224,1
3262,0.47003941,0.58289792,0.63729328,0.51457676,0.37483537,7.91185277,7.97529268,1,1,100.00762068,1
3263,0.4694751,0.58975766,0.61825593,0.47497878,0.39107766,7.54616767,7.55922893,1,1,1530.6789573,1
3264,0.48326875,0.57710234,0.60092183,0.50873111,0.4126414,7.92516663,7.93580831,1,1,664.73809409,1
3265,0.48763199,0.56635543,0.60430093,0.54746183,0.3944025,7.60568975,7.66059022,1,1,1407.56021743,1
3266,0.48840391,0.54156236,0.61524968,0.56037192,0.40311784,7.80544701,7.80847621,1,1,1247.93561754,1
3267,0.48833923,0.5415233,0.61531581,0.58184383,0.39594069,7.81213557,7.88860576,1,1,1517.02407581,1
3268,0.44273197,0.58299459,0.62807623,0.62007993,0.3941939,7.74070318,7.76257787,1,1,106.51374349,1
3269,0.46988946,0.5613577,0.6093706,0.58051408,0.4141085,7.73648424,7.74638258,1,1,1512.28802162,1
3270,0.47554768,0.55913859,0.60495815,0.54740326,0.4317637,7.67123032,7.69224187,1,1,213.96417086,1
3271,0.4704036,0.52672225,0.61138427,0.51098217,0.45247752,7.66243546,7.71654039,1,1,211.41182838,1
3272,0.46687524,0.53086985,0.60004551,0.5465979,0.43967283,7.65695124,7.73116597,1,1,1584.89189236,1
3273,0.4669336,0.53121596,0.60034748,0.58387721,0.42617068,7.60609156,7.64670685,1,1,1584.8306422,1
3274,0.48101432,0.60811016,0.6069162,0.56058074,0.42261339,7.76444116,7.83712728,1,1,128.12129657,1
3275,0.47630216,0.58836955,0.58750888,0.5765538,0.40451884,7.747453,7.77617989,1,1,1527.89774182,1
3276,0.50692128,0.59088732,0.5861047,0.6128861,0.41951415,7.6189118,7.69441222,1,1,100.00066321,1
3277,0.49263668,0.58544847,0.59272984,0.61357119,0.40363464,7.8286375,7.88901097,1,1,1461.90007051,1
3278,0.52328274,0.5645604,0.59384565,0.57130879,0.38981483,7.69699531,7.71170073,1,1,101.48390769,1
3279,0.52327702,0.5642665,0.59384976,0.53928363,0.37225809,7.54124043,7.54337705,1,1,1565.72427826,1
3280,0.49228974,0.53709496,0.59726803,0.49876298,0.36524706,7.78811318,7.84111007,1,1,102.75175792,1
3281,0.49650974,0.53656461,0.6010718,0.51799601,0.34797459,7.59559164,7.66918657,1,1,100.05857693,1
3282,0.49014211,0.55638985,0.61607578,0.55760482,0.35072528,7.94559901,7.94908194,1,1,100.00007449,1
3283,0.4986099,0.53608532,0.5895638,0.54562336,0.35400028,7.7322354,7.76813782,1,1,1382.30992224,1
3284,0.49275685,0.532825,0.57878055,0.57569426,0.37430071,7.64284962,7.66500892,1,1,100.08232096,1
3285,0.49098977,0.54031587,0.58734012,0.5364247,0.35683762,7.76122023,7.79251717,1,1,1578.43595311,1
3286,0.49100467,0.54009726,0.58736687,0.5037843,0.37093421,7.82422923,7.86510626,1,1,100.11444959,1
3287,0.45978466,0.57121194,0.6028404,0.46370865,0.37031939,7.44541323,7.45920877,1,1,810.94183905,1
3288,0.47663617,0.55336989,0.60828463,0.44512642,0.35627425,7.70875198,7.76070934,1,1,1584.88408584,1
3289,0.47015939,0.53798996,0.59589268,0.4765396,0.37908131,7.86529879,7.92147139,1,1,614.16408887,1
3290,0.46882685,0.53384701,0.58372903,0.43750401,0.39519471,7.71941412,7.77377593,1,1,100.00423614,1
3291,0.47792002,0.52132498,0.56268377,0.40755968,0.38247723,7.58609769,7.60902265,1,1,103.17966215,1
3292,0.47791926,0.52117514,0.56260363,0.44936802,0.36657564,7.66362311,7.70257954,1,1,100.63377548,1
3293,0.45253243,0.55200252,0.58766665,0.41534944,0.38506633,7.85735484,7.89522971,1,1,1564.63726963,1
3294,0.47743453,0.55528628,0.56569596,0.37942617,0.40736373,7.63491618,7.68509483,1,1,702.88387129,1
3295,0.47715889,0.55487691,0.57408726,0.41908896,0.38926836,7.73544798,7.78361638,1,1,101.49023792,1
3296,0.48026073,0.54678785,0.57919984,0.46047245,0.40781725,7.69051027,7.74396853,1,1,100.62924132,1
3297,0.48562517,0.5325951,0.54777027,0.4279647,0.39371379,7.69693361,7.75947516,1,1,506.45286182,1
3298,0.48564265,0.53269946,0.54789523,0.43970117,0.41552037,7.65316855,7.70749868,1,1,1578.75989525,1
3299,0.47498363,0.5778848,0.55210701,0.45395827,0.43625758,7.54339192,7.55834439,1,1,100.00027054,1
3300,0.46467749,0.54402718,0.57311423,0.41644429,0.41869514,7.92053454,7.99473979,1,1,210.24547669,1
3301,0.48707948,0.56018749,0.55599984,0.37893382,0.42210682,7.78869496,7.82363456,1,1,581.10172473,1
3302,0.49039866,0.52265259,0.56537348,0.40467118,0.41739426,7.75869283,7.82626074,1,1,472.44018718,1
3303,0.48296033,0.51811836,0.55770529,0.44651117,0.4196867,7.55682015,7.59632458,1,1,1331.29707123,1
3304,0.48295282,0.5177587,0.55771284,0.41013584,0.42010675,7.94244535,7.9732622,1,1,100.00363692,1
3305,0.51038746,0.59499616,0.57834823,0.37957282,0.43175052,7.53469377,7.60681847,1,1,1168.19007796,1
3306,0.5361539,0.58630255,0.5452635,0.37968569,0.41796454,7.80084325,7.8062102,1,1,100.00925778,1
3307,0.52695156,0.6103417,0.55892698,0.42066399,0.40073997,7.4953996,7.52221895,1,1,1584.66016543,1
3308,0.55660463,0.58631762,0.54675441,0.40521049,0.38277416,7.56378881,7.60748659,1,1,1574.97363937,1
3309,0.54555986,0.57739811,0.53920797,0.44701138,0.4028897,7.65844665,7.67683262,1,1,100.00154816,1
3310,0.54557155,0.57699179,0.53912541,0.47326396,0.38609449,7.72344989,7.75371974,1,1,1123.28157911,1
3311,0.51425799,0.57379044,0.54802413,0.44273956,0.37008973,7.57607541,7.65104843,1,1,100.01228096,1
3312,0.51992872,0.5432396,0.54179307,0.47345775,0.35325239,7.61689077,7.66967034,1,1,1575.94790502,1
3313,0.50454931,0.55853871,0.54256239,0.46827856,0.36815423,7.77490519,7.82339239,1,1,1319.53968868,1
3314,0.50338773,0.55114646,0.56029583,0.44170131,0.35253224,7.89380339,7.92165337,1,1,1541.72309588,1
3315,0.51653882,0.55564133,0.54010447,0.41263701,0.37547574,7.73525959,7.79138542,1,1,113.85447398,1
3316,0.5015372,0.52845,0.55206327,0.37486759,0.35871441,7.67874118,7.68375949,1,1,100.00017225,1
3317,0.50174046,0.52855315,0.55197497,0.41609489,0.34598364,7.73522656,7.78387821,1,1,1584.8772258,1
3318,0.48190881,0.52536653,0.55874239,0.406775,0.36898229,7.55888503,7.58757116,1,1,1584.87810067,1
3319,0.47499632,0.52999636,0.55094878,0.36884305,0.36621479,7.59172635,7.59939088,1,1,1580.59320075,1
3320,0.47666928,0.52348465,0.57486361,0.41144265,0.35511914,7.77343709,7.82366021,1,1,101.50650416,1
3321,0.47851299,0.51092065,0.56674605,0.37385586,0.37413219,7.70731533,7.71884985,1,1,1582.16980427,1
3322,0.50273468,0.52044729,0.56221444,0.41627583,0.38672679,7.72541423,7.77086799,1,1,1512.42288225,1
3323,0.50285608,0.52078944,0.56221206,0.44234005,0.40891855,7.4200876,7.43375385,1,1,100.11508568,1
3324,0.47812681,0.50446604,0.58443383,0.43218314,0.40333858,7.69372383,7.76296048,1,1,132.5105403,1
3325,0.4933832,0.50985016,0.56855673,0.47213663,0.40398346,7.72584334,7.72707762,1,1,1584.39147302,1
3326,0.48989494,0.50204568,0.55027371,0.47039503,0.42589978,8.00290435,8.00828088,1,1,100.08182884,1
3327,0.48063838,0.50727929,0.53350708,0.43177383,0.44695756,7.53351704,7.54364759,1,1,1582.92311979,1
3328,0.4805697,0.50759279,0.53368366,0.42777706,0.46790285,7.58429816,7.63701577,1,1,1582.4399797,1
3329,0.52583399,0.59040695,0.53889059,0.39070641,0.47165457,7.52081373,7.59485834,1,1,100.2737725,1
3330,0.54865982,0.59185838,0.53899123,0.35614011,0.45663673,7.72961929,7.76582803,1,1,506.3937737,1
3331,0.53584548,0.59254569,0.5365337,0.39235871,0.47589761,7.93264658,7.97259682,1,1,1555.2402283,1
3332,0.54881524,0.57061913,0.54525297,0.43301612,0.49374753,7.60627144,7.61352063,1,1,100.01683128,1
3333,0.53494539,0.5876878,0.53527554,0.47419021,0.47477313,7.75392422,7.77419154,1,1,101.33824416,1
3334,0.53500893,0.58809306,0.53539941,0.43535996,0.47936137,7.51540841,7.53698394,1,1,100.24357633,1
3335,0.50855206,0.55042139,0.53550738,0.47533975,0.46882642,7.84765876,7.90275401,1,1,100.00986221,1
3336,0.50722406,0.56607238,0.5375678,0.43646574,0.48162839,7.89240882,7.92543393,1,1,174.55584752,1
3337,0.51024218,0.54103259,0.54310925,0.47029065,0.4915018,7.73980318,7.78887225,1,1,1584.86823661,1
3338,0.50532195,0.54379748,0.55358954,0.43090012,0.50282591,7.54554688,7.59641357,1,1,1583.56228583,1
3339,0.50396798,0.54366199,0.53362431,0.39624772,0.48318096,7.6952063,7.76737312,1,1,1584.88626801,1
3340,0.50397916,0.54418225,0.53362993,0.4095899,0.46373043,7.61379127,7.68909977,1,1,295.05032723,1
3341,0.4714419,0.54207169,0.55226486,0.43619664,0.48443362,7.82556897,7.88294873,1,1,1575.33333518,1
3342,0.46560232,0.51921227,0.55251756,0.45525023,0.4949504,7.85769117,7.91183226,1,1,1584.89319189,1
3343,0.46712526,0.51408425,0.55046324,0.42130716,0.51430596,7.80139923,7.81287185,1,1,943.91498301,1
3344,0.48404649,0.51641952,0.55112691,0.4399603,0.49875136,7.81776352,7.8188685,1,1,427.26161607,1
3345,0.4845933,0.52930997,0.54757795,0.47809693,0.49582071,7.77213659,7.78023768,1,1,183.16503047,1
3346,0.48464748,0.52995492,0.54746914,0.51249037,0.51554842,7.46154072,7.48820657,1,1,100.00162427,1
3347,0.45958722,0.58268707,0.56799991,0.472241,0.50299139,7.77905878,7.80502283,1,1,107.29260665,1
3348,0.48121844,0.57033703,0.56742641,0.50049362,0.52097438,7.99150497,8.04710557,1,1,565.39439623,1
3349,0.47606439,0.56291432,0.5619611,0.46276895,0.50062041,7.71532931,7.78778194,1,1,1570.54638283,1
3350,0.510401,0.55508612,0.53406628,0.46798182,0.49539644,7.64363668,7.66041535,1,1,100.5251352,1
3351,0.51597386,0.53235686,0.5513109,0.50859595,0.48511684,7.79444556,7.81768737,1,1,1581.66989655,1
3352,0.51606456,0.5323368,0.55127644,0.48470042,0.49325571,7.89889436,7.96302747,1,1,1576.76371651,1
3353,0.49575939,0.50515408,0.56213031,0.48795814,0.47341933,7.57190977,7.64048458,1,1,116.42777673,1
3354,0.4785512,0.51127585,0.54979224,0.52614855,0.46601708,7.9397447,7.94278102,1,1,1582.7211923,1
3355,0.48634837,0.49813848,0.55485241,0.56233867,0.48642675,7.74491746,7.78028819,1,1,100.00048474,1
3356,0.48084857,0.49070096,0.54509282,0.556566,0.46678922,7.81570287,7.89090728,1,1,106.01782997,1
3357,0.48444998,0.49391649,0.53486851,0.51547776,0.48733044,7.76388541,7.78206984,1,1,117.55039915,1
3358,0.48434996,0.49439754,0.53487229,0.47519995,0.46758596,7.8321075,7.83616942,1,1,227.29162105,1
3359,0.47037278,0.54328732,0.52999809,0.43584177,0.48574415,7.85034419,7.91945247,1,1,100.00239885,1
3360,0.48767443,0.54330864,0.54262585,0.4313547,0.4984605,7.72457253,7.75674079,1,1,101.98013251,1
3361,0.48936146,0.53110568,0.54382891,0.47046668,0.47851893,7.74238644,7.80122495,1,1,100.78121496,1
3362,0.51925805,0.53883933,0.54260497,0.50420923,0.45896639,7.49443597,7.5281651,1,1,105.47198435,1
3363,0.51938231,0.53875568,0.542555,0.46598427,0.47830433,7.66680016,7.70358403,1,1,1584.89300343,1
3364,0.46824182,0.51077712,0.54177597,0.50658499,0.45874545,7.79229901,7.81345047,1,1,100.00133164,1
3365,0.46801178,0.51343339,0.54237341,0.47868881,0.4405945,7.6019391,7.60548766,1,1,105.68072611,1
3366,0.46631071,0.51005857,0.56179223,0.47658002,0.4240597,7.84921304,7.90862529,1,1,638.05375234,1
3367,0.48769113,0.49854239,0.53926646,0.43709475,0.40559833,7.5155924,7.58609996,1,1,1043.52745913,1
3368,0.49582512,0.50996552,0.55653481,0.40656485,0.42543708,7.87194089,7.88412584,1,1,1209.71176748,1
3369,0.49569581,0.50975008,0.55655219,0.44326245,0.40711147,7.7999166,7.81649851,1,1,101.94079933,1
3370,0.50609717,0.47538468,0.40550653,0.4719747,0.4277279,7.78771472,7.79580372,1,1,103.63738219,1
3371,0.50681261,0.48097484,0.261649,0.5029201,0.42271881,7.79069396,7.8137054,1,1,101.92030494,1
3372,0.47709843,0.50330954,0.09799827,0.46714813,0.41230144,7.70252996,7.71472786,1,1,100.00051937,1
3373,0.49624729,0.49072183,0.99592518,0.46591385,0.40565788,7.70608834,7.78011659,1,1,906.93185746,1
3374,0.49626684,0.49004484,0.99584033,0.42689825,0.42732907,7.79109277,7.82293559,1,1,327.09051749,1
3375,0.51229917,0.55029414,0.34184359,0.46806464,0.44090067,7.8488704,7.87621671,1,1,348.48782401,1
3376,0.52908829,0.5365156,0.73976214,0.50867926,0.45976165,7.89317371,7.93967822,1,1,1581.10288646,1
3377,0.54663412,0.53423127,0.02225457,0.49635852,0.44056692,7.4976125,7.5251959,1,1,1584.84674301,1
3378,0.55687807,0.52770699,0.96651159,0.52219142,0.46173131,7.54453295,7.61217879,1,1,1582.80349609,1
3379,0.55673406,0.52804067,0.96640008,0.51919503,0.44973468,7.81832612,7.84307559,1,1,100.01069992,1
3380,0.55808277,0.46779313,0.00509249,0.48257878,0.46919425,7.75574229,7.76991834,1,1,100.92265972,1
3381,0.53638182,0.47333638,0.96464718,0.46106467,0.48892207,7.83235001,7.84148547,1,1,474.89173557,1
3382,0.52206854,0.48427638,0.91427522,0.43574443,0.47222083,7.74666105,7.80348362,1,1,1568.6671288,1
3383,0.50742163,0.48484984,0.90848166,0.44869437,0.45738427,7.61142401,7.65306018,1,1,144.64077206,1
3384,0.51898711,0.49836913,0.89260277,0.47461343,0.44223371,7.46648048,7.494667,1,1,100.08315686,1
3385,0.50135048,0.49978564,0.89102248,0.51487018,0.45175045,7.61193099,7.62499625,1,1,100.00116148,1
3386,0.50123077,0.49968151,0.89106129,0.47549052,0.46565564,7.56893696,7.59531945,1,1,1565.33113315,1
3387,0.56343609,0.52035311,0.87251608,0.43628128,0.48167548,7.68370656,7.68701148,1,1,100.00001914,1
3388,0.56163198,0.52839818,0.83703694,0.40073324,0.49559251,7.49605201,7.5152896,1,1,1581.69906915,1
3389,0.5661709,0.54268971,0.79601122,0.36368713,0.49277248,7.75355622,7.7948123,1,1,1476.15791604,1
3390,0.54450284,0.53499569,0.74250039,0.32728306,0.51271465,7.84403804,7.890728,1,1,1584.89315336,1
3391,0.56044698,0.53835353,0.74393269,0.29261254,0.51994965,7.65698702,7.68139876,1,1,192.59022514,1
3392,0.56032069,0.53797412,0.74383578,0.31071849,0.5362836,7.71749772,7.7208512,1,1,1584.26918488,1
3393,0.54721945,0.47837666,0.76261293,0.28292114,0.53123641,7.84643016,7.84858499,1,1,1492.66106179,1
3394,0.54149777,0.47167922,0.73754854,0.25439978,0.51808522,8.00800656,8.03739678,1,1,103.97676402,1
3395,0.52609194,0.47917103,0.71987186,0.27014432,0.49785558,7.83527712,7.8609679,1,1,100.06988838,1
3396,0.53385372,0.48053519,0.71360003,0.26931569,0.48820984,7.85645202,7.91574814,1,1,100.0,1
3397,0.49803181,0.48319222,0.72938942,0.23467408,0.46954451,7.91672174,7.93943919,1,1,1584.72575104,1
3398,0.52208879,0.5055969,0.69818108,0.20180988,0.45149684,7.45058154,7.49677872,1,1,1584.85968261,1
3399,0.52215397,0.50562505,0.69793668,0.21992452,0.46774049,7.55991367,7.63076191,1,1,1584.79855243,1
3400,0.55111991,0.44837225,0.71860402,0.20960346,0.46340036,7.63122874,7.66579563,1,1,1584.8873772,1
3401,0.52261899,0.46083725,0.67497345,0.17977865,0.45439193,7.59351517,7.65588376,1,1,596.82484004,1
3402,0.52271106,0.45165598,0.66035232,0.22601757,0.44917994,7.80886949,7.82271891,1,1,100.06122346,1
3403,0.5013819,0.46388437,0.65570926,0.23377755,0.44243138,7.47699636,7.47946411,1,1,1584.89192173,1
3404,0.51364749,0.48697448,0.62872749,0.27785524,0.45249702,7.80605535,7.85768038,1,1,1558.26634713,1
3405,0.51360527,0.4868116,0.62885234,0.27393511,0.45054199,7.63042419,7.69492445,1,1,684.68996161,1
3406,0.51046545,0.45488462,0.61433145,0.29380231,0.44090849,7.7696973,7.79000485,1,1,346.94820089,1
3407,0.49168332,0.45698957,0.59791926,0.3378831,0.4221182,7.51386521,7.51443401,1,1,100.39944269,1
3408,0.48279793,0.4549958,0.58607339,0.38065143,0.42960987,7.80933151,7.86035783,1,1,103.98809741,1
3409,0.4785826,0.45026279,0.55187768,0.38143075,0.44968811,7.59510394,7.64344713,1,1,195.54234937,1
3410,0.48481567,0.45525603,0.55811434,0.38838521,0.43076569,7.65654477,7.70009941,1,1,100.42242618,1
3411,0.48467738,0.45467648,0.55837843,0.42938506,0.44190726,7.89320594,7.9564183,1,1,100.42916301,1
3412,0.56542409,0.50469075,0.571021,0.42974717,0.42539435,7.72666775,7.75186992,1,1,1584.89106178,1
3413,0.54726148,0.52477996,0.56269265,0.47015366,0.44142717,7.65824877,7.69033838,1,1,1583.51388613,1
3414,0.53925852,0.50343375,0.55284228,0.49495899,0.43354553,7.59674064,7.61980447,1,1,1577.33037667,1
3415,0.56113202,0.50565652,0.56627023,0.52564183,0.4150838,7.71973457,7.72901878,1,1,288.15862212,1
3416,0.53542931,0.53248326,0.54100859,0.5550114,0.39749074,7.82547876,7.87633393,1,1,1583.69659257,1
3417,0.53538114,0.53196912,0.54092405,0.52866951,0.3969247,7.78587336,7.85133703,1,1,100.0000019,1
3418,0.5243972,0.47810778,0.5441666,0.48866199,0.40110186,7.6373315,7.69831218,1,1,100.61508553,1
3419,0.4986253,0.49639497,0.54491297,0.45454145,0.40956199,7.56539373,7.61850249,1,1,1584.89172813,1
3420,0.50274876,0.49730392,0.54703683,0.41584557,0.39140584,7.81291266,7.81309251,1,1,100.00000747,1
3421,0.49153742,0.49468636,0.55936918,0.38493183,0.41161837,7.59079456,7.61415114,1,1,1333.38480845,1
3422,0.50200711,0.4850925,0.53839358,0.37345443,0.39974004,7.67989709,7.70981047,1,1,1584.86768177,1
3423,0.50192277,0.48523685,0.53838042,0.375475,0.41961575,7.60877825,7.6633829,1,1,1546.10401807,1
3424,0.56325707,0.48906829,0.55013794,0.39218045,0.43267386,7.61864248,7.69280921,1,1,100.3282807,1
3425,0.54449552,0.4969621,0.53688847,0.43415349,0.41442943,7.74330245,7.76379826,1,1,107.44250573,1
3426,0.54392712,0.51211398,0.54151913,0.47358798,0.4315654,7.67344743,7.73477742,1,1,100.20999464,1
3427,0.54621186,0.51686031,0.52914988,0.49270829,0.44802389,7.47213735,7.5414829,1,1,456.53619992,1
3428,0.53577997,0.53395691,0.54057166,0.48251939,0.44500033,7.55792251,7.57974618,1,1,100.00276717,1
3429,0.53578297,0.5341337,0.54049215,0.44439583,0.42706566,7.84452813,7.90558199,1,1,100.00018846,1
3430,0.51345005,0.52442345,0.55372748,0.40570268,0.44850778,7.73063589,7.75769606,1,1,100.0000379,1
3431,0.52354541,0.50892928,0.5452739,0.37070008,0.44229353,7.65294288,7.70340516,1,1,141.3920278,1
3432,0.51969638,0.51664052,0.55408554,0.41173062,0.45959361,7.5472306,7.55578295,1,1,100.00065065,1
3433,0.51533103,0.50657072,0.55785853,0.45265608,0.47632295,8.01918393,8.02752852,1,1,139.37593264,1
3434,0.49890035,0.50287513,0.55419809,0.41365771,0.45815906,7.70965787,7.73114929,1,1,100.07420878,1
3435,0.49896446,0.50261015,0.55427809,0.45532498,0.47611612,7.78898823,7.81054138,1,1,643.61400168,1
3436,0.46772028,0.51473302,0.56050383,0.44982177,0.47624332,7.9142313,7.98108113,1,1,119.85255975,1
3437,0.47003593,0.49347482,0.57081728,0.41101944,0.49671444,7.54600544,7.56205079,1,1,100.08280238,1
3438,0.47235312,0.50297769,0.53892913,0.45098243,0.510555,7.88351765,7.92128542,1,1,1566.77884093,1
3439,0.45932073,0.47969507,0.550021,0.44089483,0.51588468,7.58809181,7.64991431,1,1,100.73100323,1
3440,0.47468524,0.49384406,0.55339489,0.47715826,0.49997827,7.56462905,7.60921598,1,1,100.03466578,1
3441,0.4747628,0.49418794,0.55339429,0.4804344,0.49281773,7.59722934,7.63124963,1,1,100.00039876,1
3442,0.53441375,0.54053851,0.55954057,0.44099451,0.51295493,7.69497093,7.75895407,1,1,165.70969029,1
3443,0.52834999,0.54888447,0.54801704,0.47851894,0.49269648,7.66328727,7.73014334,1,1,979.27309665,1
3444,0.54562941,0.53553033,0.55176598,0.49005238,0.51283107,7.59126723,7.66453856,1,1,1348.58923641,1
3445,0.54804728,0.56845396,0.55574328,0.45354525,0.4927527,7.42058778,7.43244368,1,1,387.69597228,1
3446,0.5480492,0.54862098,0.56235138,0.48978231,0.47473607,7.86470985,7.91735357,1,1,1571.99554542,1
3447,0.54811659,0.54875439,0.56244012,0.52986584,0.49119622,7.53668543,7.56186062,1,1,100.44393113,1
3448,0.52036961,0.52027635,0.56574136,0.51601948,0.51075919,7.49381624,7.56600004,1,1,102.08807538,1
3449,0.51810389,0.49874461,0.58031343,0.47599722,0.51728989,7.77264873,7.82606775,1,1,1520.59089453,1
3450,0.49914353,0.51625855,0.55941164,0.51153926,0.49969085,7.9110773,7.93891077,1,1,1584.12825162,1
3451,0.50989638,0.50551416,0.57146996,0.54426349,0.51939105,7.75774917,7.81624336,1,1,104.21080784,1
3452,0.49448857,0.508275,0.57094618,0.53706477,0.5299861,7.7500924,7.75304103,1,1,1375.59013945,1
3453,0.49249244,0.51757687,0.55389553,0.49646131,0.54906879,7.60730716,7.67545776,1,1,101.63507946,1
3454,0.49241681,0.51770746,0.55398583,0.53605935,0.52810623,7.62208514,7.62781409,1,1,100.00868229,1
3455,0.47512453,0.54697704,0.5723072,0.52215674,0.51006737,7.70295,7.7735785,1,1,157.60427957,1
3456,0.49320251,0.55864921,0.56417976,0.55855817,0.48987483,7.66218524,7.73086208,1,1,1422.89125954,1
3457,0.48218904,0.52587622,0.55185351,0.58263702,0.47038723,7.83291375,7.84144855,1,1,419.31215432,1
3458,0.49699615,0.5340828,0.54559268,0.57179808,0.48847767,7.6295018,7.68311072,1,1,1128.42559545,1
3459,0.51474071,0.53054115,0.53679568,0.59550169,0.50778266,7.50562884,7.52802036,1,1,100.25738828,1
3460,0.51464249,0.52966684,0.53690058,0.63286383,0.52083585,7.63583585,7.71179423,1,1,1154.5791378,1
3461,0.4780677,0.5031855,0.55016924,0.59366665,0.50057692,7.77589208,7.79038215,1,1,1576.10200629,1
3462,0.47445747,0.49439812,0.55582184,0.55315636,0.48253358,7.60681413,7.67181572,1,1,110.96107031,1
3463,0.47006542,0.48802426,0.52995608,0.55977914,0.50229307,7.75549456,7.79833383,1,1,754.03189116,1
3464,0.48843135,0.48166351,0.52612071,0.51878301,0.48229386,7.59877348,7.59877528,1,1,120.06761321,1
3465,0.47216562,0.48270678,0.54516375,0.53974519,0.47100677,7.56747617,7.57988952,1,1,851.96621217,1
3466,0.47218587,0.48260775,0.54519647,0.5774038,0.49080185,7.64617099,7.68370222,1,1,100.03359771,1
3467,0.51911383,0.55562594,0.55981097,0.58758914,0.50043524,7.92136377,7.98041033,1,1,1584.27483764,1
3468,0.51164107,0.56455954,0.54045825,0.54611215,0.51103783,7.74723843,7.80027546,1,1,1584.78983549,1
3469,0.54320237,0.55832674,0.54092551,0.51752296,0.52785282,7.51498823,7.52008606,1,1,100.4887287,1
3470,0.55029561,0.53942075,0.54490656,0.52384064,0.53418158,7.72288961,7.74066573,1,1,423.40443774,1
3471,0.54115609,0.55174901,0.54118897,0.48359282,0.51412084,7.72109266,7.75780189,1,1,103.68612464,1
3472,0.54131842,0.5516338,0.54120433,0.45451289,0.53319295,7.57641963,7.64732377,1,1,443.99276178,1
3473,0.51887831,0.51847423,0.56708786,0.41544996,0.55220443,7.69548706,7.74298097,1,1,252.95303124,1
3474,0.50826898,0.52371819,0.55859654,0.45007259,0.54486567,7.7679047,7.80618728,1,1,1565.17008354,1
3475,0.49674356,0.52368461,0.54974016,0.41119101,0.53645981,7.47741915,7.47999242,1,1,100.0009459,1
3476,0.50788982,0.51242446,0.53949391,0.41413845,0.52476721,7.57430655,7.61873859,1,1,100.03930261,1
3477,0.49833783,0.51155009,0.5613306,0.45123011,0.50467122,7.72102083,7.73161871,1,1,100.00000469,1
3478,0.49833424,0.51200819,0.5615158,0.48684899,0.52361573,7.96314355,8.0022502,1,1,105.34075549,1
3479,0.44715546,0.51120868,0.57127759,0.44848925,0.50682435,7.83540034,7.85148715,1,1,100.00749575,1
3480,0.45141943,0.49210618,0.54796758,0.43043172,0.50424382,7.67631491,7.73883676,1,1,136.28238068,1
3481,0.47145163,0.48703652,0.53478493,0.47182304,0.48461772,7.7092515,7.76841978,1,1,925.08127911,1
3482,0.46990299,0.50182595,0.53672009,0.43425354,0.48989051,7.66269406,7.73494298,1,1,184.51635658,1
3483,0.46995678,0.50159673,0.53679287,0.40302362,0.47024685,7.56671273,7.58851898,1,1,440.23979994,1
3484,0.4836603,0.58540713,0.55482215,0.40856302,0.45496233,7.7301301,7.78015229,1,1,106.32441012,1
3485,0.49455198,0.58936248,0.55904698,0.37112222,0.44349686,7.42924297,7.43224297,1,1,946.10685941,1
3486,0.51077937,0.57624158,0.54953285,0.41367967,0.44882076,7.82481965,7.87613907,1,1,1582.32141494,1
3487,0.52485065,0.57040606,0.53928454,0.38630475,0.42997007,7.64997062,7.71299569,1,1,1299.16510482,1
3488,0.52153009,0.54228735,0.53620458,0.42822189,0.44506534,7.62994588,7.64806304,1,1,387.17895438,1
3489,0.52138602,0.54205898,0.53626708,0.389681,0.42647736,7.63845569,7.67735998,1,1,233.10895344,1
3490,0.48497453,0.52424265,0.53490839,0.4141889,0.42259177,7.77248051,7.7843224,1,1,132.39731254,1
3491,0.48054891,0.50209922,0.54677458,0.38202236,0.43969276,7.60646159,7.63902929,1,1,286.6546265,1
3492,0.49773186,0.5264045,0.55574314,0.4240715,0.43294413,8.0013613,8.04769106,1,1,1252.30074484,1
3493,0.47615413,0.52224282,0.54486196,0.38810826,0.45157718,7.72877628,7.79673663,1,1,104.30127443,1
3494,0.49442323,0.52078542,0.54072782,0.3595009,0.47251514,7.95667976,7.99572136,1,1,1335.72438742,1
3495,0.49443566,0.52144094,0.54069767,0.40209848,0.47198579,7.54890612,7.56403151,1,1,103.38584558,1
3496,0.49140347,0.61590087,0.55145163,0.44349444,0.45256682,7.83990921,7.84378247,1,1,125.80566665,1
3497,0.50725311,0.59919715,0.51999905,0.48451517,0.47338326,7.48368132,7.55472413,1,1,1001.71288319,1
3498,0.51670333,0.58953312,0.5322552,0.44518926,0.47494191,7.55521776,7.59801323,1,1,100.0001296,1
3499,0.51477239,0.56823908,0.49960639,0.46789197,0.4578399,7.73453263,7.75101256,1,1,109.96455924,1
3500,0.5147132,0.56789377,0.4995529,0.4401577,0.43875524,7.47916996,7.52129302,1,1,1456.87953303,1
3501,0.48523946,0.55375201,0.51987912,0.47811193,0.42188701,7.63799233,7.67577,1,1,116.92881639,1
3502,0.47847816,0.5555226,0.52556385,0.49185848,0.40348198,7.64208851,7.65196231,1,1,234.96868896,1
3503,0.48151221,0.54188946,0.5068087,0.53197011,0.39199186,7.76122579,7.80805875,1,1,137.58880375,1
3504,0.50202623,0.54092781,0.52045279,0.54851713,0.37419398,7.67970935,7.75219375,1,1,1127.54078143,1
3505,0.48221354,0.53314329,0.51221914,0.56859351,0.39669918,7.76013234,7.7990101,1,1,361.41722501,1
3506,0.48219717,0.53257662,0.51226114,0.52722985,0.41798924,7.87952645,7.91816411,1,1,342.95605166,1
3507,0.47514901,0.56510224,0.5333498,0.55191067,0.41351317,7.61585312,7.63961059,1,1,1584.89294911,1
3508,0.50220728,0.56944932,0.51001882,0.43101768,0.47159663,7.61949128,7.68760289,1,1,1240.09888885,0
3509,0.51561019,0.55943185,0.51027823,0.31256676,0.45925709,7.54936692,7.60096417,1,1,1578.93177551,0
3510,0.52075755,0.55352054,0.51350748,0.34305931,0.52300542,7.76359495,7.82021539,1,1,100.01314497,0
3511,0.51099926,0.55825234,0.52841828,0.35388038,0.48352137,7.6944882,7.74354611,1,1,100.22637149,0
3512,0.51104206,0.55786593,0.52825003,0.47307811,0.5464317,7.55251448,7.62523211,1,1,101.44643731,0
3513,0.45303206,0.51165075,0.51671956,0.57704913,0.6068431,7.77061264,7.814142,1,1,104.40918132,0
3514,0.45823947,0.44541661,0.46028814,0.67972147,0.54566952,7.63909487,7.66814459,1,1,1331.07761796,0
3515,0.4559971,0.34251625,0.40835538,0.78834083,0.48225505,7.63320524,7.70122902,1,1,1584.8862753,0
3516,0.47603858,0.28008938,0.37302905,0.75235856,0.41919656,7.76715798,7.77712462,1,1,100.01478896,0
3517,0.46804674,0.24226999,0.34257504,0.71840237,0.47413167,7.71958616,7.73085228,1,1,196.7252562,0
3518,0.46772753,0.24178428,0.34257058,0.67048586,0.41288083,7.63656258,7.65075358,1,1,319.11459021,0
3519,0.53072671,0.32211635,0.38642944,0.69776149,0.41940471,7.69091977,7.7128562,1,1,100.09215815,0
3520,0.55406299,0.37917342,0.43330934,0.63770522,0.44976791,7.74975877,7.82363961,1,1,1564.432316,0
3521,0.56303637,0.47197863,0.4759324,0.53275624,0.5067515,7.67998832,7.73881094,1,1,963.53864261,0
3522,0.56641038,0.56502478,0.52652792,0.650282,0.44732767,7.68250765,7.69255805,1,1,100.00619899,0
3523,0.56734527,0.61507152,0.56041962,0.67600551,0.41478912,7.79732274,7.81765522,1,1,1584.82717792,0
3524,0.59018585,0.65586237,0.59709038,0.70946942,0.35193766,7.63791254,7.71184588,1,1,1584.89316102,0
3525,0.59009579,0.6556796,0.59717748,0.58803774,0.40655814,7.58124345,7.64307867,1,1,1518.30341336,0
3526,0.53430623,0.59845185,0.56937143,0.69928253,0.45429312,7.76560681,7.82304538,1,1,100.00050571,0
3527,0.50213896,0.53516487,0.54677628,0.57776463,0.50131474,7.6991856,7.72161227,1,1,629.63249228,0
3528,0.47311976,0.45673515,0.4873681,0.68883328,0.44314994,7.64006079,7.67451861,1,1,153.57082155,0
3529,0.44009928,0.36425256,0.45613722,0.56798673,0.49660476,7.54044386,7.59663332,1,1,442.03590254,0
3530,0.40755785,0.30422017,0.42490171,0.44699598,0.55187217,7.7246871,7.76522348,1,1,100.02297959,0
3531,0.38883601,0.26996945,0.38029825,0.44140995,0.5036781,7.69293124,7.72853679,1,1,100.25556925,0
3532,0.38892691,0.2695984,0.3803125,0.5625089,0.50968256,7.92700708,7.96406014,1,1,1584.89195041,0
3533,0.47417515,0.35458076,0.42064521,0.44489902,0.47741078,7.82580708,7.8890869,1,1,143.5588395,0
3534,0.47750727,0.40705482,0.46071471,0.53744971,0.41855552,7.9907786,8.05485174,1,1,1584.5029929,0
3535,0.5326119,0.48153145,0.50697326,0.41906696,0.47435056,7.7565541,7.79835748,1,1,171.81893824,0
3536,0.56644952,0.5744235,0.54098319,0.38946655,0.43565933,7.57568247,7.64962216,1,1,100.76803187,0
3537,0.57473529,0.63470559,0.55253107,0.27557197,0.49700756,7.52308922,7.52335987,1,1,169.77302797,0
3538,0.58914693,0.65886888,0.59220573,0.16043145,0.5384566,7.49874248,7.52259618,1,1,1584.81332423,0
3539,0.58903541,0.65891586,0.59210531,0.12508195,0.5477335,7.9835991,8.04518977,1,1,100.01998248,0
3540,0.51990915,0.59016774,0.58407858,0.0700871,0.61143303,7.83047613,7.88050925,1,1,120.18822119,0
3541,0.4908529,0.54123439,0.52628834,0.03031865,0.56335552,7.62618039,7.69397808,1,1,101.4894257,0
3542,0.4260297,0.48330892,0.46922816,0.15076257,0.51314359,7.77406531,7.82190144,1,1,1266.54093817,0
3543,0.37252284,0.41999848,0.44711031,0.27749287,0.54604508,7.57703785,7.60970728,1,1,1554.18356921,0
3544,0.34077204,0.37484352,0.4160019,0.38750392,0.50283801,7.56277087,7.62637251,1,1,1177.44379218,0
3545,0.34102447,0.37493081,0.41586168,0.47810207,0.55214342,7.31586949,7.37418725,1,1,1583.95589605,0
3546,0.43579225,0.47600369,0.47281079,0.44447277,0.56772679,7.57951902,7.61150299,1,1,111.42496794,1
3547,0.49892897,0.51928946,0.50012078,0.40678739,0.54852324,7.49049718,7.56340431,1,1,103.62530261,1
3548,0.57847774,0.58726981,0.56738375,0.36872123,0.52837362,7.80921824,7.88459267,1,1,1573.07381205,1
3549,0.64959586,0.62784755,0.60028375,0.3823147,0.52658413,7.78808596,7.84393773,1,1,1584.44268892,1
3550,0.69235447,0.62985058,0.60600843,0.42452395,0.54557823,7.60745414,7.67036455,1,1,1584.32844937,1
3551,0.69220127,0.62943097,0.60593717,0.46597309,0.56464148,7.44380688,7.51298228,1,1,100.00000084,1
3552,0.68403448,0.57152314,0.63805498,0.50375727,0.5832767,7.70700972,7.72370448,1,1,1584.89094451,1
3553,0.6868984,0.59197177,0.63561133,0.51694886,0.59395774,7.71461213,7.75429393,1,1,1579.76010604,1
3554,0.68242848,0.5862542,0.63065159,0.5562125,0.57550042,8.06159373,8.11989046,1,1,105.53449274,1
3555,0.63659682,0.59037977,0.61313888,0.57834346,0.59397796,7.89287906,7.96543251,1,1,1525.69449144,1
3556,0.65162872,0.5822032,0.62745929,0.59373852,0.61209762,7.87963229,7.92858229,1,1,108.98492432,1
3557,0.6412108,0.58084399,0.60107773,0.63154932,0.59459783,7.7766131,7.8514005,1,1,1466.29196231,1
3558,0.60108846,0.58740085,0.60263771,0.59814988,0.57272562,7.70090378,7.71707149,1,1,100.3811285,1
3559,0.60410806,0.58750001,0.60663334,0.56791669,0.5515047,7.57381958,7.60919715,1,1,102.90166688,1
3560,0.60427015,0.56593463,0.5964652,0.58146382,0.55432305,7.55101447,7.56956558,1,1,1583.74380776,1
3561,0.60435941,0.56614142,0.59646485,0.54535475,0.57322912,7.70688211,7.73444836,1,1,101.80239431,1
3562,0.57384689,0.50873245,0.62653938,0.50894952,0.57925583,7.51854789,7.59011833,1,1,1582.89143432,1
3563,0.57132058,0.50552039,0.60864762,0.51201536,0.55873406,7.74221299,7.80249533,1,1,566.7628555,1
3564,0.56323249,0.52084112,0.60689377,0.51811415,0.57664471,7.73385612,7.79196606,1,1,1330.79130675,1
3565,0.56518779,0.50237076,0.61405389,0.4778678,0.56211086,7.76236956,7.76553646,1,1,108.56660127,1
3566,0.55097639,0.51422607,0.61318954,0.50322941,0.58086835,7.53872614,7.56805553,1,1,100.00004303,1
3567,0.53834686,0.53053459,0.59197952,0.5327005,0.59847744,7.66253675,7.73835639,1,1,1530.18021888,1
3568,0.54980268,0.5097679,0.58868268,0.57201767,0.61560599,7.62584713,7.68226451,1,1,100.72820776,1
3569,0.54973864,0.5094181,0.58867268,0.53210108,0.5934465,7.56325211,7.59261009,1,1,100.00227514,1
3570,0.55403355,0.47424196,0.59882611,0.5649249,0.57841105,7.72544089,7.74854938,1,1,100.00004027,1
3571,0.55184866,0.48629278,0.61008313,0.54533121,0.59411604,7.59176338,7.62650386,1,1,1584.89318477,1
3572,0.51391298,0.47636407,0.59305571,0.58432278,0.57259053,7.61750921,7.68873122,1,1,303.01012523,1
3573,0.52199945,0.49079372,0.60378986,0.57524018,0.5654193,7.69577698,7.72683355,1,1,1582.30476392,1
3574,0.50710346,0.48784678,0.59763259,0.6062745,0.58171031,7.53018074,7.58962927,1,1,828.99818661,1
3575,0.50713523,0.48782183,0.59760214,0.5891764,0.59213792,7.70516707,7.73906894,1,1,1584.85107896,1
3576,0.54144084,0.47624236,0.58139412,0.60181123,0.60959581,7.76138865,7.81509685,1,1,1580.44945062,1
3577,0.50734991,0.4764224,0.55481392,0.5995075,0.6156491,7.82654625,7.8870267,1,1,100.00702169,1
3578,0.50936519,0.47183905,0.5482985,0.5593283,0.62894948,7.66907494,7.70933095,1,1,926.35225735,1
3579,0.51150664,0.48885344,0.52115687,0.59300705,0.61577086,7.48737434,7.53952012,1,1,1137.11985814,1
3580,0.51142727,0.48940767,0.52115482,0.55114697,0.630983,7.61932749,7.69294163,1,1,1539.87475009,1
3581,0.52951602,0.46487882,0.52897693,0.51446758,0.61465934,7.77715188,7.78644114,1,1,100.21879006,1
3582,0.54658475,0.46723016,0.5185499,0.50197024,0.62872864,7.55893886,7.59222996,1,1,1578.39520099,1
3583,0.51645866,0.49442524,0.51828554,0.47320012,0.64598878,7.74949078,7.78921695,1,1,112.53834335,1
3584,0.50622017,0.49475124,0.51101784,0.43434759,0.63194487,7.76959233,7.78393918,1,1,410.37039034,1
3585,0.49602159,0.49836384,0.52066258,0.3988968,0.61045488,7.60900139,7.61048149,1,1,100.00001223,1
3586,0.49603934,0.49883222,0.52073658,0.41419274,0.60784406,7.66123052,7.72636074,1,1,136.85326564,1
3587,0.48506073,0.53349852,0.51923671,0.44189249,0.60754206,7.62283537,7.68530279,1,1,1352.47868977,1
3588,0.49372403,0.54508223,0.51348959,0.4110712,0.62524468,7.65937811,7.67247416,1,1,1499.23829952,1
3589,0.50197203,0.53310985,0.51994942,0.45270061,0.63411217,7.50246092,7.51273887,1,1,102.71793745,1
3590,0.50079132,0.51350517,0.51905533,0.41371075,0.62221749,7.59761109,7.66383014,1,1,100.00224214,1
3591,0.50110739,0.51336991,0.51900795,0.45129352,0.60082152,7.74554048,7.75117296,1,1,100.24591767,1
3592,0.5665454,0.54312202,0.52460041,0.48654623,0.58107493,7.62098599,7.65769853,1,1,1583.90779393,1
3593,0.55657996,0.53967048,0.5163131,0.44771352,0.59666266,7.58301115,7.62764414,1,1,1290.3818412,1
3594,0.54719121,0.55775932,0.51822514,0.43958096,0.58811173,7.45800013,7.48319392,1,1,537.17497774,1
3595,0.55964073,0.56271999,0.52757531,0.48066783,0.57063667,7.66025575,7.66306765,1,1,120.86562672,1
3596,0.5327362,0.56694239,0.52692092,0.4440274,0.58922108,7.80298254,7.80318593,1,1,100.00020169,1
3597,0.53265457,0.56760816,0.52692947,0.40544779,0.5726744,7.54057683,7.55638501,1,1,107.57775669,1
3598,0.50613071,0.52388971,0.54862284,0.36766745,0.55632563,7.68102584,7.74635831,1,1,194.06283679,1
3599,0.51419186,0.51844596,0.52582304,0.40994565,0.56252473,7.80014112,7.86165211,1,1,522.62131933,1
3600,0.4975318,0.51380411,0.52579073,0.44112048,0.58083121,7.92341199,7.93446684,1,1,100.83109335,1
3601,0.49709098,0.51395784,0.54099852,0.48086437,0.55923894,7.95911156,7.99336717,1,1,1032.42609926,1
3602,0.48341707,0.53873343,0.55069449,0.48101627,0.57797268,7.90980488,7.96674095,1,1,659.96948703,1
3603,0.48341193,0.53920773,0.55075781,0.50970058,0.59079069,7.56915762,7.57289661,1,1,1569.29464725,1
3604,0.46415386,0.59721614,0.57341199,0.48290572,0.60761763,7.4591772,7.50932902,1,1,1468.5239117,1
3605,0.47680976,0.60848181,0.55700505,0.52270746,0.6103959,7.67578184,7.73811862,1,1,1548.0060727,1
3606,0.49615441,0.58861066,0.56512809,0.48964737,0.62749788,7.73233454,7.80299172,1,1,100.18804169,1
3607,0.48728342,0.57821517,0.5472803,0.52522626,0.64492454,7.70774204,7.72004693,1,1,1581.984748,1
3608,0.48956406,0.56542077,0.53904251,0.48492598,0.6222876,7.41733054,7.42589911,1,1,1584.89140847,1
3609,0.48961239,0.56536873,0.53911895,0.44566283,0.60881783,7.63250361,7.68343728,1,1,1584.89319245,1
3610,0.46192584,0.60003603,0.53759978,0.48672331,0.62659407,7.80796969,7.85783211,1,1,142.46232096,1
3611,0.45796563,0.5688924,0.54035292,0.46189199,0.64205691,7.82863932,7.90448762,1,1,101.11976832,1
3612,0.47197413,0.58348806,0.55514988,0.4234529,0.61921764,7.65204106,7.69918664,1,1,1584.27497125,1
3613,0.49123779,0.56958045,0.56015538,0.38947399,0.63639367,7.85554959,7.86006132,1,1,1584.16618645,1
3614,0.47918531,0.54663186,0.53244011,0.41663763,0.61466092,7.54739061,7.5808559,1,1,105.26871001,1
3615,0.47902059,0.54703107,0.53236993,0.45695005,0.60761823,7.7781082,7.79576627,1,1,1456.15265256,1
3616,0.48291272,0.59613354,0.55727829,0.47726039,0.61970005,7.61742097,7.69085057,1,1,1582.34711696,1
3617,0.48416365,0.56740241,0.53684662,0.43781688,0.63625368,7.65667362,7.6686685,1,1,1548.08296374,1
3618,0.50044233,0.56598271,0.53671101,0.39907339,0.64969319,7.81202027,7.82366693,1,1,195.51236636,1
3619,0.49554737,0.55964868,0.53491112,0.44107702,0.66663156,7.83137044,7.83208685,1,1,668.39645892,1
3620,0.49978445,0.5605027,0.54298773,0.47691824,0.66573774,7.55388789,7.61076415,1,1,100.00549187,1
3621,0.49980953,0.56001543,0.54309718,0.48149931,0.64302294,7.55628232,7.60530448,1,1,1582.8365417,1
3622,0.48077729,0.58182158,0.55275184,0.44191577,0.64271927,7.57732686,7.59964891,1,1,100.00216346,1
3623,0.49158334,0.5763691,0.55465312,0.40311253,0.65945441,7.69087384,7.75297589,1,1,1581.97097795,1
3624,0.48744504,0.56292398,0.55131245,0.4196571,0.67624029,7.69091224,7.6938196,1,1,1584.89283892,1
3625,0.49454944,0.56126481,0.53926782,0.4333691,0.692523,7.62039663,7.67995007,1,1,123.94627216,1
3626,0.50788604,0.56352367,0.54599807,0.40671892,0.67344906,7.5560069,7.62803081,1,1,1557.99873654,1
3627,0.50764859,0.56386857,0.54605304,0.44705366,0.66777122,7.78073119,7.80034191,1,1,100.27796491,1
3628,0.49378288,0.58167225,0.56265339,0.42790464,0.6515792,7.61521233,7.66110841,1,1,1283.75698753,1
3629,0.48588749,0.56764324,0.56322199,0.46914011,0.66836156,7.91646949,7.96453922,1,1,100.00267325,1
3630,0.49526427,0.54512622,0.54449022,0.50975714,0.64687173,7.86409691,7.89516106,1,1,1567.1597901,1
3631,0.47957028,0.54394357,0.54925459,0.50981262,0.62435433,7.73448411,7.7833792,1,1,261.69739646,1
3632,0.4824372,0.53146846,0.56360995,0.47008825,0.63138947,7.63090393,7.63381895,1,1,100.00357476,1
3633,0.48250768,0.53184659,0.56357444,0.43202654,0.64839158,7.70522024,7.71640557,1,1,100.00000924,1
3634,0.45705106,0.57934315,0.57806883,0.40855366,0.62542802,7.69795375,7.71740226,1,1,100.39863369,1
3635,0.46044093,0.58358196,0.56658976,0.43430138,0.63167363,7.60886988,7.61110972,1,1,1571.72832397,1
3636,0.48311682,0.58459325,0.55944303,0.47489205,0.61183075,7.65612193,7.69470722,1,1,1462.35665885,1
3637,0.49503709,0.5524287,0.54820807,0.43878938,0.61228593,7.75155457,7.81821612,1,1,126.79654482,1
3638,0.51181307,0.54581698,0.5424261,0.40662089,0.62646099,7.35411768,7.35941701,1,1,100.00866293,1
3639,0.51183237,0.54568681,0.54248885,0.37698421,0.60519885,7.66432,7.72778733,1,1,100.37476,1
3640,0.47648993,0.52909572,0.54353803,0.41847962,0.60290639,7.68400874,7.73686654,1,1,101.14287872,1
3641,0.47231345,0.52845648,0.55676528,0.43079027,0.6164543,7.61802275,7.65704478,1,1,100.00000016,1
3642,0.49478624,0.51342637,0.54061417,0.4125767,0.59534778,7.72692714,7.75687936,1,1,1584.8727522,1
3643,0.47819281,0.50840099,0.54264795,0.37887548,0.61307101,7.59271915,7.65010648,1,1,1156.48925967,1
3644,0.47697686,0.53146359,0.54624195,0.34380743,0.62002891,7.72836704,7.73127388,1,1,101.33667936,1
3645,0.47688192,0.5313534,0.54606911,0.3848246,0.63630614,7.73721672,7.79069382,1,1,100.50294117,1
3646,0.47119324,0.58511156,0.54923246,0.42516163,0.62114161,7.67197751,7.71259093,1,1,722.01475859,1
3647,0.46478606,0.57310971,0.5436081,0.46511711,0.59998137,8.00112764,8.07539499,1,1,100.00535258,1
3648,0.49443567,0.57248071,0.55648983,0.50468098,0.609982,7.80903744,7.84850652,1,1,100.00766059,1
3649,0.50322597,0.55169246,0.54014588,0.54061942,0.62778179,7.37279944,7.41194974,1,1,1379.00402622,1
3650,0.50055988,0.55947135,0.55867337,0.50569803,0.63113009,7.66544914,7.67745131,1,1,104.72144299,1
3651,0.50057058,0.55966416,0.55853457,0.54306288,0.64076547,7.54438195,7.58689624,1,1,1571.74811859,1
3652,0.47973255,0.57141893,0.58580264,0.53398695,0.64853994,7.63960674,7.6712296,1,1,516.11430665,1
3653,0.49176212,0.55843441,0.56967402,0.56067639,0.62557624,7.59250199,7.64853099,1,1,1456.29360346,1
3654,0.49217673,0.56127366,0.57000732,0.59478036,0.63739191,7.69107147,7.75641784,1,1,582.03333611,1
3655,0.48178449,0.54072735,0.57291841,0.58242223,0.61750906,7.5541487,7.5769696,1,1,1584.89303912,1
3656,0.4963858,0.54115129,0.56548826,0.56915407,0.5966609,7.76749946,7.81210146,1,1,1218.01949305,1
3657,0.49617594,0.54149713,0.56549621,0.60579074,0.61427294,7.5831702,7.62680714,1,1,1039.99649513,1
3658,0.47559528,0.56582296,0.5795689,0.60161317,0.62181648,7.59386646,7.66627498,1,1,1364.15672337,1
3659,0.47899318,0.53703143,0.58406851,0.62527114,0.61054354,7.80810396,7.8660999,1,1,1513.60943821,1
3660,0.49349818,0.52998068,0.58290973,0.58847148,0.62831642,7.91492907,7.98840018,1,1,100.06024629,1
3661,0.47403033,0.53379068,0.58433505,0.60857773,0.62274882,7.67365016,7.72074953,1,1,100.06104308,1
3662,0.48980335,0.52011723,0.56922814,0.64100959,0.60777141,7.83224379,7.90529541,1,1,102.55030024,1
3663,0.48990397,0.52007767,0.56941959,0.67803036,0.61901063,7.70432722,7.74910401,1,1,1581.36331334,1
3664,0.50750031,0.58414846,0.56511173,0.64331963,0.63649771,7.68779584,7.69947619,1,1,1577.71656491,1
3665,0.4994374,0.56701045,0.54643743,0.67646505,0.65239086,7.66830538,7.7173972,1,1,1280.85166391,1
3666,0.51964572,0.56654289,0.5334943,0.63946049,0.66579776,7.68059302,7.6958824,1,1,104.82673099,1
3667,0.51750191,0.5764477,0.52652386,0.61788837,0.6454214,7.55923179,7.59214449,1,1,102.56186194,1
3668,0.51763942,0.5764296,0.52649099,0.65023942,0.66146555,7.65487721,7.71830755,1,1,1520.74176858,1
3669,0.48539939,0.55816186,0.54558439,0.68695155,0.66249683,7.54741092,7.56980537,1,1,462.91589643,1
3670,0.50596151,0.55338239,0.54222195,0.71600304,0.67289007,7.79802532,7.84588345,1,1,1017.06868951,1
3671,0.50957426,0.55738171,0.54085741,0.7013734,0.68376636,7.67978217,7.70125426,1,1,982.38380932,1
3672,0.49640803,0.54543342,0.52660812,0.67527034,0.70006067,7.80642174,7.84472847,1,1,807.24425269,1
3673,0.48592547,0.55433096,0.52969305,0.70879075,0.71429971,7.50396107,7.50588962,1,1,247.45296451,1
3674,0.48585831,0.55454958,0.52966068,0.73149306,0.72916096,7.56907527,7.6155383,1,1,100.00356955,1
3675,0.46385464,0.58663896,0.54706253,0.6872901,0.71417115,7.66336897,7.72825903,1,1,100.20727436,1
3676,0.47209167,0.55848447,0.54951901,0.70171816,0.69126896,7.88664907,7.88781411,1,1,172.87268668,1
3677,0.4664614,0.57836128,0.54544404,0.73730617,0.69889081,7.54280566,7.55267603,1,1,100.00061982,1
3678,0.4767988,0.56359753,0.5294339,0.77127844,0.67701401,7.71135201,7.73875856,1,1,372.05617968,1
3679,0.47293805,0.55827455,0.54203938,0.73106296,0.67304947,7.76886997,7.79256169,1,1,100.00000001,1
3680,0.49087695,0.53753123,0.53185733,0.72241699,0.65453672,7.84020112,7.87725144,1,1,100.00003649,1
3681,0.49080004,0.53753072,0.53181702,0.75487062,0.63356334,7.60729051,7.6555051,1,1,1551.20615631,1
3682,0.45675831,0.55800464,0.5330517,0.77910242,0.63309253,7.90828043,7.97146125,1,1,1482.96235275,1
3683,0.47924528,0.53930301,0.54589338,0.74899576,0.63289504,7.62164574,7.69759741,1,1,1584.79355628,1
3684,0.47999419,0.54919223,0.53686179,0.70409756,0.6178986,7.68271645,7.72756228,1,1,963.7684125,1
3685,0.49266693,0.54768298,0.53948949,0.72731451,0.5977909,7.58138418,7.63978521,1,1,1454.43615364,1
3686,0.49564239,0.52954874,0.5490793,0.72253243,0.57883418,7.52932761,7.58757711,1,1,539.08442497,1
3687,0.49563433,0.52944063,0.54904307,0.75774135,0.58457626,7.81763726,7.8931896,1,1,1553.012012,1
3688,0.47556926,0.58344238,0.54563252,0.71809681,0.58065666,7.83359111,7.83408465,1,1,115.03778434,1
3689,0.48408287,0.55185647,0.54922333,0.67374899,0.57674388,7.6787218,7.69601493,1,1,100.00002698,1
3690,0.49266175,0.54405032,0.53400971,0.70939237,0.55764102,7.6453133,7.6981011,1,1,1452.98059472,1
3691,0.51086308,0.53238158,0.51899107,0.66781648,0.53704431,7.79522002,7.79864549,1,1,100.00407916,1
3692,0.51071929,0.53243588,0.51876174,0.62569594,0.51781013,7.66300541,7.68447497,1,1,1584.89163015,1
3693,0.47619664,0.53218844,0.54745572,0.66010778,0.53214322,7.39368145,7.43310482,1,1,633.37194781,1
3694,0.48184388,0.51618599,0.51956122,0.69625035,0.54218009,7.57462394,7.59643515,1,1,106.80618378,1
3695,0.47031022,0.50467358,0.53051527,0.6526315,0.56126569,7.47466634,7.51451703,1,1,100.00726966,1
3696,0.48333811,0.51520679,0.52572785,0.68751502,0.56335153,7.45661264,7.49094623,1,1,232.50827074,1
3697,0.47578677,0.50867157,0.51641229,0.64857419,0.53743255,7.90241013,7.91992433,1,1,102.42438896,0
3698,0.47576634,0.50885086,0.5163369,0.55558826,0.56663219,7.60690516,7.64737907,1,1,1311.18853206,0
3699,0.52207732,0.53798005,0.51175559,0.51103124,0.51082404,7.61665397,7.672043,1,1,101.20660993,0
3700,0.59098065,0.46869966,0.46750104,0.60983471,0.45081511,7.55057789,7.60798477,1,1,224.04991295,0
3701,0.63569563,0.41153422,0.43323897,0.70062833,0.39024471,7.58989873,7.60177063,1,1,100.19752044,0
3702,0.7099891,0.38104946,0.4002425,0.69814369,0.44145015,7.91307337,7.94813451,1,1,1578.66636675,0
3703,0.71001197,0.38060342,0.40028774,0.5796727,0.37796554,7.49589309,7.51866169,1,1,213.36554255,0
3704,0.71023116,0.40528498,0.45063972,0.45817288,0.42394791,7.63595991,7.70356658,1,1,100.00849591,0
3705,0.63801145,0.46265008,0.48452004,0.42855635,0.36478533,7.69832325,7.7094897,1,1,1271.45003941,0
3706,0.56794567,0.54528613,0.50347409,0.51898831,0.40819212,7.62954402,7.63054664,1,1,100.03737952,0
3707,0.48646965,0.59852371,0.55142552,0.45667396,0.46717553,7.6363052,7.66337123,1,1,117.23948003,0
3708,0.42649269,0.64612737,0.59190326,0.5672402,0.42149589,7.62358931,7.62943987,1,1,1268.12412945,0
3709,0.36843745,0.69003595,0.6173159,0.45027157,0.42215115,7.5502613,7.58154567,1,1,1246.590078,0
3710,0.3684379,0.69000758,0.6173528,0.51845421,0.43117308,7.69494642,7.73696728,1,1,1429.38587415,0
3711,0.36976124,0.67796152,0.59341904,0.5766862,0.48156044,7.84186825,7.87835985,1,1,100.3275258,0
3712,0.42755572,0.61279886,0.5705658,0.45934718,0.42353389,7.60009021,7.66819914,1,1,100.13226657,0
3713,0.48050403,0.54861682,0.50016419,0.35016963,0.4670922,7.55815401,7.59979023,1,1,1584.61414055,0
3714,0.55776519,0.4782953,0.44674133,0.26911485,0.42479761,7.65766657,7.67554778,1,1,109.22093994,0
3715,0.59686645,0.41568775,0.41776847,0.2430146,0.48908325,7.59747832,7.65544998,1,1,101.96907696,0
3716,0.6459658,0.37293795,0.38775633,0.12818553,0.52186593,7.82469571,7.87715711,1,1,664.15613868,0
3717,0.64593159,0.37345174,0.38766121,0.01625449,0.57944742,7.35623773,7.39729049,1,1,100.04094878,0
3718,0.62678601,0.41154494,0.43915193,0.14370025,0.57093969,7.86348771,7.86924124,1,1,100.0745556,0
3719,0.5579691,0.45125316,0.47652414,0.03814361,0.63164035,7.54150259,7.59551873,1,1,1584.88812651,0
3720,0.47957017,0.53415926,0.5444699,0.15131023,0.69973577,7.57460824,7.58197206,1,1,1566.4425823,0
3721,0.40087799,0.60786876,0.57917612,0.04645531,0.66393721,7.94582477,7.97338899,1,1,100.05422975,0
3722,0.34016039,0.63145817,0.62547167,0.05978368,0.6253592,7.39815903,7.42989061,1,1,100.0016553,0
3723,0.30948699,0.68664181,0.67159793,0,0.69403286,7.80538631,7.83723645,1,1,100.11751657,0
3724,0.30949109,0.68701175,0.67154952,0.12232124,0.68563824,7.92515106,7.98929397,1,1,734.17775816,0
3725,0.33545744,0.71339094,0.63961953,0.0602058,0.63395807,7.75977748,7.79090587,1,1,100.10769705,0
3726,0.39225285,0.66475164,0.58402737,0,0.70265243,7.58112381,7.62545751,1,1,1287.13562791,0
3727,0.48229468,0.57781745,0.53121637,0,0.77028342,7.69886372,7.72556663,1,1,100.00000264,0
3728,0.54048833,0.50578694,0.47338984,0,0.8329169,8.01217919,8.08131924,1,1,1564.27090856,0
3729,0.6149556,0.45737942,0.41398183,0,0.84320428,7.58760692,7.64572431,1,1,1584.68100842,0
3730,0.66204097,0.41537499,0.38195024,0.02749706,0.89064573,7.4884356,7.5408617,1,1,100.00045166,0
3731,0.66190912,0.41533773,0.38186507,0,0.95999196,7.71438731,7.740908,1,1,1436.85653519,0
3732,0.59511145,0.38584177,0.44316678,0.02427908,1,7.58247305,7.62168671,1,1,1584.8730575,0
3733,0.51569496,0.40937407,0.51215857,0.0591378,0.99551157,7.54310892,7.54560847,1,1,1241.09406996,1
3734,0.39958871,0.42716703,0.5841846,0.05441907,0.96705331,7.74751487,7.75630025,1,1,144.11467752,1
3735,0.29998136,0.46788142,0.67347234,0.04840607,0.95059123,7.47409249,7.52259791,1,1,1583.08150477,1
3736,0.23117991,0.48040622,0.71428827,0.07547655,0.92221638,7.6342445,7.69873524,1,1,1563.53001622,1
3737,0.23105704,0.47975328,0.7143688,0.11204731,0.93162225,7.70198988,7.71169272,1,1,1583.3121093,1
3738,0.24715853,0.53996259,0.71618274,0.11762219,0.93915384,7.61313354,7.62175723,1,1,141.1729434,1
3739,0.25373684,0.55143777,0.74454738,0.0853763,0.9107007,7.94148345,7.97833634,1,1,114.18086178,1
3740,0.27297829,0.53646359,0.74655629,0.06187618,0.88443979,7.96593651,7.99622265,1,1,328.19412278,1
3741,0.2842374,0.55108219,0.73160507,0.03180179,0.89272416,7.43484977,7.47341923,1,1,145.45410688,1
3742,0.3024823,0.55499681,0.72418179,0.06782448,0.89581648,7.70504136,7.75961076,1,1,109.40074973,1
3743,0.32526043,0.5289696,0.73372735,0.10778278,0.86791258,7.73614392,7.76064659,1,1,1584.89251936,1
3744,0.34363558,0.5324246,0.72480763,0.15557105,0.87897096,7.73777373,7.81247944,1,1,1518.02484012,1
3745,0.34959464,0.53267908,0.72174297,0.1920153,0.86887148,7.64998025,7.67659176,1,1,100.05827225,1
3746,0.36905845,0.5376148,0.70556921,0.22172182,0.84984994,7.49382195,7.55241489,1,1,689.02890304,1
3747,0.38476933,0.52068676,0.70179879,0.11512089,0.91491296,7.71993878,7.76713628,1,1,1584.89300985,0
3748,0.38188106,0.52240665,0.72435777,0.13871921,0.981239,7.75406581,7.75431667,1,1,992.09115521,0
3749,0.38188021,0.5227064,0.72429675,0.21379734,1,7.86250416,7.92922012,1,1,100.00136967,0
3750,0.4770453,0.59695196,0.61153226,0.15053515,1,7.69718094,7.71978806,1,1,1584.78156422,0
3751,0.55493963,0.5802179,0.4516627,0.0378733,1,7.66186851,7.66988272,1,1,122.04575544,0
3752,0.68279469,0.54822227,0.25261843,0.07170416,0.979958,7.82832952,7.86754011,1,1,1583.71376051,0
3753,0.74588522,0.52063384,0.09792613,0,1,7.55785239,7.61680819,1,1,106.19303917,0
3754,0.82688976,0.49751751,0.99998263,0,1,7.72398247,7.74859956,1,1,1584.89153789,0
3755,0.82693061,0.49679064,6.316e-05,0,1,7.52855074,7.56337304,1,1,1584.63030878,0
3756,0.76643323,0.42278902,0.13452366,0,1,7.93241137,8.008838,1,1,106.69721677,0
3757,0.66805897,0.45032061,0.27288898,0.12225389,0.95074167,7.62671058,7.66306626,1,1,103.27833861,0
3758,0.54814488,0.45351593,0.45628099,0.02116813,0.93789943,7.77066379,7.84323321,1,1,1579.48595438,0
3759,0.42632669,0.46334174,0.63457392,0,1,7.54322218,7.584672,1,1,1584.80253314,0
3760,0.35128397,0.48957394,0.74224197,0.12888937,1,7.88441628,7.91786475,1,1,137.75071154,0
3761,0.28582679,0.4852009,0.82545962,0.0476679,1,7.69978691,7.76904422,1,1,1584.27632049,0
3762,0.28578324,0.48525212,0.82547246,0.1614255,0.98039556,7.7312306,7.78229031,1,1,1457.44964271,0
3763,0.38116787,0.56736466,0.7142717,0.11974022,0.92717699,7.58520077,7.62688762,1,1,1584.85150664,0
3764,0.47468222,0.58375573,0.55509773,0.10281594,0.87479775,7.74724266,7.80478262,1,1,809.51601825,0
3765,0.59065217,0.56754775,0.37959285,0.22181143,0.82536169,7.59773742,7.64768409,1,1,100.00144896,0
3766,0.71451487,0.55815629,0.23135175,0.11773071,0.84972686,7.58429365,7.61830149,1,1,100.00233314,0
3767,0.76820715,0.55833021,0.13035176,0.0127192,0.90530039,7.57527005,7.62461131,1,1,107.74755036,0
3768,0.76810614,0.55807141,0.13051885,0.09299235,0.92744272,7.65394195,7.69895461,1,1,1121.3967075,0
3769,0.71437046,0.48176872,0.27297656,0.12800989,0.93839189,7.45815488,7.52882346,1,1,110.25974591,0
3770,0.61697069,0.50472795,0.40026383,0.25497733,1,7.8327019,7.84091342,1,1,100.77674157,0
3771,0.47439545,0.49411762,0.59922809,0.22888893,1,7.67515031,7.67911794,1,1,106.5213498,0
3772,0.36287529,0.50512095,0.77584745,0.21731956,1,7.65689044,7.68378683,1,1,102.9995896,0
3773,0.25926494,0.49189375,0.91251376,0.10301407,1,7.77980656,7.82690919,1,1,100.00010556,0
3774,0.1995068,0.50232525,0.95990297,0.0059365,0.94799744,7.4216923,7.4494507,1,1,1584.87415752,0
3775,0.1996867,0.50234789,0.95983068,0.12837702,1,7.7956427,7.81201985,1,1,1578.54066618,0
3776,0.29839802,0.57484189,0.83786557,0.25403751,1,7.52035022,7.54301618,1,1,100.00000086,0
3777,0.37780209,0.55443893,0.69709183,0.37135448,0.96771408,7.69512566,7.76566707,1,1,379.08722939,0
3778,0.52183374,0.54277853,0.53426404,0.25522859,0.9118919,7.58669926,7.64848593,1,1,127.33657388,0
3779,0.62737525,0.52034842,0.34700385,0.14061459,0.86866793,7.70963402,7.7441794,1,1,102.39234591,0
3780,0.73061116,0.51643878,0.22313046,0.02783953,0.88691112,7.78347975,7.8549829,1,1,771.5484353,0
3781,0.79324187,0.50653618,0.12690124,0,0.9304156,7.77155346,7.77515085,1,1,100.79072947,0
3782,0.7933572,0.50640989,0.12693778,0.06878932,0.99788736,7.74311752,7.74986218,1,1,1565.5582583,0
3783,0.71727153,0.44889714,0.24570331,0,0.98801641,7.76663539,7.7708906,1,1,1584.42730834,0
3784,0.63403963,0.44673973,0.37447221,0.03309754,0.97703474,7.72018272,7.73031913,1,1,100.00046959,1
3785,0.49229897,0.43046378,0.5297308,0.08109299,0.98061194,7.6823999,7.68456809,1,1,100.00501351,1
3786,0.37830157,0.42080756,0.68081741,0.0993157,0.98753683,7.6950758,7.71384751,1,1,426.96695655,1
3787,0.29183005,0.41743002,0.79342284,0.06733156,0.99754783,7.64080274,7.64472309,1,1,100.00001452,1
3788,0.23358189,0.42843834,0.9105138,0.04248269,0.96787758,7.56992291,7.59295376,1,1,1582.15339739,1
3789,0.23379662,0.42831519,0.91044783,0.01333971,0.96436853,7.51174603,7.52407101,1,1,1465.91325857,1
3790,0.25093405,0.5048867,0.91717288,0,0.97454994,7.7393791,7.7773736,1,1,1569.82335453,1
3791,0.26548849,0.48490345,0.92809538,0.02814435,0.9850578,7.68924039,7.7515053,1,1,100.48518823,1
3792,0.26928777,0.49270662,0.92800878,0.02307507,0.99471193,7.72240174,7.72954267,1,1,329.40897601,1
3793,0.29922656,0.50247366,0.89448658,0.01269966,0.96585747,7.72414528,7.73123574,1,1,1567.78797264,1
3794,0.30783871,0.49676246,0.90106618,0,0.93656545,7.7036242,7.71058257,1,1,100.02756745,1
3795,0.32703889,0.4907448,0.89729651,0,0.94697619,7.75374924,7.7700101,1,1,100.00031306,1
3796,0.33816944,0.50209256,0.87414833,0.03821681,0.9488059,7.75589648,7.78728379,1,1,100.00653591,1
3797,0.3544359,0.48992326,0.87374999,0.01161005,0.91984029,7.83368632,7.890667,1,1,1584.89318802,1
3798,0.37927202,0.47583201,0.88198688,0,0.9102726,7.92013293,7.93396061,1,1,138.34103974,1
3799,0.38368502,0.4960805,0.88054626,0.04538139,0.92182611,7.66166424,7.72121726,1,1,1584.89251855,1
3800,0.37821218,0.497526,0.90243875,0.06823868,0.89517114,7.52553318,7.53814234,1,1,1583.77055854,1
3801,0.37814001,0.49768409,0.90244363,0.09869727,0.86744212,7.61787355,7.66572778,1,1,100.00093531,1
3802,0.39494213,0.58449958,0.93372321,0.07537086,0.84181217,7.44766715,7.5040504,1,1,1561.71406655,1
3803,0.38693369,0.56961348,0.92190068,0.12247134,0.8150174,7.84343441,7.88189735,1,1,1583.12491546,1
3804,0.41520308,0.57047972,0.91582419,0.09626657,0.82647029,7.52917782,7.54552928,1,1,106.36833199,1
3805,0.43413487,0.569031,0.9159219,0.14194917,0.83993498,7.77859242,7.78650421,1,1,1584.51874228,1
3806,0.44227942,0.56869469,0.85723549,0.10958897,0.84737954,7.63864578,7.65324248,1,1,100.0188974,1
3807,0.43991121,0.56011027,0.86329331,0.11531173,0.8519629,7.81857432,7.86823048,1,1,1584.83774987,1
3808,0.46139917,0.55988119,0.86516562,0.09812358,0.82578848,7.79646753,7.85273167,1,1,1554.14828721,1
3809,0.46142147,0.56019365,0.8651501,0.14367331,0.83915998,7.62393119,7.65188979,1,1,1299.81740076,1
3810,0.46207758,0.62222068,0.84870704,0.18911046,0.82381164,7.66686221,7.72199274,1,1,100.08891153,1
3811,0.47821622,0.61346915,0.86965665,0.15675427,0.83723873,7.5483698,7.60667535,1,1,103.03096133,1
3812,0.48176004,0.57961955,0.8540822,0.1794283,0.85036465,7.65325377,7.6571981,1,1,100.13376525,1
3813,0.47812296,0.5953329,0.83777151,0.20518726,0.84844595,7.78859439,7.83438426,1,1,100.00044557,1
3814,0.49273443,0.56740886,0.78939952,0.19060068,0.83523558,7.80785803,7.83578355,1,1,120.99280518,1
3815,0.49264639,0.56720733,0.78947957,0.1592286,0.82998979,7.64658933,7.70401895,1,1,598.80552319,1
3816,0.47707847,0.60115701,0.78404992,0.16328833,0.84295655,7.55768353,7.58363477,1,1,1418.53080473,1
3817,0.4857712,0.58595265,0.78036469,0.13088555,0.81728661,7.53823756,7.59229094,1,1,100.00759196,1
3818,0.49235652,0.57675655,0.76103229,0.09871099,0.82649263,7.63347313,7.63783718,1,1,127.16406844,1
3819,0.48945639,0.55859705,0.74185817,0.06778993,0.80178142,7.58880953,7.6076925,1,1,100.89461719,1
3820,0.49206633,0.55281727,0.75939881,0.04687387,0.78627381,7.86542054,7.87091783,1,1,100.00000008,1
3821,0.4921049,0.55259426,0.75932742,0.04355504,0.80048107,7.7976198,7.83106411,1,1,239.97062387,1
3822,0.4588716,0.57847116,0.78227327,0.06980914,0.78524251,7.71259194,7.77474058,1,1,100.04400641,1
3823,0.46621374,0.56555727,0.77837053,0.04735913,0.77520541,7.95941897,7.9611787,1,1,117.9112078,1
3824,0.47801227,0.54925822,0.7463457,0.02460739,0.75031611,7.66294988,7.71623602,1,1,1196.71818226,1
3825,0.47507183,0.54832367,0.72601717,0,0.72594637,7.47553404,7.48976638,1,1,110.69274382,1
3826,0.47578467,0.53481433,0.70655283,0,0.7407082,7.63107285,7.66582114,1,1,101.4137946,1
3827,0.48983863,0.54715271,0.70374324,0,0.75589283,7.9023552,7.97660329,1,1,1150.42352603,1
3828,0.48986208,0.54763278,0.703698,0,0.73080326,7.574658,7.61230377,1,1,1573.30709088,1
3829,0.45884586,0.6099211,0.6863487,0,0.74615899,7.92659714,7.92717771,1,1,103.18818984,1
3830,0.47477904,0.58220837,0.66517673,0.04096497,0.74344377,7.83427971,7.90276411,1,1,1582.7486938,1
3831,0.48791621,0.56404276,0.64922158,0.08979968,0.74374293,7.86157712,7.93785411,1,1,1518.8783421,1
3832,0.51154427,0.57097734,0.60680193,0.12622448,0.74736753,7.70259478,7.74042675,1,1,1584.86146458,1
3833,0.51744124,0.56042654,0.59193633,0.09818863,0.74398421,7.93504143,7.94237765,1,1,161.56606022,1
3834,0.51750662,0.56082686,0.59204532,0.13338074,0.72126334,7.73074775,7.76997708,1,1,1526.6349525,1
3835,0.48288067,0.56367115,0.60232653,0.11434637,0.71294793,7.78175927,7.8143995,1,1,100.0575331,1
3836,0.48431931,0.55770781,0.59877898,0.13864229,0.68924224,7.73053721,7.73534305,1,1,101.07590819,1
3837,0.48251661,0.53469503,0.59202198,0.18586415,0.68289571,7.57015741,7.60196168,1,1,193.2193046,1
3838,0.47663398,0.54359297,0.61009587,0.18656293,0.65956292,7.609542,7.64108037,1,1,1584.25161466,1
3839,0.47874895,0.53882185,0.60334151,0.15621334,0.676189,7.53137787,7.54442527,1,1,100.00061954,1
3840,0.49489565,0.51670378,0.58914683,0.13337446,0.65899725,7.61243764,7.65389411,1,1,1544.73625478,1
3841,0.49487692,0.51717109,0.58919372,0.15934881,0.6745959,7.83392024,7.89545944,1,1,1090.30295206,1
3842,0.46661373,0.54449461,0.59597118,0.13492451,0.69109454,7.59822731,7.65618301,1,1,1566.21333359,1
3843,0.48179342,0.52280743,0.58790685,0.10268489,0.69103726,7.56959113,7.60561369,1,1,1312.98634904,1
3844,0.48831462,0.52840736,0.58426417,0.12028052,0.70640864,7.62318154,7.67971084,1,1,1571.41498356,1
3845,0.48566437,0.51118279,0.58765359,0.08909189,0.68265846,7.80962949,7.83639557,1,1,1578.4538959,1
3846,0.50513698,0.49640438,0.58566208,0.13372872,0.68341901,7.68346172,7.71306234,1,1,750.27119097,1
3847,0.50527881,0.49596397,0.58578446,0.18009718,0.69974801,7.62779755,7.65486551,1,1,100.00277581,1
3848,0.48384963,0.45080105,0.59398963,0.18723464,0.67856532,7.7183176,7.76869266,1,1,1584.89307657,1
3849,0.47566846,0.46463983,0.54706746,0.23272699,0.69490322,7.85432306,7.92827717,1,1,130.99706144,1
3850,0.46581332,0.4510083,0.54672266,0.23061113,0.70578039,7.46820306,7.50206451,1,1,1584.89204431,1
3851,0.48728288,0.4621781,0.5288881,0.27597827,0.72166089,7.70491813,7.76985436,1,1,1501.47216431,1
3852,0.48723397,0.46201622,0.5289254,0.30638274,0.69723004,7.71590343,7.75785621,1,1,100.01309803,1
3853,0.5474006,0.49085447,0.54129457,0.27212935,0.69803223,7.67751501,7.74171571,1,1,859.36455088,1
3854,0.5334981,0.50241582,0.54763539,0.312971,0.68442067,7.47218483,7.48238107,1,1,593.89339385,1
3855,0.53592465,0.51032455,0.53419303,0.27676449,0.6900025,7.7473147,7.79062255,1,1,1572.0029627,1
3856,0.54587726,0.50792003,0.52710075,0.31442205,0.66708467,7.68619297,7.69024478,1,1,1584.18296198,1
3857,0.54313668,0.51232192,0.53806763,0.31050504,0.68053514,7.74134974,7.7516659,1,1,1174.09112123,1
3858,0.54327903,0.51262722,0.53802725,0.27497742,0.66244643,7.73407223,7.73915836,1,1,1131.70633871,1
3859,0.54054554,0.45870357,0.56091542,0.25124358,0.65174493,7.73397374,7.75922676,1,1,1579.02891802,1
3860,0.53326544,0.47533851,0.5517361,0.27954915,0.66870655,7.65803139,7.72794744,1,1,1570.38761904,1
3861,0.51029582,0.47837005,0.55180612,0.24498433,0.65196369,7.66608976,7.73748657,1,1,100.80067806,1
3862,0.50024338,0.47193998,0.53572935,0.21572348,0.64753063,7.61062765,7.63929821,1,1,100.07493317,1
3863,0.50542454,0.46690955,0.54591846,0.18141012,0.66081045,7.48801895,7.53677476,1,1,565.09285389,1
3864,0.50537331,0.46658283,0.54595876,0.21991468,0.67722234,7.73297133,7.80091118,1,1,100.0037403,1
3865,0.54632461,0.46631729,0.54079516,0.26478942,0.69367343,7.49643411,7.55234129,1,1,142.64786936,1
3866,0.54113718,0.47141296,0.53518311,0.30194286,0.70937258,7.80265395,7.85067979,1,1,1582.30967986,1
3867,0.5359289,0.48921832,0.53385055,0.3391253,0.68570386,7.75764324,7.76144871,1,1,100.06848432,1
3868,0.51704476,0.48458675,0.51114184,0.38152787,0.66279952,7.69110733,7.73871715,1,1,1545.09905673,1
3869,0.50330884,0.49513461,0.51373092,0.34418249,0.64839315,7.67827786,7.69784229,1,1,101.76325857,1
3870,0.50315302,0.49504646,0.51358339,0.30734558,0.62596318,7.57906055,7.6187333,1,1,100.7571295,1
3871,0.49852444,0.47101272,0.52364182,0.29491231,0.60346248,7.4537108,7.52096377,1,1,103.82562297,1
3872,0.48969082,0.45787241,0.50765868,0.32359489,0.58526389,7.60093085,7.64730729,1,1,1584.61182326,1
3873,0.47826636,0.4809759,0.51417208,0.29117714,0.60355607,7.65812447,7.68797089,1,1,1584.89319103,1
3874,0.49151956,0.48423591,0.52515386,0.3353517,0.62148373,7.8533037,7.85693137,1,1,101.20960972,1
3875,0.49157643,0.4845902,0.52516228,0.30345832,0.60026311,7.79145028,7.79401692,1,1,429.59647945,1
3876,0.46789634,0.54200172,0.51980373,0.3337469,0.61702359,7.69384767,7.72712382,1,1,1584.89318267,1
3877,0.470416,0.52837312,0.52046669,0.2990845,0.60698807,7.73734131,7.76086492,1,1,228.93616415,1
3878,0.47394959,0.52105585,0.52140299,0.2807517,0.59492355,7.74535692,7.82266739,1,1,101.56425407,1
3879,0.50061799,0.5029688,0.52020921,0.24525831,0.61291358,7.968726,8.01121891,1,1,100.01136638,1
3880,0.49337582,0.49032541,0.51080064,0.21570473,0.59129964,7.62891689,7.68027416,1,1,535.87239951,1
3881,0.49322036,0.4903068,0.51093223,0.25666168,0.58718627,7.42901278,7.48049728,1,1,1564.20575604,1
3882,0.52756957,0.57574274,0.52400568,0.27791488,0.59727035,7.83384356,7.8913952,1,1,1508.19812014,1
3883,0.52478006,0.58047535,0.53003168,0.265805,0.61474167,7.8219317,7.82596095,1,1,100.0008038,1
3884,0.53829473,0.57870151,0.50595858,0.23286857,0.61029115,7.43578878,7.47434791,1,1,1577.13619007,1
3885,0.54061048,0.56271652,0.50729676,0.22842581,0.6083787,7.65100599,7.68543912,1,1,1584.75168844,1
3886,0.54069919,0.5623527,0.50742446,0.19613673,0.60634449,7.58786879,7.63443222,1,1,221.21931476,1
3887,0.50917032,0.54283062,0.5267243,0.16941566,0.61014709,7.74230367,7.74997756,1,1,1583.00026823,1
3888,0.50943733,0.51613246,0.51057701,0.21143448,0.62519408,7.76106927,7.82283171,1,1,1584.78469062,1
3889,0.51530044,0.53501151,0.52974129,0.23480386,0.60826988,7.59473823,7.59897902,1,1,139.21494627,1
3890,0.49391082,0.51330432,0.51170503,0.20014364,0.62594478,7.40398865,7.45366619,1,1,1584.35102501,1
3891,0.51367104,0.52510863,0.52908506,0.20245774,0.6045533,8.00868448,8.07601142,1,1,1447.81420765,1
3892,0.49698886,0.53951159,0.51753416,0.24820772,0.58247606,7.80692783,7.85634951,1,1,275.52084651,1
3893,0.49692634,0.5397858,0.51754834,0.2899491,0.58572451,7.66542522,7.70195509,1,1,1507.62461359,1
3894,0.447044,0.57313519,0.52026717,0.25477414,0.56414393,7.72698565,7.77778829,1,1,1325.72006842,1
3895,0.45850993,0.54438613,0.52495391,0.22056551,0.54765912,7.53404312,7.55257006,1,1,1572.63220382,1
3896,0.4756974,0.54301534,0.52412323,0.21736682,0.56670428,7.78547144,7.83694779,1,1,100.00000995,1
3897,0.49179045,0.53328277,0.52030505,0.18319349,0.54537124,7.65620242,7.66008171,1,1,950.66719082,1
3898,0.49605864,0.53436128,0.52429107,0.15000513,0.52524739,7.6163727,7.63030247,1,1,103.07937505,1
3899,0.49610004,0.53374642,0.52421263,0.16927207,0.53297734,7.69445862,7.70042159,1,1,100.00076384,1
3900,0.47466947,0.55379973,0.53846604,0.13617706,0.51844301,7.5007285,7.5349776,1,1,100.00206085,1
3901,0.47984608,0.54385463,0.54066116,0.13239473,0.51434062,7.42600777,7.4663415,1,1,100.19947507,1
3902,0.49355612,0.53632028,0.51517993,0.1702665,0.51802352,7.91374913,7.95403134,1,1,393.18804996,1
3903,0.50420992,0.54889421,0.51240911,0.21675087,0.49766368,7.71344455,7.72635869,1,1,1386.76559681,1
3904,0.50427446,0.54860302,0.51230723,0.25279647,0.4787478,7.66287195,7.73810851,1,1,221.13420133,1
3905,0.48142378,0.54942994,0.53353437,0.29761925,0.49736175,7.80352721,7.81018428,1,1,108.29953296,1
3906,0.47349205,0.52000862,0.51322171,0.33407101,0.47866577,7.64483618,7.68527615,1,1,1124.51706207,1
3907,0.46730587,0.52801651,0.52961808,0.30019932,0.49755048,7.50956136,7.5199072,1,1,102.5265136,1
3908,0.48085647,0.53473305,0.53344244,0.33127853,0.47961028,7.6192186,7.62820075,1,1,583.7207444,1
3909,0.46528381,0.51187362,0.51979999,0.37393933,0.46002865,7.59892562,7.65047433,1,1,1584.79506021,1
3910,0.46513189,0.51136669,0.51979649,0.3894407,0.44084688,7.67834296,7.71256066,1,1,101.16318462,1
3911,0.48566379,0.56667302,0.52665332,0.43164295,0.45438394,7.54131218,7.56199428,1,1,106.2721113,1
3912,0.4921754,0.57223062,0.54277583,0.45047156,0.47469803,7.67866372,7.73257339,1,1,1566.9001927,1
3913,0.50389466,0.54970919,0.52718347,0.47983061,0.45712539,7.71031223,7.77855975,1,1,101.54171541,1
3914,0.51304184,0.54191836,0.51967691,0.44881506,0.44163528,7.80653296,7.87743144,1,1,100.19576157,1
3915,0.50247331,0.55267879,0.54370315,0.40987658,0.46164838,7.44699455,7.48378837,1,1,1535.62010667,1
3916,0.50229054,0.55262813,0.54372039,0.42707311,0.48240016,7.72964999,7.77252135,1,1,102.68458421,1
3917,0.46631551,0.56782355,0.56659509,0.4620374,0.49648379,7.77280799,7.83199173,1,1,1584.8931255,1
3918,0.4570316,0.55588155,0.56278643,0.43229106,0.51648942,7.88717264,7.93312201,1,1,100.00211388,1
3919,0.47646488,0.52966673,0.55026004,0.46379103,0.50291679,7.56166044,7.562374,1,1,100.00498292,1
3920,0.4882166,0.54721092,0.54094845,0.50439489,0.50277044,7.73697103,7.75730544,1,1,1584.89317574,1
3921,0.46861942,0.53354827,0.54338554,0.46700493,0.50713047,7.74897046,7.81804811,1,1,1387.71259483,1
3922,0.46874723,0.53373674,0.54340798,0.43229924,0.50750351,7.9388054,7.96518504,1,1,100.00000017,1
3923,0.45734637,0.574583,0.54474811,0.3949772,0.4951344,7.80293031,7.80569766,1,1,1581.71906813,1
3924,0.44656173,0.58261798,0.554625,0.35805008,0.47530879,7.76313807,7.82074635,1,1,1269.3223685,1
3925,0.46996405,0.56040043,0.55379745,0.39276366,0.49506769,7.72110623,7.79436674,1,1,1560.59251498,1
3926,0.48179063,0.55170128,0.56545964,0.37479465,0.5126858,8.00741063,8.04065696,1,1,107.81011466,1
3927,0.48368811,0.53755455,0.54412024,0.36961754,0.50235729,7.53536608,7.58465863,1,1,100.16357396,1
3928,0.48367941,0.53791575,0.54421006,0.40893979,0.48275283,7.6111294,7.64935858,1,1,1506.31298142,1
3929,0.47948992,0.57189157,0.54931396,0.39874073,0.48135454,7.7069309,7.72611605,1,1,100.00007141,1
3930,0.48096253,0.54240387,0.54588218,0.43880615,0.49944082,7.61139399,7.65407126,1,1,1584.89021156,1
3931,0.48879185,0.54381431,0.55026947,0.40020355,0.47954492,7.74900733,7.77996565,1,1,100.00000032,1
3932,0.50518321,0.55107932,0.56640386,0.36241071,0.46003819,7.55080397,7.58166259,1,1,1569.89542657,1
3933,0.51293953,0.53349477,0.55762701,0.37859527,0.44093702,7.6719834,7.71910353,1,1,1583.02669394,1
3934,0.51283665,0.53366384,0.55742679,0.35095115,0.46211649,7.73062156,7.73588837,1,1,100.00024298,1
3935,0.46997361,0.52225366,0.58190384,0.39296159,0.44434184,7.76340543,7.83928766,1,1,101.74732958,1
3936,0.47466755,0.52419744,0.56811405,0.36942265,0.46136269,7.80952648,7.88460364,1,1,1120.70146085,1
3937,0.48756991,0.51506775,0.57669781,0.33433645,0.4421826,7.97337346,8.02754827,1,1,100.01423118,1
3938,0.47731809,0.50032252,0.55709621,0.32079549,0.45662988,7.79279942,7.85660979,1,1,118.9403771,1
3939,0.47986685,0.49819854,0.55597284,0.30980068,0.45943426,7.59820441,7.64004458,1,1,264.57184268,1
3940,0.47982022,0.49838449,0.55622455,0.3071616,0.47751642,7.87974482,7.93648083,1,1,1364.0500326,1
3941,0.53032756,0.57466017,0.55353237,0.35095265,0.49636934,7.56423099,7.57264282,1,1,572.30993291,1
3942,0.51100893,0.57689931,0.55422519,0.31393577,0.49756572,7.72744991,7.72771249,1,1,141.90392659,1
3943,0.53979599,0.57150288,0.56937428,0.28363812,0.493825,7.8345013,7.83869637,1,1,1523.43099348,1
3944,0.52801059,0.54941221,0.55918977,0.32708816,0.48110027,7.85970946,7.89133893,1,1,100.00269657,1
3945,0.53974047,0.56048185,0.54485062,0.29863487,0.48092788,7.65156528,7.67298666,1,1,1522.42056006,1
3946,0.53969812,0.56001003,0.54487716,0.27640072,0.46568033,7.65390879,7.67245488,1,1,1490.03367395,1
3947,0.51640373,0.49757269,0.56700058,0.3185392,0.4464484,7.60923321,7.68293593,1,1,145.03214173,1
3948,0.50176276,0.5126412,0.54637222,0.36198703,0.46502585,7.37970549,7.40120972,1,1,192.93961929,1
3949,0.49701086,0.51348055,0.55232346,0.324892,0.4659805,7.66620854,7.66918438,1,1,100.02176363,1
3950,0.50612346,0.52084611,0.56583115,0.31554495,0.44666309,7.54570281,7.611585,1,1,337.63124425,1
3951,0.49974253,0.5013998,0.54064574,0.33765407,0.46396975,7.75682166,7.81790404,1,1,141.47451013,1
3952,0.49974755,0.50202528,0.54065057,0.34210471,0.48424359,7.65582825,7.70515436,1,1,211.57164989,1
3953,0.46745858,0.49638597,0.55194088,0.3088877,0.4790123,7.81967987,7.88957382,1,1,108.71477132,1
3954,0.46613242,0.49705201,0.5316522,0.27876913,0.47379644,7.72892846,7.74226274,1,1,100.00834064,1
3955,0.46761554,0.49599992,0.5411861,0.24457228,0.45449055,7.70459437,7.73865008,1,1,100.04512356,1
3956,0.49409824,0.50322084,0.52502655,0.28773528,0.47535721,7.88033805,7.8842938,1,1,1562.30457644,1
3957,0.49274584,0.49724526,0.53624565,0.28383731,0.49338833,7.71927619,7.7306275,1,1,385.78383775,1
3958,0.49288865,0.49719416,0.53615644,0.31666178,0.51344653,7.49492948,7.52508359,1,1,100.00000191,1
3959,0.47002187,0.55211978,0.55520014,0.35783442,0.51446431,7.7049377,7.71906384,1,1,922.39593626,1
3960,0.50027435,0.53875988,0.52926879,0.35878584,0.49644271,7.71444649,7.74915437,1,1,110.70327181,1
3961,0.48403126,0.52660244,0.53504349,0.3328699,0.51651204,7.64267815,7.70566641,1,1,1423.61007272,1
3962,0.50469192,0.50128513,0.50702805,0.37535905,0.52824064,7.62034262,7.66220815,1,1,304.66974279,1
3963,0.5050444,0.50040926,0.50708977,0.39043632,0.54543269,7.65527059,7.67805705,1,1,554.77221841,1
3964,0.51096728,0.42904822,0.5122371,0.4192499,0.55002148,7.78698725,7.82890946,1,1,118.20233207,1
3965,0.50824555,0.43090868,0.50546278,0.38826034,0.54118988,7.86865465,7.92616297,1,1,1584.89233796,1
3966,0.47269827,0.45021995,0.5016672,0.42289205,0.55523152,7.61100907,7.62372593,1,1,1584.85529319,1
3967,0.47241967,0.45263761,0.48760945,0.45317405,0.5621868,7.64620673,7.66129788,1,1,117.38625403,1
3968,0.47236462,0.45229872,0.48752609,0.41411058,0.58092783,7.62770132,7.67514112,1,1,1249.31679171,1
3969,0.51042102,0.49962875,0.51444002,0.37713285,0.57211659,7.85856758,7.92100677,1,1,118.62459901,1
3970,0.51053173,0.50193304,0.49013733,0.34511347,0.57200076,7.81362553,7.84018276,1,1,100.00065862,1
3971,0.52965093,0.50810542,0.49618174,0.31945206,0.55145809,7.76527524,7.79699159,1,1,1512.80087375,1
3972,0.53645142,0.52273865,0.51855129,0.35660396,0.53043182,7.85037977,7.87987015,1,1,282.46529996,1
3973,0.54892932,0.52216596,0.50388083,0.31947537,0.52783205,7.83061649,7.8354997,1,1,100.05129569,1
3974,0.54892387,0.52125225,0.50393336,0.28313027,0.54727101,7.57228887,7.63327856,1,1,157.37098657,1
3975,0.53707007,0.47951562,0.53108139,0.32605218,0.56537404,7.65732803,7.72959268,1,1,1534.22936908,1
3976,0.54664253,0.49271643,0.532761,0.29607252,0.56448123,7.64461627,7.70667344,1,1,405.02664103,1
3977,0.5267385,0.49586877,0.51935523,0.28886488,0.57807944,7.64347886,7.68328876,1,1,1055.33099765,1
3978,0.51394998,0.50032965,0.52992978,0.26963285,0.59644364,7.66769314,7.72656177,1,1,160.5397758,1
3979,0.51183682,0.47792347,0.51479421,0.31422068,0.61273009,7.56110475,7.63204228,1,1,100.00303536,1
3980,0.51415976,0.49271035,0.52941554,0.27795745,0.62996733,7.91504752,7.99074234,1,1,137.07357715,1
3981,0.51410403,0.49317453,0.52949435,0.24404569,0.64620219,7.58964957,7.61128047,1,1,1584.33890169,1
3982,0.52637406,0.45326857,0.54918747,0.28869007,0.62340902,7.64243123,7.68886837,1,1,1584.43222055,1
3983,0.51799765,0.46625002,0.54640398,0.31815353,0.6029086,7.75024444,7.80359137,1,1,1002.16867667,1
3984,0.49686601,0.44963131,0.5159702,0.29280116,0.61743595,7.57788164,7.65264819,1,1,963.91540462,1
3985,0.47721542,0.46851983,0.51796344,0.2864413,0.59564419,7.85464052,7.91340907,1,1,100.34429675,1
3986,0.48930499,0.4589431,0.52090631,0.25239856,0.61348949,7.68696135,7.74869403,1,1,539.02798024,1
3987,0.48937501,0.45875729,0.52096789,0.29699826,0.62702682,7.34284555,7.34847755,1,1,100.11592452,1
3988,0.55085254,0.4891756,0.54408112,0.26113279,0.61834975,7.51373537,7.5361625,1,1,148.61417844,1
3989,0.54898832,0.49224201,0.54220982,0.29671889,0.63062983,7.88632207,7.9263235,1,1,156.21038125,1
3990,0.54102709,0.4918514,0.53956184,0.32848179,0.64665133,7.57130235,7.61383125,1,1,1584.89267211,1
3991,0.52460583,0.4973467,0.51487116,0.3212401,0.63044157,7.42216577,7.42473,1,1,259.36602148,1
3992,0.53594423,0.5069424,0.53204363,0.32692729,0.61052408,7.8900803,7.92555232,1,1,108.46840501,1
3993,0.53606152,0.50691484,0.5319594,0.36269187,0.58854429,7.67006123,7.73695919,1,1,155.62812147,1
3994,0.55296739,0.45459589,0.54629567,0.40530169,0.56988026,7.63498599,7.70710908,1,1,100.00000017,1
3995,0.53755708,0.47771303,0.53156155,0.36735293,0.58840637,7.58351621,7.59625642,1,1,100.0000116,1
3996,0.52671589,0.46701276,0.55495958,0.35462719,0.56665592,7.60140709,7.67259291,1,1,1584.20570093,1
3997,0.50596406,0.48581326,0.53107943,0.39402943,0.57627836,7.59695164,7.60644261,1,1,102.25997973,1
3998,0.52399093,0.49061877,0.5351658,0.37384384,0.58410047,7.54119827,7.55444407,1,1,371.86448876,1
3999,0.52394175,0.49162918,0.53525291,0.33948528,0.59697213,7.6699606,7.67432715,1,1,1434.31410793,1
4000,0.51950525,0.43695412,0.54041379,0.34282775,0.58115573,7.48109684,7.52790417,1,1,100.00334771,1
4001,0.51535059,0.440526,0.53722608,0.30620038,0.59916189,7.53868046,7.56797056,1,1,1577.35041834,1
4002,0.49997441,0.44322497,0.54903204,0.28075581,0.57723542,7.70522174,7.74521147,1,1,1584.81381647,1
4003,0.4913322,0.4397672,0.55056572,0.28135129,0.56918061,7.73093577,7.75384412,1,1,998.66548989,1
4004,0.47299135,0.4560078,0.52900308,0.25801896,0.5877311,7.44081417,7.46318497,1,1,100.35321254,1
4005,0.47296746,0.45522405,0.52907991,0.22342733,0.59360279,7.61676403,7.68425209,1,1,107.18002488,1
4006,0.50427981,0.51614012,0.53974731,0.19352346,0.59368648,7.57564352,7.64212187,1,1,1579.33970512,1
4007,0.53732617,0.51366053,0.53210006,0.19526719,0.57303897,7.98086324,8.04288916,1,1,1357.95589748,1
4008,0.54249692,0.52741393,0.52623906,0.16206657,0.58545163,7.88833546,7.90326454,1,1,1048.11283952,1
4009,0.52300333,0.52661992,0.53858624,0.13900596,0.60285355,7.56164778,7.63592667,1,1,100.1165024,1
4010,0.54441472,0.52089393,0.54004375,0.10653589,0.58094533,7.63692872,7.69834529,1,1,1584.89272956,1
4011,0.54442831,0.5209414,0.53999921,0.14794161,0.56740001,7.77217807,7.78890521,1,1,1579.29871828,1
4012,0.50003342,0.47872709,0.55796907,0.17336146,0.51483993,7.74105657,7.74482089,1,1,1222.8231168,0
4013,0.51586828,0.48056073,0.54111295,0.1874534,0.461742,7.82974699,7.83266469,1,1,526.68029788,0
4014,0.49159735,0.45823342,0.54971989,0.31179293,0.4132298,7.61705429,7.64422772,1,1,106.88281017,0
4015,0.5030049,0.47867536,0.561527,0.21206806,0.35709305,7.68943326,7.7403092,1,1,117.88720946,0
4016,0.50836759,0.48051093,0.53557379,0.11614704,0.30295546,7.74934792,7.78728654,1,1,100.21731688,0
4017,0.50027893,0.46121485,0.54290616,0.18691023,0.25068863,7.42981425,7.48066094,1,1,100.1809936,0
4018,0.50035049,0.4608854,0.54301178,0.31237619,0.30892872,7.47558713,7.47660933,1,1,132.20995628,0
4019,0.54696034,0.54303712,0.46640944,0.43598053,0.25905112,7.84907834,7.90413627,1,1,1584.8931327,0
4020,0.55198875,0.59153539,0.40379184,0.31742714,0.25740288,7.50069206,7.53264233,1,1,114.42404325,0
4021,0.54417208,0.6798562,0.31238839,0.32193321,0.20105799,7.76963362,7.7842747,1,1,100.05863683,0
4022,0.52946924,0.73020804,0.27018041,0.4404319,0.15552809,7.63825092,7.66056106,1,1,106.83747228,0
4023,0.52941228,0.73043965,0.27020854,0.33767099,0.20599428,7.50990245,7.58398978,1,1,1571.65885218,0
4024,0.49317363,0.67384137,0.35011511,0.25644519,0.2692401,7.55598288,7.62028145,1,1,102.69758322,0
4025,0.46896261,0.6058105,0.42210573,0.3685341,0.30806387,7.89455951,7.96133445,1,1,322.43122901,0
4026,0.46149985,0.54078502,0.52142681,0.41744154,0.37057271,7.74344851,7.80509825,1,1,100.00006057,0
4027,0.4506683,0.44982316,0.61143184,0.53473715,0.38566263,7.4057858,7.47467732,1,1,100.00008437,0
4028,0.46088871,0.37100422,0.68108412,0.52049438,0.32516817,7.61978473,7.64866465,1,1,1495.14747799,0
4029,0.45148966,0.34479344,0.74920538,0.63554954,0.26511827,7.68368244,7.7445375,1,1,100.1819345,0
4030,0.4516564,0.34467901,0.74911164,0.51612868,0.32014936,7.62850497,7.63001504,1,1,1562.56775586,0
4031,0.52775957,0.44634021,0.65612594,0.60048584,0.27152244,7.6388869,7.6954553,1,1,1584.78476343,0
4032,0.56479244,0.49563351,0.52961122,0.50682511,0.24276859,7.58351538,7.60454191,1,1,1582.58638146,0
4033,0.60948259,0.56727871,0.37093268,0.38674545,0.24278176,7.69930624,7.71157479,1,1,1584.89317286,0
4034,0.62047266,0.63627355,0.24922697,0.50028164,0.20813724,7.72151212,7.73925963,1,1,495.44760582,0
4035,0.63429854,0.69248238,0.1719127,0.60794827,0.2679643,7.49760805,7.56336096,1,1,100.0001484,0
4036,0.63427245,0.69252736,0.17190701,0.48681595,0.32469104,7.78200086,7.85310112,1,1,1565.16642075,0
4037,0.58355549,0.61426305,0.28322084,0.60625908,0.33113132,7.57219336,7.61469991,1,1,100.00023698,0
4038,0.54472497,0.5819996,0.37201587,0.52587125,0.35217083,7.67776501,7.68234675,1,1,1071.5023128,0
4039,0.48698097,0.49882979,0.50430253,0.43813329,0.41090011,7.65199041,7.69089149,1,1,1329.35530169,0
4040,0.43037732,0.41695074,0.64185433,0.32000872,0.39251909,7.89511654,7.93232286,1,1,100.00145445,0
4041,0.38563912,0.34632656,0.74782395,0.29058082,0.43687965,7.80856008,7.81215056,1,1,100.05251006,0
4042,0.38354061,0.319706,0.81180757,0.18525197,0.45424335,7.6063805,7.66625623,1,1,100.47123928,0
4043,0.38358661,0.31896572,0.81171556,0.11452624,0.41792345,7.66135688,7.73752939,1,1,1579.94109446,0
4044,0.4937109,0.42444994,0.7658791,0.07909617,0.36736876,7.90655389,7.9287597,1,1,100.21831461,0
4045,0.51183781,0.47936669,0.66710546,0,0.43578094,7.55411564,7.56723964,1,1,724.78724415,0
4046,0.58416678,0.55557196,0.53863072,0.12788251,0.39173904,7.87252984,7.89797972,1,1,100.0098564,0
4047,0.609247,0.62463083,0.41772561,0.139717,0.35762741,7.65422912,7.67503371,1,1,109.59081478,0
4048,0.66204457,0.6835652,0.32037602,0.05275757,0.31140664,7.65797522,7.69886444,1,1,274.48226025,0
4049,0.65003856,0.74707128,0.25346398,0.17941668,0.38019391,7.63004832,7.69629231,1,1,1584.88752338,0
4050,0.65022752,0.74728495,0.25348453,0.06597425,0.36475757,7.73890515,7.77890857,1,1,100.00000115,0
4051,0.59261315,0.68419534,0.31040096,0.11155015,0.38726229,7.64584779,7.66868432,1,1,103.00747123,1
4052,0.56989923,0.62205307,0.3750605,0.07994782,0.36959351,7.66423893,7.73817394,1,1,103.31887961,1
4053,0.50662438,0.53933879,0.45914299,0.06323251,0.39216307,7.80551926,7.83635701,1,1,100.5266464,1
4054,0.46576422,0.45658331,0.53356958,0.08106299,0.39045204,7.66937696,7.71721362,1,1,122.18996264,1
4055,0.41776884,0.36012888,0.63119885,0.07237419,0.41261815,7.51996661,7.54099155,1,1,1574.04045259,1
4056,0.38262625,0.30533718,0.68384028,0.0415212,0.39706268,7.49622854,7.51550978,1,1,181.79534002,1
4057,0.36817569,0.2720078,0.71668722,0.03506039,0.41016499,7.80097648,7.80401191,1,1,1569.74400123,1
4058,0.36812938,0.27233951,0.71670298,0.00489168,0.39347783,7.62419549,7.68242307,1,1,100.94428993,1
4059,0.4240042,0.33978103,0.74710158,0.05024629,0.41229649,7.83339295,7.86073457,1,1,100.20977813,1
4060,0.44328159,0.32610415,0.75328279,0.04580896,0.39446734,7.66933505,7.72446237,1,1,1584.75862552,1
4061,0.44937611,0.33417941,0.73869653,0.02415199,0.3771384,7.69411528,7.76176471,1,1,1514.74029231,1
4062,0.44786975,0.34637312,0.72450693,0,0.36008849,7.71724448,7.78766393,1,1,1584.72564649,1
4063,0.46269905,0.35474563,0.72172592,0.04629213,0.36092079,7.61481335,7.68355072,1,1,106.51927731,1
4064,0.4678806,0.36552377,0.70828625,0.02625259,0.36482136,7.556666,7.57157362,1,1,1566.25460699,1
4065,0.46666402,0.35578969,0.69355802,0,0.38749616,7.48735294,7.55643416,1,1,192.0409791,1
4066,0.46865916,0.35599713,0.70332669,0,0.39215169,7.77531824,7.83633394,1,1,1584.89259043,1
4067,0.48312669,0.36084345,0.69266413,0.04178126,0.39343047,7.72772746,7.74914556,1,1,244.0661777,1
4068,0.48303994,0.36036748,0.69262894,0.08325085,0.40774325,7.66529503,7.68709753,1,1,1560.63959289,1
4069,0.52815401,0.37986522,0.71856357,0.13158114,0.42061476,7.8716517,7.92767783,1,1,583.64787975,1
4070,0.53528287,0.39783547,0.68916908,0.16074647,0.4052128,7.75459711,7.76102954,1,1,1517.39242724,1
4071,0.54851451,0.41292458,0.70770488,0.20339932,0.41857556,7.74738535,7.79010063,1,1,111.16510408,1
4072,0.51961824,0.40711195,0.69233162,0.23433526,0.4138273,7.75107815,7.77227926,1,1,1396.56373003,1
4073,0.517785,0.41917337,0.6656368,0.22845144,0.42953441,7.51724003,7.53309576,1,1,209.02132947,1
4074,0.52717477,0.41468742,0.66277927,0.27368203,0.45094313,7.82472158,7.8984427,1,1,104.38344421,1
4075,0.52708298,0.41454318,0.66275826,0.30145332,0.44822677,7.32548569,7.37096696,1,1,1423.27725088,1
4076,0.56180761,0.41790886,0.66569702,0.26921791,0.46881602,7.87285959,7.94082044,1,1,101.93209903,1
4077,0.53822245,0.41316383,0.67743786,0.23466594,0.4512124,7.92822576,7.96750047,1,1,100.00019213,1
4078,0.5472984,0.43548199,0.66143483,0.21010528,0.43218826,7.96270425,8.03028067,1,1,1535.12515811,1
4079,0.53685286,0.44380646,0.65055397,0.24947743,0.41360288,7.59049615,7.63983818,1,1,100.35056799,1
4080,0.54058128,0.42551776,0.64690621,0.27283109,0.43530758,7.68889241,7.70258532,1,1,1579.98336387,1
4081,0.54056676,0.42605055,0.64677631,0.24380407,0.4177153,7.71585387,7.72178173,1,1,1311.94289847,1
4082,0.57864926,0.39918358,0.67978788,0.27140892,0.40163987,7.67462088,7.71778711,1,1,1577.30601187,1
4083,0.57576107,0.41014097,0.64974637,0.31530742,0.3839802,7.6369206,7.67684555,1,1,100.00726498,1
4084,0.54431704,0.42383493,0.65377028,0.31885566,0.40564243,7.80136347,7.8733141,1,1,104.19749684,1
4085,0.546349,0.44058319,0.64560232,0.34720437,0.39711989,7.80583713,7.85812694,1,1,833.48203411,1
4086,0.53753358,0.44613673,0.62000339,0.38959627,0.38226654,7.52245925,7.53244047,1,1,100.13704195,1
4087,0.53518166,0.45714183,0.64203205,0.39608555,0.36569928,7.5297147,7.56646298,1,1,1584.89178513,1
4088,0.53515144,0.45728898,0.64220682,0.35816626,0.36213461,7.89361301,7.92356267,1,1,100.01911265,1
4089,0.5623725,0.43417887,0.64347722,0.40048088,0.38342922,7.56733522,7.59063726,1,1,140.23560289,1
4090,0.54120836,0.43086329,0.63653617,0.36249035,0.36608483,7.54208464,7.58336385,1,1,206.30832293,1
4091,0.53058822,0.44518332,0.62285731,0.400306,0.38393563,7.67408547,7.71673223,1,1,1584.33865044,1
4092,0.53406473,0.44996639,0.61680157,0.37252332,0.36993339,7.64049688,7.64833263,1,1,1418.34835222,1
4093,0.51934676,0.45276989,0.63220887,0.41455585,0.39250519,7.39468021,7.40466141,1,1,807.95548935,1
4094,0.51925746,0.45251088,0.63237,0.41669778,0.37627134,7.76082834,7.78434321,1,1,100.05593249,1
4095,0.5652791,0.4500286,0.64969224,0.45809639,0.39874333,7.63267152,7.69903848,1,1,1333.66731399,1
4096,0.56027036,0.47057409,0.63429182,0.49873664,0.38211682,7.51078016,7.51831498,1,1,100.10070125,1
4097,0.56150591,0.47979048,0.62731066,0.4966658,0.40447424,7.84753974,7.86508475,1,1,1568.77290895,1
4098,0.54620301,0.47504434,0.62189986,0.53519073,0.42624644,7.56981137,7.57298311,1,1,1580.04930747,1
4099,0.56004601,0.48776546,0.60502155,0.57214094,0.4359375,8.05159028,8.08461875,1,1,145.10066091,1
4100,0.55189595,0.49739342,0.60280207,0.61019682,0.45712158,7.543746,7.55768051,1,1,101.49201062,1
4101,0.55189865,0.49709557,0.60289277,0.647733,0.46632923,7.56261236,7.59166155,1,1,101.06152159,1
4102,0.59760774,0.44284647,0.60892746,0.67829659,0.44721237,7.61479703,7.61982408,1,1,109.21794808,1
4103,0.55816706,0.45657122,0.59552552,0.71460898,0.4303618,7.60062618,7.66323653,1,1,1584.89255799,1
4104,0.5558418,0.45361939,0.59798221,0.7204664,0.41343839,7.8008656,7.8194496,1,1,1467.05311735,1
4105,0.54252627,0.4747383,0.58465709,0.7130925,0.40815605,7.59046181,7.62288863,1,1,156.06833503,1
4106,0.54059937,0.47025055,0.61037243,0.66884588,0.40783034,7.79937704,7.81859828,1,1,127.96726259,1
4107,0.52687614,0.47936197,0.61105483,0.70546164,0.39211946,7.78083849,7.81545864,1,1,1548.92082187,1
4108,0.52665461,0.47890699,0.61104752,0.66500009,0.37455705,7.5301745,7.53922549,1,1,1584.89314329,1
4109,0.52612549,0.4327638,0.63156022,0.62747438,0.3909234,7.45601517,7.4849045,1,1,1584.45837457,1
4110,0.51782166,0.45601498,0.61682829,0.62130239,0.41132044,7.58127722,7.65336624,1,1,100.09564389,1
4111,0.52035936,0.4406828,0.59916876,0.62417404,0.41576791,7.72806604,7.79207628,1,1,1331.40981254,1
4112,0.5112143,0.45159555,0.57502252,0.66164028,0.42809251,7.62922354,7.69576995,1,1,100.00006162,1
4113,0.49631551,0.46288326,0.57358258,0.6983438,0.42165703,7.75743763,7.78406756,1,1,100.00116507,1
4114,0.49641679,0.46238123,0.57372667,0.73230208,0.44239017,7.63143489,7.66099027,1,1,1584.89196408,1
4115,0.5327555,0.49443474,0.56769214,0.68993852,0.43262142,7.70092878,7.74972685,1,1,640.55904348,1
4116,0.55600442,0.47626322,0.56774369,0.65577095,0.44499844,7.6564302,7.73204418,1,1,101.00805242,1
4117,0.54433959,0.4931531,0.57047478,0.68517812,0.42613879,7.66061849,7.69047449,1,1,100.01442441,1
4118,0.52582456,0.51513516,0.57600555,0.71819832,0.44753874,7.63467572,7.68495226,1,1,100.00000906,1
4119,0.53839592,0.51691049,0.5504439,0.68696179,0.46467766,7.56052313,7.59319473,1,1,1546.56130807,1
4120,0.53848984,0.51696353,0.55042606,0.72314668,0.47256607,7.62266068,7.68598724,1,1,1584.89319146,1
4121,0.55789587,0.49860211,0.55671853,0.73785091,0.45766506,7.69923251,7.74226881,1,1,1341.93316743,1
4122,0.54979008,0.50563344,0.54535164,0.70223542,0.44310972,7.62760197,7.67582953,1,1,288.00978949,1
4123,0.54328422,0.50748913,0.57352878,0.7381187,0.4637562,7.87512121,7.8792061,1,1,100.00762729,1
4124,0.51091226,0.49757121,0.55568116,0.69409394,0.44496158,7.60987052,7.67246825,1,1,1584.11654564,1
4125,0.52043957,0.52214,0.53998676,0.70719358,0.4311308,7.59302268,7.62825662,1,1,114.54545014,1
4126,0.52053892,0.52173545,0.53987514,0.66624717,0.45247422,7.7881959,7.79330586,1,1,890.45422218,1
4127,0.48487163,0.47067032,0.56549258,0.65655016,0.46931172,7.79920994,7.8219829,1,1,1584.88811319,1
4128,0.50017777,0.47647841,0.54973675,0.61342289,0.45023133,7.53365632,7.54154729,1,1,1086.21497825,1
4129,0.48389599,0.46899176,0.53977392,0.59063226,0.43129359,7.66473963,7.72839221,1,1,1542.37413489,1
4130,0.47842954,0.48399356,0.54359618,0.62737581,0.45174185,7.58250927,7.62471825,1,1,100.00000004,1
4131,0.4682485,0.47449518,0.54698756,0.58869802,0.4328969,7.36411362,7.42767043,1,1,1584.89319221,1
4132,0.46820102,0.47488285,0.54691745,0.61994224,0.45416534,7.52699577,7.54701885,1,1,100.13763302,1
4133,0.51612938,0.57079342,0.57184911,0.61237839,0.45424213,7.58523364,7.59274861,1,1,100.00000249,1
4134,0.51251357,0.56463128,0.55403131,0.64972262,0.47385024,7.51726686,7.51864007,1,1,100.02440012,1
4135,0.53460294,0.54927926,0.55359859,0.68224418,0.47755787,7.75709246,7.76333619,1,1,117.78109818,1
4136,0.54300584,0.545474,0.53346984,0.66105924,0.49704899,7.60209603,7.66869796,1,1,936.35071439,1
4137,0.52480914,0.53793799,0.56164027,0.61784488,0.47748303,7.73964248,7.79426757,1,1,120.48746177,1
4138,0.52467842,0.53806702,0.56171416,0.57745534,0.46946109,7.70926558,7.76592634,1,1,1583.67200972,1
4139,0.50637619,0.51809407,0.57337649,0.55657181,0.47738945,7.34170869,7.39242608,1,1,1548.83435602,1
4140,0.49063313,0.52188532,0.56477295,0.52567452,0.46485306,7.77214589,7.79961141,1,1,100.09609021,1
4141,0.50518322,0.49787646,0.57507673,0.55518894,0.47448579,7.60698519,7.61306384,1,1,100.04630723,1
4142,0.49794844,0.51231175,0.56200368,0.51471291,0.45563606,7.73636035,7.76687974,1,1,663.18072959,1
4143,0.48590791,0.50830114,0.54826998,0.49830598,0.43685738,7.80216611,7.8438787,1,1,100.01253631,1
4144,0.48589069,0.50859219,0.54840341,0.52628259,0.44610948,7.90182047,7.94946289,1,1,100.00108427,1
4145,0.48447193,0.56552646,0.56004064,0.56321475,0.4671799,7.61979408,7.64129863,1,1,1555.18393673,1
4146,0.50634723,0.56741002,0.55767359,0.55510069,0.48783481,7.68094239,7.69793216,1,1,100.0009921,1
4147,0.52017979,0.56004785,0.54234936,0.59284598,0.49552159,7.48379782,7.52535619,1,1,1551.14603746,1
4148,0.52690729,0.56005454,0.52501531,0.5692917,0.47562514,7.7026527,7.76753168,1,1,103.44379385,1
4149,0.54330795,0.54330766,0.54056819,0.59336543,0.49450976,7.60923174,7.66180498,1,1,100.04535403,1
4150,0.54317674,0.54337195,0.54065166,0.55400744,0.47496139,7.61587426,7.65650934,1,1,100.00139898,1
4151,0.50922433,0.51811507,0.54150355,0.59275995,0.49037162,7.48007749,7.48157752,1,1,100.00000005,1
4152,0.52032019,0.52367339,0.55881557,0.63078163,0.4841503,7.50120984,7.56407285,1,1,1584.86741307,1
4153,0.51397723,0.51679143,0.55701445,0.66707058,0.47308673,7.67173719,7.72718289,1,1,103.57241677,1
4154,0.50634403,0.51071526,0.5572239,0.6301292,0.45364503,7.48977873,7.52973241,1,1,1584.40021958,1
4155,0.50105913,0.50019138,0.56179213,0.59110219,0.47346254,8.04427624,8.06676457,1,1,301.43596536,1
4156,0.50580221,0.49844861,0.54038441,0.55296752,0.49377541,7.61288332,7.66850346,1,1,1047.62883546,1
4157,0.50586121,0.49843922,0.54045406,0.51194438,0.51345022,7.68287287,7.70945384,1,1,107.25168816,1
4158,0.47242087,0.496897,0.54359404,0.47235048,0.49490553,7.65948018,7.67220989,1,1,1288.12332388,1
4159,0.49900412,0.490111,0.51135559,0.4337628,0.51496062,7.65881786,7.68377125,1,1,1433.330481,1
4160,0.49724411,0.48866382,0.48313186,0.39577945,0.52659603,7.64113653,7.64171436,1,1,100.00024263,1
4161,0.49520616,0.48876717,0.45227477,0.38439168,0.51705819,7.70400317,7.71289107,1,1,116.17574091,1
4162,0.4952829,0.48932828,0.45219487,0.34738619,0.50857719,7.82454109,7.87322246,1,1,317.85644864,1
4163,0.54671581,0.55144596,0.48221574,0.35080883,0.52235525,7.83327822,7.89352044,1,1,100.01838067,1
4164,0.54226987,0.55405626,0.46823456,0.31420755,0.51177256,7.68820469,7.70643425,1,1,1584.89085803,1
4165,0.55696131,0.55763015,0.47943114,0.32460278,0.53097471,7.67379217,7.71079528,1,1,100.37680465,1
4166,0.55174195,0.55602325,0.50544103,0.36517255,0.51198139,7.6721537,7.74193331,1,1,106.51036267,1
4167,0.54711688,0.53372706,0.49951835,0.4061959,0.51312543,7.90331106,7.95038953,1,1,131.40458353,1
4168,0.54703788,0.53364636,0.49953692,0.3682951,0.53284966,7.67859819,7.68737722,1,1,1584.88012832,1
4169,0.5368537,0.48298863,0.50068153,0.41023021,0.55053437,7.87719118,7.91565509,1,1,101.00865162,1
4170,0.51567801,0.48070019,0.51438029,0.37653406,0.55724147,7.68683465,7.68727015,1,1,100.01510969,1
4171,0.52857245,0.48322248,0.50268703,0.3480407,0.5474192,7.83024804,7.90757323,1,1,1148.36407028,1
4172,0.50084199,0.50593633,0.51768027,0.35641217,0.52647977,7.83814996,7.86317085,1,1,1533.79696264,1
4173,0.52363899,0.48739819,0.52735124,0.35431065,0.51450292,7.72797162,7.76664171,1,1,100.62590867,1
4174,0.52366961,0.48694741,0.5273011,0.39089322,0.51571271,7.60817385,7.65370762,1,1,1220.0663483,1
4175,0.54639014,0.43712026,0.53564857,0.41835166,0.53394399,7.49179215,7.50327145,1,1,100.05075426,1
4176,0.54085699,0.46657911,0.54485008,0.39006341,0.5132841,7.75114948,7.82322911,1,1,123.71283358,1
4177,0.51296079,0.45808024,0.536961,0.38166336,0.52196594,7.78691515,7.81381095,1,1,1518.61367977,1
4178,0.49082518,0.46385148,0.52663742,0.39848855,0.50418583,7.52991409,7.54115739,1,1,124.50197389,1
4179,0.50171026,0.47987177,0.53904286,0.36098681,0.51685217,7.81269061,7.8834838,1,1,211.08877786,1
4180,0.50176471,0.47984276,0.5390355,0.40251363,0.50701718,7.6351883,7.67515333,1,1,1582.47873526,1
4181,0.56459138,0.5045233,0.54458159,0.41874567,0.52141599,7.75848311,7.82933186,1,1,1584.81488444,1
4182,0.56316314,0.52883797,0.53322424,0.39174716,0.54039647,7.66057408,7.66814172,1,1,100.01410322,1
4183,0.55606863,0.51254116,0.5459505,0.3539449,0.55933431,7.61564878,7.68192856,1,1,1584.27685113,1
4184,0.54258444,0.52361276,0.53388837,0.3647333,0.57799625,7.46417651,7.51944615,1,1,113.23533876,1
4185,0.54256997,0.52415335,0.53387134,0.33434777,0.55857036,7.82475086,7.85525475,1,1,100.10886787,1
4186,0.51977273,0.50199756,0.53387256,0.31915163,0.57099968,7.64435982,7.69507124,1,1,252.83104814,1
4187,0.51160388,0.48076722,0.5416231,0.32421072,0.55955103,7.75392843,7.78651002,1,1,1584.87610344,1
4188,0.50642525,0.4973889,0.55022163,0.36404201,0.5390011,7.4918093,7.50228064,1,1,100.44986333,1
4189,0.49696569,0.50365626,0.55624324,0.32678421,0.55525162,7.6449326,7.68322529,1,1,1577.07668568,1
4190,0.49485817,0.50359009,0.55605343,0.3592985,0.53455258,7.82616003,7.89386513,1,1,100.52809687,1
4191,0.494714,0.50381363,0.55613955,0.32544249,0.53337152,7.69816839,7.75987531,1,1,1554.77808522,1
4192,0.50576584,0.54768647,0.53264971,0.36152769,0.55241819,7.7989825,7.83550136,1,1,131.2392568,1
4193,0.51471962,0.56151487,0.51158646,0.35272375,0.54439968,7.56887536,7.61302696,1,1,547.48748167,1
4194,0.54573246,0.53910839,0.48994519,0.39528151,0.52351393,7.62507281,7.67315838,1,1,100.00737056,1
4195,0.54926912,0.54412162,0.46703835,0.3591785,0.50426308,7.72173408,7.7374858,1,1,1584.69424981,1
4196,0.54924245,0.54286349,0.46699938,0.32224384,0.50476706,7.5838851,7.65931744,1,1,100.01505474,1
4197,0.51578125,0.49053679,0.47148394,0.34997373,0.49020792,7.61295007,7.68323704,1,1,105.87706217,1
4198,0.51416634,0.48262281,0.49760704,0.31529955,0.47108217,7.67607975,7.70207396,1,1,1584.85403434,1
4199,0.52385661,0.49829302,0.49877798,0.35876246,0.48890978,7.58364129,7.62921674,1,1,1315.62450288,1
4200,0.50302171,0.48812601,0.48571856,0.40026841,0.50764211,7.86886552,7.89192128,1,1,273.06040107,1
4201,0.48797808,0.49533712,0.47796383,0.39859124,0.52742668,7.62070453,7.68482902,1,1,1584.8797878,1
4202,0.49902381,0.48891146,0.49484499,0.36174573,0.53691969,7.79547104,7.81638426,1,1,1575.77084893,1
4203,0.49905308,0.48904639,0.49477095,0.39974078,0.55303536,7.67166296,7.7020754,1,1,1577.87903866,1
4204,0.47956665,0.52824761,0.5034741,0.36399513,0.56694579,7.68322587,7.72664518,1,1,100.00000206,1
4205,0.49663849,0.50814564,0.50687358,0.32982374,0.58552826,7.66469964,7.70202322,1,1,114.07701977,1
4206,0.49675423,0.510613,0.50551402,0.36692059,0.56675563,7.62620068,7.6362699,1,1,1564.8197634,1
4207,0.51633905,0.50185698,0.5048409,0.36487783,0.5608963,7.692184,7.72405572,1,1,1584.89255875,1
4208,0.51622201,0.50263496,0.50479441,0.36833861,0.55701811,7.64143884,7.64699761,1,1,1314.8145224,1
4209,0.55420831,0.46524696,0.53445235,0.35817498,0.53638931,7.67087329,7.71307348,1,1,102.32071371,1
4210,0.54222888,0.48345293,0.52548597,0.32755886,0.51784784,7.85577738,7.87763566,1,1,100.07040887,1
4211,0.53644067,0.48893239,0.52275537,0.29275478,0.5183082,7.34975973,7.37854945,1,1,101.66042614,1
4212,0.5199162,0.50419148,0.51785987,0.26645861,0.52185538,7.79937533,7.83492725,1,1,154.75585308,1
4213,0.51133641,0.50450125,0.51769854,0.23500539,0.52370489,7.80342164,7.88036518,1,1,103.98911923,1
4214,0.51133311,0.50539959,0.51766087,0.2463976,0.51574022,7.47220311,7.47758505,1,1,612.20886221,1
4215,0.52513063,0.44823887,0.51443494,0.28993159,0.52856145,7.6419989,7.66265867,1,1,1565.40370072,1
4216,0.53728649,0.47021494,0.52746264,0.31680251,0.5311371,7.67802149,7.72199863,1,1,1582.63584416,1
4217,0.50066839,0.46705136,0.51440976,0.36043034,0.54806858,7.7571136,7.8037658,1,1,1161.11167333,1
4218,0.50884216,0.49012845,0.52524562,0.34911753,0.52955585,7.76047741,7.82683795,1,1,106.13590777,1
4219,0.50877931,0.49058232,0.52506864,0.32461698,0.50897307,7.65198864,7.67666889,1,1,125.71123359,1
4220,0.48147157,0.45944923,0.538791,0.32703065,0.48922223,7.56153667,7.5904717,1,1,101.07568603,1
4221,0.47560668,0.45824915,0.54309879,0.32889615,0.50918195,7.62645607,7.64164584,1,1,801.99452207,1
4222,0.49112375,0.45702493,0.51792568,0.37216107,0.48909951,7.73016235,7.74743876,1,1,918.42492749,1
4223,0.49271857,0.47101916,0.50981305,0.38826269,0.48566629,7.62731617,7.66948689,1,1,1584.89315916,1
4224,0.49277267,0.47043676,0.50993125,0.40064869,0.49932402,7.7501308,7.76057957,1,1,205.96853448,1
4225,0.55125458,0.51036413,0.52836622,0.42653208,0.51926743,7.6992599,7.70026515,1,1,103.88107003,1
4226,0.54666849,0.49814182,0.5296094,0.38856266,0.51388405,7.8153273,7.88363121,1,1,302.49487802,1
4227,0.56340338,0.51985971,0.53120634,0.37104725,0.53198707,7.57794962,7.60387455,1,1,114.17669938,1
4228,0.555054,0.52049837,0.51047349,0.34930523,0.54883048,7.74245606,7.76455908,1,1,100.00032665,1
4229,0.54412787,0.52187657,0.52191052,0.33532361,0.52917977,7.82193798,7.83274319,1,1,368.53928821,1
4230,0.54425359,0.52204508,0.52199154,0.32672718,0.50871847,7.7263534,7.76591188,1,1,1091.74896163,1
4231,0.53755249,0.47133487,0.54373869,0.36768493,0.52587867,7.6556398,7.67241543,1,1,111.37023405,1
4232,0.51736556,0.48213277,0.54325052,0.33039838,0.50944533,7.4903912,7.50693338,1,1,100.00008006,1
4233,0.52578398,0.47202375,0.53787235,0.31863744,0.52792192,7.41451879,7.47773672,1,1,253.93536806,1
4234,0.50326961,0.48683045,0.52618508,0.28256354,0.54719272,7.72062725,7.75533473,1,1,1569.24566696,1
4235,0.51279247,0.48245471,0.52639227,0.25483081,0.55396461,7.87424972,7.88562169,1,1,100.00008935,1
4236,0.5127529,0.4820506,0.52642857,0.22124631,0.5680458,7.84577961,7.9043259,1,1,1578.68241586,1
4237,0.59614767,0.46573418,0.52561279,0.26581181,0.5862183,7.71464569,7.73101941,1,1,101.9036496,1
4238,0.56919733,0.4848058,0.53119527,0.23070459,0.59438389,7.63297389,7.6789544,1,1,149.14153884,1
4239,0.56149298,0.47690504,0.5341915,0.26609221,0.61249279,7.4217203,7.44441361,1,1,101.43645073,1
4240,0.55088884,0.49754163,0.52491623,0.24527052,0.62019768,7.54929858,7.57529717,1,1,100.00000783,1
4241,0.55673598,0.50326268,0.51865034,0.13975551,0.68472309,7.76311744,7.7901801,1,1,100.00375252,0
4242,0.55679674,0.50305045,0.51857474,0.05271666,0.63273305,7.62913286,7.63593642,1,1,770.91757885,0
4243,0.49376304,0.45290726,0.49123067,0,0.58447011,7.76605342,7.77334795,1,1,231.54219466,0
4244,0.40342759,0.40313742,0.45623483,0.09291105,0.62236531,7.74027939,7.77678103,1,1,438.31451721,0
4245,0.34102346,0.36505511,0.42825217,0,0.68967015,7.47795205,7.49447518,1,1,1584.8218969,0
4246,0.2946628,0.34169355,0.40181732,0.11053702,0.75628764,7.6844194,7.75725558,1,1,138.99727311,0
4247,0.29460121,0.34220042,0.40183209,0.00372767,0.74043618,7.59351198,7.66544687,1,1,1165.8183982,0
4248,0.3878231,0.44083085,0.43383594,0.05029027,0.76321197,7.52248286,7.52706623,1,1,776.45642912,0
4249,0.44505388,0.49641901,0.48025045,0.15500144,0.82073331,7.66654445,7.6943323,1,1,1440.83152309,0
4250,0.52873731,0.56785671,0.52496308,0.05769732,0.88693588,7.98461199,8.01752215,1,1,1584.85685213,0
4251,0.61031729,0.616881,0.5423478,0,0.83762557,7.53626509,7.56134466,1,1,1583.39426755,0
4252,0.67090919,0.66936768,0.57855909,0,0.84945297,7.6728417,7.70446421,1,1,545.08306011,1
4253,0.67309895,0.69374956,0.59048733,0.02616188,0.82371248,7.74890875,7.78437998,1,1,1584.89048045,1
4254,0.67307765,0.69333336,0.59049507,0.06795732,0.81148705,7.73334116,7.77739211,1,1,111.61326386,1
4255,0.64236819,0.64938575,0.59330092,0.04048317,0.82207132,7.70006293,7.76049579,1,1,100.28912799,1
4256,0.65057494,0.64560823,0.60219965,0.01148327,0.81534704,7.80450854,7.83073654,1,1,1444.51395981,1
4257,0.63812244,0.64333019,0.60371907,0.03586918,0.8284468,7.49906582,7.56194519,1,1,171.74274755,1
4258,0.62633594,0.63015444,0.61906421,0.07839146,0.80423913,7.96732255,8.03071813,1,1,101.13745401,1
4259,0.63475262,0.62693631,0.58690361,0.12615626,0.77955279,7.69491146,7.72884664,1,1,1584.89317013,1
4260,0.6171244,0.64071843,0.5981076,0.09424706,0.7555729,7.66363916,7.73713049,1,1,1367.12136597,1
4261,0.5823875,0.62307016,0.60978198,0.12532784,0.76263675,7.58533965,7.59550695,1,1,113.30268218,1
4262,0.58381389,0.65181797,0.60482349,0.15959736,0.75590877,7.65354366,7.69784614,1,1,100.16442177,1
4263,0.60057512,0.65197086,0.60940248,0.16628815,0.73146966,7.85893806,7.89533081,1,1,1573.80292022,1
4264,0.60067219,0.65222683,0.60939867,0.19504728,0.7458504,7.56166592,7.62150336,1,1,112.92566116,1
4265,0.59126448,0.62747161,0.62060598,0.16760099,0.72176235,7.54646847,7.59342849,1,1,1581.68687693,1
4266,0.58345708,0.59670438,0.63966736,0.15310998,0.73701238,7.75350601,7.75552603,1,1,130.74213323,1
4267,0.5527971,0.60791821,0.63472617,0.19502861,0.7464084,7.84124558,7.87471713,1,1,1126.97125987,1
4268,0.56056761,0.61415286,0.61637614,0.24012198,0.76134679,7.76826558,7.83835388,1,1,216.0223864,1
4269,0.56211606,0.60146334,0.62697261,0.20633567,0.75640917,7.81748746,7.85673839,1,1,1584.63331188,1
4270,0.5499549,0.6210622,0.60670871,0.24769303,0.73318138,7.64422103,7.72013724,1,1,1584.87243145,1
4271,0.54679333,0.59511942,0.62211756,0.2911808,0.74119256,7.97341248,8.00612619,1,1,1223.66727419,1
4272,0.54675053,0.59540478,0.62211525,0.25967805,0.7490717,7.66236565,7.72684078,1,1,1584.88366414,1
4273,0.53625132,0.58369641,0.64320787,0.2562659,0.72410056,7.74028738,7.75369711,1,1,1491.23317158,1
4274,0.5199449,0.57065425,0.62661834,0.29666223,0.73961204,7.5006827,7.52896482,1,1,148.87762763,1
4275,0.52013133,0.55512964,0.62190936,0.2968667,0.71530277,7.59578597,7.62078565,1,1,1584.79293004,1
4276,0.51729039,0.57094273,0.6231161,0.34090911,0.70382971,7.4583171,7.51934813,1,1,100.58262645,1
4277,0.50210794,0.57689442,0.61548108,0.38343062,0.68845178,7.78377449,7.81932043,1,1,1556.61310981,1
4278,0.52635743,0.56046957,0.61876704,0.36375207,0.70320356,7.82461169,7.84835693,1,1,100.57418491,1
4279,0.52642604,0.56075863,0.61870998,0.40477552,0.68391486,7.85013077,7.86060335,1,1,100.03124131,1
4280,0.49753891,0.53339874,0.6182571,0.44578646,0.70005217,7.48069526,7.48626585,1,1,1508.00835622,1
4281,0.51024782,0.53767266,0.63344016,0.41399598,0.69345279,7.80498589,7.87260267,1,1,1570.42240583,1
4282,0.4798681,0.52044594,0.60403811,0.45542374,0.68576728,7.53695613,7.57286416,1,1,100.03684758,1
4283,0.49957531,0.53543311,0.60898043,0.48301997,0.6675894,8.010015,8.05459812,1,1,485.60702856,1
4284,0.48582669,0.53396491,0.62125143,0.44889148,0.67453381,7.52186123,7.5688903,1,1,101.18726732,1
4285,0.48572852,0.53401509,0.62107067,0.42489107,0.65654127,7.7943159,7.85976732,1,1,100.0001907,1
4286,0.45790567,0.58642497,0.62692777,0.38647689,0.67129951,7.69627101,7.71567387,1,1,479.21969475,1
4287,0.46899676,0.57119338,0.61804795,0.40783784,0.68781727,7.61835156,7.64425333,1,1,1511.28682025,1
4288,0.47439656,0.57572926,0.61470429,0.41949388,0.6767941,7.64476303,7.67273576,1,1,100.38482021,1
4289,0.48592741,0.56638941,0.61015006,0.38583521,0.67120566,7.69685562,7.76721242,1,1,100.00027504,1
4290,0.50543595,0.5518107,0.58563002,0.35028182,0.68015762,7.67015043,7.68259798,1,1,1582.85785078,1
4291,0.50546841,0.55216799,0.58561606,0.3169253,0.6778871,7.81314117,7.85900242,1,1,1264.90988283,1
4292,0.46887648,0.53957253,0.57930841,0.32899617,0.69382832,7.90394277,7.91114535,1,1,343.51122541,1
4293,0.45635912,0.55544212,0.595918,0.30466162,0.67039237,7.5920209,7.63270282,1,1,130.55515565,1
4294,0.4808217,0.52526844,0.56127069,0.34746203,0.64915725,7.62789215,7.68096559,1,1,1584.73447887,1
4295,0.47202659,0.51663194,0.56959889,0.3864986,0.62925062,7.66768808,7.73776197,1,1,100.05144278,1
4296,0.48162773,0.53909639,0.55490718,0.42789066,0.62602428,7.67300725,7.67889832,1,1,100.22097789,1
4297,0.48152873,0.53939688,0.55490986,0.40276642,0.64224771,7.77512317,7.83982558,1,1,115.07448634,1
4298,0.46031873,0.56262863,0.56282434,0.4312958,0.64080304,7.6589974,7.71895359,1,1,1536.95846266,1
4299,0.45943291,0.56136641,0.55738033,0.46844917,0.65653512,7.66932883,7.68817809,1,1,1550.06961759,1
4300,0.46868004,0.56310246,0.57120004,0.44054874,0.63369445,7.94234394,7.98844989,1,1,100.45647216,1
4301,0.49375393,0.54914768,0.54311167,0.42075153,0.65096962,7.78956093,7.81277854,1,1,836.24421998,1
4302,0.4890271,0.55213737,0.55909725,0.38240806,0.65584139,7.69940574,7.69966096,1,1,946.30178346,1
4303,0.48903325,0.55173554,0.55910845,0.42108056,0.63608018,7.65518794,7.67785094,1,1,1584.73968014,1
4304,0.44403498,0.58140664,0.57992998,0.45764769,0.6134645,7.65315466,7.66330978,1,1,1584.89279835,1
4305,0.45572285,0.55007795,0.56203554,0.46099437,0.63054254,7.75180623,7.75844554,1,1,1584.68300661,1
4306,0.46439817,0.54630746,0.56419612,0.42202865,0.63129701,7.74995667,7.80485641,1,1,656.73811305,1
4307,0.47534944,0.56352854,0.55701615,0.39395631,0.60981359,7.58237952,7.61852373,1,1,737.42053179,1
4308,0.48079943,0.53486823,0.54918989,0.37666435,0.5919598,7.73501438,7.77430219,1,1,100.11744878,1
4309,0.48063299,0.53447286,0.54901743,0.34303753,0.58698886,7.51039949,7.51782845,1,1,114.70751593,1
4310,0.47758357,0.58496299,0.54615879,0.37064569,0.60008701,7.60799751,7.68120199,1,1,100.39662343,1
4311,0.48797054,0.57136297,0.55310455,0.39984823,0.58260337,7.60310841,7.61000724,1,1,133.12137156,1
4312,0.49428247,0.57266405,0.55534763,0.36185183,0.59968602,7.67391401,7.69231655,1,1,102.76087484,1
4313,0.48516864,0.55507926,0.53736135,0.38649747,0.5849178,7.75519909,7.8101874,1,1,100.06985574,1
4314,0.51198284,0.55583038,0.54881881,0.34890445,0.58027825,7.66394787,7.6891157,1,1,485.66100095,1
4315,0.51187329,0.55587238,0.54867875,0.33270015,0.56928043,7.77729556,7.78505538,1,1,129.86607473,1
4316,0.47866263,0.56249065,0.57241176,0.29614717,0.54841439,7.66158644,7.70109917,1,1,1548.59603512,1
4317,0.47613048,0.54682285,0.57026778,0.26359567,0.53840763,7.64184755,7.69688957,1,1,100.01299447,1
4318,0.48038619,0.5323604,0.55531385,0.30756315,0.55228762,7.65642033,7.6923078,1,1,110.09463748,1
4319,0.48088793,0.51969607,0.5574417,0.28562836,0.56484163,7.77001479,7.83990424,1,1,103.273213,1
4320,0.48928058,0.51817794,0.55763342,0.32972765,0.54491503,7.77690509,7.77880282,1,1,239.82438541,1
4321,0.47776761,0.5115776,0.55635282,0.37305247,0.56186129,7.62992111,7.64528248,1,1,100.00965418,1
4322,0.47775522,0.5112511,0.55641319,0.41551293,0.57927762,7.89335008,7.93615062,1,1,1573.71073291,1
4323,0.48860994,0.61754205,0.57306569,0.37725332,0.55934098,7.46912969,7.5286362,1,1,236.56875134,1
4324,0.49572696,0.58315002,0.54665571,0.34327049,0.54656676,7.69737734,7.70349903,1,1,1581.70405205,1
4325,0.51742843,0.58695889,0.55881226,0.38630821,0.52569741,7.69720431,7.7270718,1,1,1577.14750461,1
4326,0.53229426,0.57577638,0.55319343,0.3486539,0.50772622,7.71358384,7.77099308,1,1,631.39942798,1
4327,0.54168359,0.57499434,0.54510281,0.36655454,0.52033881,7.83132019,7.87657901,1,1,1584.40953082,1
4328,0.54178568,0.57549317,0.54509225,0.33986287,0.51040626,7.62132735,7.6903476,1,1,1584.88553243,1
4329,0.5051612,0.54510833,0.54965242,0.37867715,0.50045562,7.68662043,7.72546938,1,1,1584.83573761,1
4330,0.50994206,0.54524142,0.565708,0.41611415,0.49998621,7.91490637,7.94830647,1,1,122.64286989,1
4331,0.49466995,0.52250456,0.54364556,0.45524902,0.5198304,7.71405448,7.74703034,1,1,1584.88692571,1
4332,0.50133143,0.5285231,0.54203167,0.49320639,0.52062433,7.52561393,7.57616934,1,1,100.00001791,1
4333,0.5063783,0.52952053,0.5568831,0.53014338,0.51340308,7.73326251,7.7501439,1,1,100.00004858,1
4334,0.49802011,0.53685184,0.55308639,0.4902357,0.49315372,7.71163927,7.74873196,1,1,401.99625357,1
4335,0.49803257,0.53743007,0.55291184,0.52628348,0.48471422,7.69940988,7.75518527,1,1,282.22818792,1
4336,0.47777262,0.55627799,0.55657225,0.48791739,0.50240786,7.76329485,7.7855673,1,1,302.23592397,1
4337,0.46990844,0.55338023,0.57181525,0.50547573,0.48409816,7.72720089,7.74906951,1,1,100.00759005,1
4338,0.47127502,0.5471267,0.55357595,0.46548709,0.48320543,7.95891433,7.96503175,1,1,100.00622398,1
4339,0.4755127,0.52509327,0.54469751,0.4264463,0.47414674,7.77003138,7.77715982,1,1,100.0000135,1
4340,0.48612748,0.53174571,0.53553097,0.38798911,0.45747973,7.51840943,7.55451283,1,1,100.97579258,1
4341,0.48615099,0.53142681,0.53551541,0.42739892,0.44516027,7.73182265,7.73318126,1,1,1506.02136914,1
4342,0.47500488,0.57412027,0.54093356,0.44412127,0.4469347,7.64921156,7.70781679,1,1,1311.48201451,1
4343,0.47297431,0.55634986,0.55311754,0.4068415,0.42799807,7.86145072,7.89761828,1,1,100.21274762,1
4344,0.4729006,0.54552145,0.55971949,0.37962553,0.44847977,7.58686117,7.61971462,1,1,114.81228652,1
4345,0.48005819,0.53360993,0.55237835,0.35144411,0.44248039,7.59453081,7.65198349,1,1,217.95577537,1
4346,0.50267232,0.5248084,0.55469671,0.39425173,0.46353908,7.67643094,7.70893752,1,1,101.12197449,1
4347,0.50274463,0.52427862,0.55485324,0.43031045,0.48210202,7.66733784,7.70225663,1,1,1523.69080458,1
4348,0.4781225,0.53608856,0.57306824,0.39828244,0.46334798,7.63285306,7.6542097,1,1,1376.08092283,1
4349,0.48702658,0.51227764,0.57620912,0.4400701,0.45425692,7.70638542,7.72598355,1,1,100.00107456,1
4350,0.49370545,0.52298275,0.5685239,0.44015805,0.4639984,7.89060319,7.96512128,1,1,1565.88901265,1
4351,0.49364003,0.50419509,0.56520785,0.41489962,0.46644403,7.64391303,7.67777272,1,1,102.51984865,1
4352,0.48678758,0.514395,0.54467732,0.45069402,0.44839827,7.65792033,7.73219984,1,1,1584.40670289,1
4353,0.48689723,0.51479481,0.54477113,0.4243849,0.44371885,7.73175522,7.80667052,1,1,103.01399998,1
4354,0.45556334,0.57203743,0.55453832,0.4379068,0.46165808,7.73403776,7.77915074,1,1,574.94677245,1
4355,0.47698301,0.56409532,0.56739119,0.39915713,0.44402795,7.63056306,7.63319875,1,1,137.84825699,1
4356,0.46627199,0.56103103,0.55193056,0.42933295,0.43732141,7.64105881,7.6796811,1,1,100.29340612,1
4357,0.4919436,0.53915514,0.54863436,0.40114399,0.45856047,7.69938647,7.71786786,1,1,100.00045733,1
4358,0.51115721,0.53801897,0.53779397,0.36758102,0.4515158,7.77444236,7.8207799,1,1,1529.86974826,1
4359,0.51112901,0.53882942,0.53787053,0.41001684,0.46958318,7.82358563,7.88288598,1,1,100.04932317,1
4360,0.48755395,0.4979142,0.5382276,0.44810264,0.45406739,7.38310497,7.40467409,1,1,1584.86669615,1
4361,0.48342484,0.50214409,0.5339105,0.48232073,0.47494767,7.75338581,7.77621408,1,1,1562.3408722,1
4362,0.48339987,0.51683511,0.54826064,0.51873945,0.46656268,7.77659492,7.80647091,1,1,100.04410927,1
4363,0.47996307,0.50414163,0.54653448,0.55454255,0.48202297,7.86209238,7.91987186,1,1,1098.00781593,1
4364,0.47706386,0.50194321,0.53710757,0.52619947,0.46332986,7.6244083,7.67417101,1,1,1076.34236025,1
4365,0.47712248,0.50169391,0.53719775,0.56541164,0.48042841,7.90039827,7.9768241,1,1,1584.8673841,1
4366,0.53854522,0.58502159,0.53429903,0.6030646,0.48221499,7.7330606,7.74030629,1,1,100.00215864,1
4367,0.52244762,0.59341233,0.55981322,0.63146401,0.5024998,7.68289021,7.72727608,1,1,1547.36904622,1
4368,0.55271147,0.57877021,0.54149682,0.59492201,0.51272428,7.91033482,7.93840022,1,1,1142.85993775,1
4369,0.56160137,0.57465751,0.53903863,0.63032364,0.5314664,7.80201132,7.87529491,1,1,100.00000712,1
4370,0.53834391,0.57276645,0.54787258,0.66593768,0.54877515,7.77962264,7.84313459,1,1,135.28823268,1
4371,0.53849326,0.57319698,0.54794695,0.65722851,0.53748885,7.68729565,7.72471297,1,1,141.07896159,1
4372,0.52661748,0.54186495,0.55563629,0.6140995,0.52857778,7.54458789,7.55662092,1,1,100.01530915,1
4373,0.50038652,0.53080715,0.57560514,0.63543198,0.54799292,7.69670268,7.7371322,1,1,1402.84854287,1
4374,0.51585328,0.54937732,0.54179308,0.60223323,0.56625433,7.82635402,7.8848128,1,1,100.00835242,1
4375,0.49293667,0.5361176,0.56295211,0.57431221,0.58487827,7.80102972,7.86413379,1,1,100.00021702,1
4376,0.49044756,0.55080745,0.56317495,0.53302544,0.56318717,7.56146276,7.59274805,1,1,1386.84858857,1
4377,0.49038627,0.55117388,0.56313251,0.56802357,0.58185876,7.78798853,7.82662057,1,1,100.00114839,1
4378,0.45145562,0.60375218,0.58938003,0.59494185,0.59969927,7.69658693,7.77101417,1,1,1584.86610263,1
4379,0.45460198,0.57107516,0.56942777,0.61811641,0.61425751,7.55013107,7.60048196,1,1,106.41391467,1
4380,0.46477221,0.57957858,0.57492754,0.57959814,0.592004,7.85214923,7.89411485,1,1,433.35912707,1
4381,0.47113052,0.55940626,0.55701435,0.59017057,0.61014664,7.83320954,7.88377569,1,1,100.08792102,1
4382,0.5023047,0.56421842,0.56200433,0.55460386,0.62777208,7.61346175,7.62952604,1,1,1584.89198387,1
4383,0.50234477,0.5648314,0.56201477,0.53811173,0.60671456,7.68562435,7.73238819,1,1,1583.19437835,1
4384,0.46241532,0.56193,0.59045,0.56058976,0.5846949,7.75643738,7.79916445,1,1,1584.67766459,1
4385,0.46371134,0.55210343,0.58868546,0.59918227,0.59990047,7.75345623,7.79741177,1,1,100.0,1
4386,0.47059398,0.55862886,0.58419151,0.6363772,0.58043995,7.91263799,7.98006631,1,1,1538.25744647,1
4387,0.47790621,0.5555317,0.56291296,0.63362295,0.57447546,7.92514507,7.95057142,1,1,1505.43854924,1
4388,0.49206358,0.54800809,0.57712978,0.59390563,0.56430809,7.53377883,7.54237544,1,1,1582.07960952,1
4389,0.48387133,0.53774008,0.56541721,0.62825234,0.54310585,7.42707078,7.43122302,1,1,106.91887961,1
4390,0.48392771,0.53763431,0.56536546,0.5868815,0.53028691,7.61426793,7.65052311,1,1,108.18106976,1
4391,0.45992684,0.60524801,0.57726359,0.58471078,0.54966266,7.60479367,7.65082746,1,1,1474.72344377,1
4392,0.48227143,0.57047111,0.56283275,0.5435483,0.52949933,7.81888009,7.88017662,1,1,100.00003727,1
4393,0.50038111,0.5686182,0.57805846,0.58087468,0.51602778,7.55834395,7.57799272,1,1,101.86405926,1
4394,0.48628585,0.56610262,0.56071294,0.61607354,0.50095345,7.51675946,7.52675158,1,1,1469.70659521,1
4395,0.51059836,0.56915341,0.56847819,0.58234017,0.50495276,7.77980868,7.81261844,1,1,1584.82878938,1
4396,0.51052228,0.56979082,0.56855736,0.5421994,0.48869963,7.83842258,7.88418763,1,1,100.05719239,1
4397,0.47740216,0.5567357,0.5796886,0.50555264,0.47035602,7.62429351,7.68632921,1,1,100.00000004,1
4398,0.48920648,0.57160133,0.58700612,0.54258847,0.45789268,7.40159023,7.42919915,1,1,100.00000724,1
4399,0.47921263,0.56074651,0.5625962,0.55044398,0.47381238,7.83823001,7.89621504,1,1,155.75222387,1
4400,0.48400119,0.55379931,0.56365389,0.57486668,0.45457296,7.64537738,7.68419111,1,1,123.8267826,1
4401,0.48948848,0.5451125,0.56648697,0.60904962,0.46923584,7.82329411,7.88793883,1,1,1559.23232354,1
4402,0.48220662,0.54195681,0.56971142,0.64483788,0.46010985,7.84453595,7.92205194,1,1,1584.88621754,1
4403,0.48216928,0.54175698,0.56969528,0.65907107,0.47564145,7.60102713,7.66015547,1,1,619.44879871,1
4404,0.44925307,0.60118923,0.59911248,0.69011409,0.47626795,7.66971922,7.69635506,1,1,1432.19838948,1
4405,0.45891254,0.58247348,0.56396591,0.71170112,0.45856145,7.61328523,7.62789691,1,1,129.53260539,1
4406,0.47699944,0.58420536,0.57182303,0.73372532,0.43977042,7.65611141,7.69466414,1,1,100.90657465,1
4407,0.48805587,0.5474613,0.55480894,0.76822126,0.42144269,7.88126958,7.95198216,1,1,163.28625804,1
4408,0.48606519,0.53909111,0.57482581,0.80261954,0.43962354,7.72286338,7.73574006,1,1,100.00001093,1
4409,0.48620789,0.53886236,0.57481782,0.75864754,0.46025635,7.66170764,7.73758594,1,1,1584.88552107,1
4410,0.49694236,0.59044959,0.58248088,0.77563999,0.47544718,7.76773516,7.80887778,1,1,128.00944846,1
4411,0.4912495,0.59642979,0.58635474,0.80126844,0.4958565,7.56340876,7.60205041,1,1,113.12916303,1
4412,0.49907275,0.58806573,0.55688914,0.76292959,0.47608459,7.57558382,7.60915682,1,1,119.51247642,1
4413,0.51116982,0.55485807,0.5543391,0.7709399,0.49655949,7.72889059,7.80104308,1,1,108.86050843,1
4414,0.51172437,0.56648515,0.53931224,0.80397259,0.50867026,7.72358377,7.7639769,1,1,302.3628638,1
4415,0.5115496,0.56655681,0.53932748,0.76138384,0.48894572,7.59968074,7.64035834,1,1,276.54103396,1
4416,0.48577747,0.54626384,0.53696627,0.76756582,0.50775798,7.7508932,7.7801543,1,1,1584.03589237,1
4417,0.49088242,0.54372337,0.53566953,0.72332303,0.52742578,7.76156011,7.81010304,1,1,217.44659733,1
4418,0.48655906,0.55273646,0.54162899,0.75477207,0.53507798,7.85422708,7.92942118,1,1,100.02803889,1
4419,0.47368668,0.5391713,0.55422279,0.77080889,0.55428455,7.7711456,7.8082071,1,1,100.04620395,1
4420,0.48514375,0.53321061,0.55104177,0.77454155,0.57300001,7.66002726,7.69350423,1,1,1448.2585977,1
4421,0.48511707,0.5325354,0.55108525,0.73034699,0.55235532,7.5821903,7.63754907,1,1,100.19159009,1
4422,0.45947061,0.58696952,0.55930997,0.75636565,0.53621239,7.75785658,7.82755809,1,1,100.00024301,1
4423,0.45740734,0.55932712,0.55872788,0.7112657,0.53228762,7.59602723,7.65206023,1,1,100.00567897,1
4424,0.4813679,0.54690496,0.56434438,0.6770237,0.55155645,7.82030259,7.82735021,1,1,109.22834997,1
4425,0.49394499,0.56845816,0.53148052,0.71249006,0.54153254,7.93915341,7.98558562,1,1,102.55974001,1
4426,0.47994333,0.5579865,0.52923308,0.74089962,0.5414473,7.56648464,7.57936348,1,1,1584.04900922,1
4427,0.47994004,0.55840197,0.52939923,0.70077008,0.53742665,7.87943334,7.94859895,1,1,100.00612937,1
4428,0.44929401,0.57874689,0.53715104,0.73525606,0.54658374,7.56145219,7.6282365,1,1,1456.84328734,1
4429,0.47291549,0.57907773,0.55000351,0.69059063,0.53038388,7.69477549,7.75513901,1,1,1584.88076215,1
4430,0.47506498,0.56832812,0.53267467,0.72002722,0.54941967,7.42570177,7.49854091,1,1,1584.80113714,1
4431,0.4899747,0.56580796,0.55145908,0.72102345,0.56715642,7.78247697,7.78884911,1,1,745.75439891,1
4432,0.48829453,0.56859717,0.54479177,0.67671847,0.55364444,7.76146391,7.80535017,1,1,1400.79019266,1
4433,0.48833271,0.5688094,0.54485236,0.64561702,0.53415478,7.67519482,7.73570256,1,1,101.53059663,1
4434,0.48916653,0.60918322,0.55472411,0.67977652,0.51348186,7.96916711,8.01211134,1,1,1578.01625914,1
4435,0.48245966,0.60319336,0.54577294,0.63761466,0.49919745,7.83589642,7.87171503,1,1,1583.48178953,1
4436,0.49575643,0.60096203,0.54123976,0.59691458,0.50238974,7.86313174,7.86606198,1,1,100.0000742,1
4437,0.50378587,0.56898014,0.55305608,0.57706115,0.49470767,7.72016868,7.75247369,1,1,100.01762897,1
4438,0.51629866,0.58617415,0.53774576,0.60212692,0.48921592,7.5171935,7.54342186,1,1,101.22585732,1
4439,0.5162531,0.58547994,0.53780566,0.62396995,0.50781091,7.84252122,7.89833448,1,1,100.00000024,1
4440,0.47988143,0.5545259,0.54455445,0.65959718,0.49458981,7.81837722,7.84862597,1,1,1584.5719743,1
4441,0.48277179,0.57872376,0.56067888,0.62188874,0.47514685,7.82046263,7.84620863,1,1,100.00044327,1
4442,0.47714233,0.54948314,0.54736341,0.58074002,0.49554978,7.64704918,7.67608074,1,1,129.05062158,1
4443,0.47744949,0.57191067,0.55394745,0.59631046,0.51560877,7.75246,7.80793453,1,1,1411.56631299,1
4444,0.49165188,0.56328212,0.54581362,0.60292281,0.5340732,7.74531544,7.79002207,1,1,100.06543012,1
4445,0.49152452,0.56362846,0.54571701,0.57029102,0.51385833,7.79804493,7.80781391,1,1,109.64733758,1
4446,0.48334472,0.58927155,0.57123869,0.52956728,0.49429304,7.79676806,7.81509159,1,1,1564.62782373,1
4447,0.47839085,0.569616,0.56040166,0.56771085,0.49435045,7.7498524,7.78711568,1,1,100.00769806,1
4448,0.48950611,0.55348125,0.55233956,0.52728141,0.4797776,7.8826361,7.89997485,1,1,1566.98625085,1
4449,0.48549907,0.56174484,0.53496731,0.56048954,0.46028786,7.56472329,7.63971904,1,1,1581.14405926,1
4450,0.49640421,0.54897149,0.53491149,0.51928633,0.4420775,7.80203511,7.87217404,1,1,100.03047788,1
4451,0.49637307,0.54946343,0.53485576,0.48267364,0.46280083,7.8338927,7.89156726,1,1,824.98285421,1
4452,0.47290586,0.54710977,0.54807741,0.45237582,0.4834584,7.57497397,7.63016269,1,1,513.24444988,1
4453,0.47558133,0.56775526,0.56292118,0.41604201,0.48865111,7.77420837,7.85093419,1,1,100.04022796,1
4454,0.46870359,0.55763941,0.53777488,0.39253418,0.46952843,7.43162209,7.438987,1,1,102.30468264,1
4455,0.48876459,0.55026662,0.53528257,0.35716107,0.45040236,7.69246277,7.72697359,1,1,373.6751592,1
4456,0.47975869,0.52695862,0.54288335,0.39971986,0.4707166,7.63117753,7.6350498,1,1,1584.51847629,1
4457,0.49078804,0.51266613,0.54015537,0.38726815,0.48317738,7.67608891,7.73699802,1,1,1567.88611132,1
4458,0.4907548,0.51261288,0.54023522,0.34952355,0.497543,7.69756309,7.71620046,1,1,100.1778754,1
4459,0.50657654,0.59200038,0.53368242,0.313161,0.49003412,7.74704176,7.75341858,1,1,100.57964153,1
4460,0.5302115,0.59917186,0.54644764,0.27989229,0.47038922,7.72532485,7.75439372,1,1,962.44632597,1
4461,0.54148232,0.58696149,0.52884402,0.32426232,0.45303721,7.40983818,7.48306665,1,1,100.0053057,1
4462,0.54096075,0.56302494,0.51910847,0.36773497,0.4426199,7.80847667,7.87308692,1,1,134.24904236,1
4463,0.54082934,0.56358017,0.51910518,0.27658275,0.50209586,7.67627698,7.67983562,1,1,100.00027891,0
4464,0.45450428,0.47905166,0.50662845,0.39937037,0.47869045,7.55847961,7.56706178,1,1,100.16072579,0
4465,0.39927245,0.44186349,0.48617582,0.31933526,0.517645,7.59799086,7.65794299,1,1,101.02290875,0
4466,0.33876852,0.37621626,0.45998124,0.2029516,0.46218665,7.68715498,7.70076822,1,1,100.03840855,0
4467,0.28195484,0.32686253,0.44694166,0.09723423,0.49044802,7.72465881,7.72829379,1,1,479.25207846,0
4468,0.26191429,0.28292725,0.43496494,0.02257596,0.48241001,7.72457756,7.73024112,1,1,100.28208559,0
4469,0.26180533,0.28268955,0.43510994,0.07280399,0.4401346,7.76429694,7.78893184,1,1,925.45411512,0
4470,0.36365642,0.38906472,0.47084843,0.17238117,0.38924461,7.63785298,7.68715278,1,1,1048.12439347,0
4471,0.41570254,0.43036725,0.49155269,0.21891111,0.41132844,7.73962773,7.74189109,1,1,104.63679334,1
4472,0.46703766,0.5054604,0.50991715,0.19440302,0.39311065,7.66298483,7.70977858,1,1,100.00772724,1
4473,0.55939725,0.58067842,0.51465735,0.23749945,0.39983183,7.73689218,7.77312214,1,1,283.36557903,1
4474,0.61116309,0.62115413,0.5263912,0.28274113,0.42109398,7.95169413,7.96040515,1,1,1584.89271573,1
4475,0.63617702,0.65322971,0.56585779,0.24726175,0.44207176,7.63241527,7.64593658,1,1,100.27551263,1
4476,0.63627424,0.65335969,0.56580234,0.29221426,0.46258031,7.66685034,7.69257554,1,1,100.08614037,1
4477,0.63056322,0.63673836,0.57129244,0.25637878,0.47774854,7.69735202,7.73957164,1,1,100.00271282,1
4478,0.60826275,0.64420271,0.59210073,0.24707821,0.49813501,7.55109028,7.62237659,1,1,100.41624211,1
4479,0.62541146,0.62544225,0.56982579,0.21330063,0.51797608,7.57263455,7.59136042,1,1,204.63837804,1
4480,0.61680652,0.61297705,0.58309944,0.17928744,0.49806103,7.77609892,7.84208284,1,1,111.74693231,1
4481,0.57607248,0.60757774,0.58968966,0.22569484,0.49015843,7.52755389,7.57804366,1,1,100.01095047,1
4482,0.59021127,0.63215859,0.56924713,0.27081489,0.47187959,7.62901038,7.63813017,1,1,101.44645703,1
4483,0.58094803,0.62042961,0.5696724,0.31504682,0.45290972,7.63721663,7.66429138,1,1,100.00033824,1
4484,0.56870152,0.62957036,0.57397705,0.35440163,0.45259553,7.68582196,7.74280959,1,1,1078.85287448,1
4485,0.56885139,0.62993651,0.57380554,0.32030272,0.47351653,7.90704826,7.94379105,1,1,100.00019098,1
4486,0.54965045,0.60727287,0.60378086,0.36381667,0.45406581,7.77000689,7.83158564,1,1,160.50866248,1
4487,0.54926327,0.61602034,0.59701515,0.33654619,0.4684049,7.68472578,7.71341208,1,1,1088.0139845,1
4488,0.55751165,0.60522827,0.59585125,0.30688798,0.44917218,7.75332827,7.80614612,1,1,1584.89317837,1
4489,0.5376672,0.59688988,0.581546,0.35072967,0.46992572,7.82367899,7.87803343,1,1,100.00085219,1
4490,0.54326004,0.60074837,0.59077809,0.39314898,0.45053659,7.82976284,7.83401375,1,1,114.49408016,1
4491,0.52932791,0.59536008,0.58842212,0.42964264,0.46950124,7.59780423,7.61655774,1,1,117.88891662,1
4492,0.5337256,0.57743206,0.56588546,0.3916989,0.45072136,7.97846968,8.00236389,1,1,100.00051787,1
4493,0.53373476,0.57730572,0.56577393,0.39884536,0.43183187,7.6793165,7.74770823,1,1,117.5080177,1
4494,0.52123814,0.57018084,0.57498627,0.42463467,0.45045462,7.85571923,7.87148121,1,1,330.85925445,1
4495,0.52295398,0.56254193,0.56721972,0.45941876,0.47045443,7.59586181,7.63401507,1,1,100.05878747,1
4496,0.49781888,0.53929133,0.57148515,0.44101315,0.48437702,7.36712158,7.3865488,1,1,100.00000001,1
4497,0.51138684,0.533903,0.57761112,0.46099782,0.4983153,7.76081509,7.77968604,1,1,1555.90937104,1
4498,0.49225492,0.54513555,0.57556166,0.46041679,0.48133278,7.50847987,7.57936081,1,1,100.00060099,1
4499,0.49216358,0.54467746,0.57541418,0.50102983,0.46342788,7.89314788,7.92910439,1,1,100.97885194,1
4500,0.46446215,0.56139431,0.58697501,0.53799396,0.45343627,7.61347489,7.65930282,1,1,1576.07989939,1
4501,0.4648819,0.56210741,0.58047527,0.50644214,0.47431899,7.59611116,7.64078055,1,1,100.00155625,1
4502,0.46081446,0.5395631,0.5781031,0.54565049,0.46485861,7.47968477,7.54715786,1,1,681.95005978,1
4503,0.47761255,0.52848594,0.58484798,0.58468039,0.46378412,7.67540017,7.70181823,1,1,1570.83576809,1
4504,0.49079796,0.52776945,0.56670236,0.56245563,0.46845364,7.68507435,7.72784644,1,1,100.16179199,1
4505,0.49074883,0.52786869,0.56677823,0.5297963,0.48837896,7.85041438,7.86838116,1,1,130.86424617,1
4506,0.54109547,0.57327153,0.58631359,0.48960817,0.46914924,7.86513012,7.90590694,1,1,1584.55604639,1
4507,0.54963907,0.57295624,0.56875162,0.46459672,0.48245343,7.62429833,7.68765412,1,1,126.06077118,1
4508,0.54855965,0.56486054,0.55513863,0.50413543,0.46319367,7.78794092,7.80277711,1,1,1167.56338334,1
4509,0.53474942,0.57883871,0.54862035,0.54340159,0.46753559,7.63179611,7.68328639,1,1,1000.54583492,1
4510,0.5304767,0.58403136,0.56117073,0.57916158,0.47036521,7.62399405,7.62600947,1,1,144.71772472,1
4511,0.53046444,0.58394718,0.56097349,0.61755995,0.45301673,7.80504649,7.81503614,1,1,442.39456878,1
4512,0.49233423,0.55543892,0.59003147,0.65292342,0.47083063,7.64183228,7.67372014,1,1,111.42765665,1
4513,0.50817106,0.55684999,0.56419495,0.68856502,0.49125625,7.76456956,7.79324444,1,1,719.37647845,1
4514,0.50461887,0.55901119,0.5654429,0.69762756,0.49149434,7.56841218,7.61950812,1,1,1584.80620538,1
4515,0.503037,0.55621976,0.55956717,0.68993133,0.47268674,7.63744084,7.69876141,1,1,1584.89318787,1
4516,0.50328558,0.54436758,0.5743261,0.65873219,0.45552446,7.79452847,7.85300854,1,1,1584.85736244,1
4517,0.49106215,0.55704463,0.5686351,0.69005325,0.45904265,7.76108443,7.80113226,1,1,1584.67574238,1
4518,0.49103566,0.55783977,0.56871846,0.72020907,0.44060061,7.67484229,7.73042881,1,1,1579.67239578,1
4519,0.45091968,0.5917207,0.57865892,0.67938805,0.42202854,7.62647805,7.63626479,1,1,1581.74703581,1
4520,0.46253372,0.57987557,0.56865371,0.70996565,0.43763513,7.63518783,7.67901362,1,1,1544.44625429,1
4521,0.48808019,0.572868,0.56393149,0.70650024,0.43045862,7.68328992,7.72459382,1,1,100.00084857,1
4522,0.49454449,0.54595863,0.56335089,0.72789519,0.43160583,7.8422548,7.87238822,1,1,100.66257946,1
4523,0.47930757,0.54120368,0.57534347,0.72399361,0.41297433,7.64903103,7.67337279,1,1,1554.27107332,1
4524,0.4795527,0.54109726,0.57532437,0.7588219,0.40905609,7.65404395,7.67151543,1,1,143.48663051,1
4525,0.48046436,0.55511989,0.60316797,0.7177016,0.39373987,7.59810086,7.66703168,1,1,1152.19820108,1
4526,0.46021931,0.55101821,0.58923475,0.68363786,0.41584697,7.80786555,7.83013897,1,1,101.80620611,1
4527,0.47568101,0.5539052,0.58203237,0.69954272,0.40501284,7.59792304,7.60655023,1,1,1531.89995741,1
4528,0.4986907,0.53328221,0.57046493,0.73500543,0.38717367,7.69610618,7.77283852,1,1,1584.89261145,1
4529,0.49007427,0.51951683,0.59415784,0.6925405,0.40852836,7.60646274,7.66167471,1,1,102.93762115,1
4530,0.50816238,0.53514388,0.58339966,0.72781864,0.42879529,7.77407025,7.82852215,1,1,1583.72903242,1
4531,0.50830974,0.5350873,0.58342571,0.73812572,0.41158538,7.6801926,7.6815409,1,1,1580.76215799,1
4532,0.45761578,0.53135475,0.59664765,0.77177156,0.42504617,7.57688855,7.58574288,1,1,1584.8352119,1
4533,0.47580618,0.53397464,0.57417949,0.72634224,0.40678754,7.60623091,7.6507715,1,1,1579.04855082,1
4534,0.47694404,0.5239778,0.55803485,0.69235732,0.38942918,7.57582237,7.58720916,1,1,128.76354884,1
4535,0.49436159,0.51020224,0.56406401,0.72060853,0.38386641,7.57026933,7.58758586,1,1,101.79298977,1
4536,0.47398535,0.51586136,0.53426661,0.75392193,0.38491302,7.72674201,7.79044339,1,1,100.02882095,1
4537,0.47386261,0.51576334,0.53433028,0.71617971,0.40691589,7.5272749,7.57628657,1,1,129.71847434,1
4538,0.43998138,0.55089459,0.56369773,0.68204607,0.42781893,7.87831344,7.88735695,1,1,759.12681809,1
4539,0.44830865,0.55647382,0.54831061,0.71302331,0.41001176,7.82396322,7.87398211,1,1,101.65067345,1
4540,0.48252852,0.56044426,0.55981878,0.6998645,0.39369088,7.64581213,7.68329426,1,1,1584.44762464,1
4541,0.49506138,0.55055414,0.53442185,0.68137442,0.41497075,7.74555787,7.7756616,1,1,223.52651826,1
4542,0.48841932,0.54313646,0.53071563,0.64885996,0.43663997,7.54128541,7.58505288,1,1,102.68168265,1
4543,0.48838001,0.54330523,0.53066281,0.60624998,0.4184727,7.74316939,7.77655767,1,1,104.84763445,1
4544,0.49719187,0.60665697,0.55010413,0.61486344,0.44007746,7.74707068,7.76260883,1,1,100.16401981,1
4545,0.49910783,0.58065817,0.52365133,0.65228201,0.42997828,7.75833336,7.81236786,1,1,435.91404477,1
4546,0.50427563,0.59141619,0.54393899,0.61644358,0.45129712,7.69986582,7.74952703,1,1,1112.09388872,1
4547,0.53151988,0.57481982,0.5365061,0.64152552,0.45787601,7.92019996,7.97452058,1,1,234.42575983,1
4548,0.53149799,0.57491012,0.53655102,0.67860424,0.44068961,7.65643954,7.71608087,1,1,1583.72512249,1
4549,0.51516296,0.55150821,0.55541631,0.64564725,0.4611001,7.59800423,7.6162626,1,1,1246.07185543,1
4550,0.51311511,0.5578154,0.54135005,0.66527306,0.4497111,7.73186323,7.79190227,1,1,100.77872673,1
4551,0.51839445,0.55567892,0.55933383,0.62513943,0.46831255,7.85103766,7.88473607,1,1,1584.89270015,1
4552,0.51251656,0.53903644,0.54327181,0.58384254,0.48137334,7.56237629,7.58870799,1,1,1584.89280538,1
4553,0.50683671,0.53442101,0.5415435,0.61583348,0.50155116,7.70620115,7.7536038,1,1,252.67284485,1
4554,0.51223788,0.54669787,0.53945179,0.57367292,0.48245505,7.76485877,7.80183652,1,1,100.00000093,1
4555,0.51235717,0.54628483,0.53947173,0.61211392,0.50227197,7.76892897,7.83475922,1,1,479.74653116,1
4556,0.50353933,0.53570988,0.56623566,0.5876471,0.48257343,7.50478773,7.50838485,1,1,100.00012858,1
4557,0.49755409,0.52365058,0.56487328,0.5468031,0.50012365,7.79232681,7.86124221,1,1,126.16415881,1
4558,0.4952074,0.53988564,0.55271331,0.5853366,0.48454538,7.80885477,7.81115983,1,1,1583.53293453,1
4559,0.49887703,0.53742934,0.5352513,0.60372053,0.50458873,7.8476956,7.85209891,1,1,106.82837726,1
4560,0.49333802,0.5275701,0.54661756,0.57117438,0.52444849,7.5988087,7.60557634,1,1,100.36154651,1
4561,0.49336627,0.52807969,0.54661115,0.57831766,0.54382236,7.80971865,7.87790553,1,1,260.90356556,1
4562,0.54241874,0.60569072,0.54482714,0.55169277,0.55647054,7.70637183,7.72755687,1,1,100.00005138,1
4563,0.54512678,0.61296071,0.54521939,0.5904791,0.53557911,7.88248031,7.94745891,1,1,1584.79528291,1
4564,0.56111248,0.61140376,0.53980715,0.62549377,0.53747818,7.64136889,7.69209957,1,1,1541.77339526,1
4565,0.56377118,0.60314427,0.5103527,0.60732117,0.55268481,7.6295244,7.6434058,1,1,101.28777027,1
4566,0.56393952,0.60336185,0.51050706,0.62093331,0.54988449,7.76728526,7.83607355,1,1,100.72556259,1
4567,0.55016188,0.58380166,0.52709612,0.57864956,0.56758099,7.48993035,7.53335285,1,1,1574.83251284,1
4568,0.54855929,0.57932488,0.53392529,0.61176842,0.55007135,7.89467983,7.91032696,1,1,101.11056916,1
4569,0.51934414,0.5569454,0.52249276,0.59126334,0.53220186,7.70514612,7.78196888,1,1,1278.42250141,1
4570,0.51525066,0.57567022,0.5318748,0.57069487,0.53592541,7.82611628,7.87228147,1,1,1577.43546337,1
4571,0.51517623,0.56463674,0.53903382,0.52947448,0.51541482,7.74274673,7.77098739,1,1,1545.08352264,1
4572,0.50672915,0.56660044,0.51939655,0.49209425,0.53484918,7.87819054,7.87966177,1,1,1428.44591668,1
4573,0.50665654,0.56141011,0.52889273,0.52848179,0.55137202,7.49066175,7.51002633,1,1,100.71796,1
4574,0.50670541,0.56148705,0.52890223,0.5556767,0.53178909,7.60299405,7.61147961,1,1,1582.25246272,1
4575,0.45546132,0.58443001,0.52972071,0.51640797,0.54623991,7.70468059,7.75288095,1,1,1060.28339892,1
4576,0.45814623,0.57126459,0.55358347,0.48875087,0.53838331,7.60008713,7.65925876,1,1,101.92832348,1
4577,0.48599988,0.54716398,0.52417787,0.5266832,0.54489979,7.82406844,7.88629892,1,1,1584.81166037,1
4578,0.48419472,0.54451627,0.52288117,0.50164897,0.53369891,7.62775394,7.70235851,1,1,1572.65699637,1
4579,0.49807906,0.55347313,0.51698658,0.46768379,0.51487435,7.49563056,7.5179146,1,1,101.09347377,1
4580,0.49800693,0.554044,0.51696585,0.48276691,0.51564999,7.68094894,7.73765472,1,1,115.72837638,1
4581,0.46651059,0.56010103,0.52074512,0.5202558,0.505402,7.62782648,7.65782586,1,1,1584.71722341,1
4582,0.47846196,0.56493057,0.51940562,0.5545159,0.48530634,7.71992599,7.74634117,1,1,1283.91121218,1
4583,0.47104055,0.54500332,0.51814916,0.59123703,0.50558886,7.63207452,7.6475536,1,1,1584.16585943,1
4584,0.48167943,0.53287414,0.51691445,0.61902676,0.49857026,7.61165498,7.63093443,1,1,1584.84142292,1
4585,0.48166312,0.53279398,0.51687016,0.65652317,0.47873336,7.70507655,7.72091863,1,1,1359.43579638,1
4586,0.47383247,0.56662881,0.52099181,0.63236056,0.46008369,7.59638954,7.63641791,1,1,103.76020734,1
4587,0.46870033,0.57296829,0.52740012,0.59046747,0.48086962,7.73937323,7.78048242,1,1,100.0003187,1
4588,0.4948269,0.54708932,0.5282485,0.6285687,0.46267252,7.85680993,7.89501911,1,1,261.34148259,1
4589,0.47939589,0.53512696,0.5178812,0.58825445,0.44707547,7.6978552,7.72112337,1,1,100.46419194,1
4590,0.50867965,0.54090656,0.52698723,0.54673556,0.42814902,7.70645701,7.73309673,1,1,105.45863276,1
4591,0.50868784,0.54117421,0.52682475,0.58166676,0.44286569,7.5966484,7.62235908,1,1,100.10154716,1
4592,0.47278804,0.50793137,0.54852459,0.54560681,0.43632706,7.65681539,7.72528879,1,1,159.06999172,1
4593,0.49061066,0.49947514,0.54110877,0.57532351,0.44642733,7.58867595,7.60177266,1,1,100.04184583,1
4594,0.48739567,0.52346033,0.51890349,0.55785781,0.46700669,7.52302431,7.54065254,1,1,659.38613439,1
4595,0.47857419,0.52091382,0.52990168,0.57711515,0.4545771,7.74661386,7.78199548,1,1,102.32174596,1
4596,0.47869268,0.52055542,0.52983207,0.61413323,0.45836241,7.56998576,7.61679905,1,1,1582.40988861,1
4597,0.46510382,0.56353014,0.54237724,0.57411015,0.47888701,7.59736342,7.61716246,1,1,100.01221721,1
4598,0.48980669,0.55667608,0.5423688,0.59732187,0.49927433,7.48084102,7.49278767,1,1,1411.3324394,1
4599,0.47886944,0.54902387,0.53225156,0.5580433,0.49824216,7.87271382,7.92263806,1,1,1581.07797196,1
4600,0.48589571,0.54213885,0.52244137,0.58597931,0.51424482,7.50748285,7.52991891,1,1,100.0001193,1
4601,0.49294248,0.51635966,0.52825218,0.56352949,0.502806,7.62146714,7.65762743,1,1,1555.10973821,1
4602,0.49286004,0.516502,0.52819951,0.60183111,0.51500256,7.7078165,7.78367008,1,1,100.11384086,1
4603,0.49151415,0.58232056,0.55108711,0.63965686,0.51468196,7.5122078,7.58167691,1,1,129.36475721,1
4604,0.48392188,0.56176151,0.52008962,0.59780781,0.52127392,7.66230459,7.72822896,1,1,1583.66101505,1
4605,0.49322744,0.55551861,0.52154654,0.55599896,0.51322363,7.53516526,7.60338893,1,1,100.31216377,1
4606,0.5224775,0.55064823,0.53195483,0.56509258,0.53289989,7.75941561,7.82595995,1,1,100.07575031,1
4607,0.52237216,0.55051351,0.53213713,0.59441461,0.51411857,7.76476398,7.83528743,1,1,102.04426777,1
4608,0.49304356,0.52945182,0.53137041,0.57936195,0.49972006,7.74327318,7.7464039,1,1,109.03234466,1
4609,0.50595327,0.53389236,0.55315165,0.60616737,0.51580876,7.67942384,7.70720442,1,1,351.35921,1
4610,0.50203138,0.51513944,0.54630491,0.64284733,0.53151382,7.70661712,7.75056423,1,1,100.89275737,1
4611,0.48302032,0.52403526,0.55061652,0.66526229,0.52266746,7.71491523,7.77906822,1,1,100.01048282,1
4612,0.4980883,0.53348496,0.52670316,0.70179255,0.50348216,7.30189462,7.35554013,1,1,100.50413383,1
4613,0.49817885,0.53359727,0.5267614,0.69777678,0.48544165,7.59551696,7.61210414,1,1,100.00030688,1
4614,0.47039598,0.5528637,0.54619655,0.6562545,0.4658935,7.68611485,7.70985258,1,1,744.19032083,1
4615,0.48784982,0.55250843,0.55572444,0.6218249,0.45816036,7.70154062,7.7413507,1,1,100.00177503,1
4616,0.47755034,0.53249571,0.55272635,0.65771277,0.43923471,7.52462684,7.56613951,1,1,229.40130306,1
4617,0.47986886,0.52572929,0.5447443,0.61495656,0.42179848,7.8717101,7.87855978,1,1,101.04458662,1
4618,0.48946919,0.52275525,0.52340505,0.57397805,0.44325344,7.53969498,7.5953564,1,1,212.79401937,1
4619,0.48953026,0.5231791,0.52334902,0.53324479,0.46219897,8.01094228,8.01599955,1,1,354.22842696,1
4620,0.51496271,0.5976595,0.54327341,0.52668803,0.4455992,7.57770866,7.64563001,1,1,100.00004166,1
4621,0.52670818,0.5849369,0.51787367,0.50073177,0.42745064,7.83623514,7.86718099,1,1,428.77134669,1
4622,0.53641002,0.58678115,0.53744035,0.47538952,0.43018324,7.60664305,7.66821375,1,1,100.33680648,1
4623,0.53028345,0.58434205,0.51234428,0.51160058,0.44966901,7.62060633,7.63823927,1,1,100.42424844,1
4624,0.53038617,0.58486069,0.51238676,0.5512597,0.44886736,7.41043082,7.46585105,1,1,102.22466007,1
4625,0.48377887,0.56562159,0.51365413,0.59020468,0.46988275,7.36498397,7.43165621,1,1,573.05167804,1
4626,0.49577953,0.5653528,0.52302252,0.61313352,0.45784748,7.72004679,7.76099245,1,1,370.09870823,1
4627,0.48839119,0.54111994,0.53776298,0.60549807,0.43895291,7.65740055,7.71184252,1,1,1571.14019592,1
4628,0.47896405,0.53275406,0.52539161,0.63846569,0.42568014,7.81479309,7.83965083,1,1,192.10659989,1
4629,0.48774769,0.54771773,0.53677636,0.60043902,0.40965827,7.92010971,7.97968249,1,1,108.00655423,1
4630,0.48896869,0.53899933,0.51222598,0.60064694,0.39795603,7.62763311,7.64723505,1,1,1579.03037159,1
4631,0.48876995,0.53870683,0.51202786,0.56014561,0.41986704,7.76646384,7.8055876,1,1,144.50482883,1
4632,0.48084842,0.5764941,0.52203768,0.57319108,0.43958067,7.38593163,7.40392746,1,1,137.43438249,1
4633,0.49644676,0.59008503,0.5357419,0.53921954,0.45904373,7.84718984,7.88343069,1,1,1558.92059267,1
4634,0.49342837,0.55890855,0.53237891,0.50883715,0.47973767,7.64676375,7.68738574,1,1,100.07222201,1
4635,0.51588394,0.55756582,0.51707729,0.54194097,0.46036661,7.83937366,7.86416218,1,1,100.00099692,1
4636,0.5161058,0.55207367,0.53615624,0.50117684,0.48108136,7.66911772,7.71644389,1,1,1303.8134856,1
4637,0.51626208,0.55128837,0.53625676,0.46116001,0.46228189,7.9054069,7.96192651,1,1,631.11518015,1
4638,0.4982226,0.5545628,0.53809974,0.42217322,0.47960049,7.59270352,7.62768707,1,1,676.3252822,1
4639,0.51115779,0.54200344,0.53859656,0.3837962,0.49991321,7.60920317,7.6290799,1,1,126.29600953,1
4640,0.50387255,0.52019608,0.55286228,0.34639191,0.5019526,7.5625086,7.57768754,1,1,109.80914945,1
4641,0.50735364,0.53119282,0.55548377,0.38168975,0.5219106,7.79990993,7.8440883,1,1,102.0467295,1
4642,0.49270654,0.53426182,0.53790462,0.34745679,0.50308518,7.91349763,7.98463997,1,1,1383.9807765,1
4643,0.49264237,0.53444761,0.53789622,0.36160322,0.52293395,7.61379858,7.67849104,1,1,100.05717718,1
4644,0.45350118,0.56039978,0.55947529,0.40420788,0.54208555,7.99593915,8.02376278,1,1,1584.86279858,1
4645,0.46051446,0.53968781,0.54741198,0.36612775,0.5609369,7.63713057,7.6842495,1,1,1584.83784095,1
4646,0.48125132,0.52996473,0.56103291,0.33547637,0.53973791,7.33954449,7.39437536,1,1,101.44419693,1
4647,0.48379802,0.52292863,0.54443123,0.29918358,0.5207964,7.57557586,7.60059715,1,1,1221.22916943,1
4648,0.49044551,0.51182145,0.55374859,0.26320934,0.51896623,7.71204652,7.78396632,1,1,122.61350477,1
4649,0.4902856,0.51146504,0.55379744,0.2318723,0.51399872,7.83653921,7.86909937,1,1,1584.30901103,1
4650,0.47334851,0.55827824,0.57005866,0.21769001,0.531722,7.64681116,7.65964757,1,1,379.31169848,1
4651,0.47957721,0.55215651,0.55266074,0.33369418,0.49572892,7.48468838,7.54999691,1,1,1584.89182969,0
4652,0.47395574,0.52259561,0.56647919,0.45296133,0.5405767,7.6899292,7.70467589,1,1,552.44510555,0
4653,0.50314094,0.52257002,0.52948191,0.33415017,0.4815775,7.74400047,7.76552415,1,1,111.82083726,0
4654,0.50572292,0.52140679,0.54955908,0.45709272,0.49783169,7.57706685,7.6094943,1,1,100.01663193,0
4655,0.50558414,0.52135495,0.54947059,0.55649739,0.55715199,7.64438142,7.6520869,1,1,693.46744287,0
4656,0.46229369,0.46441722,0.51291976,0.45442819,0.50496039,7.65257655,7.68400632,1,1,1568.19008377,0
4657,0.45932874,0.40702493,0.43878227,0.4085621,0.56396802,7.53529085,7.57950138,1,1,788.07698147,0
4658,0.41877843,0.32212187,0.35229429,0.48929506,0.61272611,7.50973677,7.56259818,1,1,440.67857149,0
4659,0.40888739,0.24609068,0.30300315,0.60817631,0.55305026,7.6543418,7.7248118,1,1,1584.86790219,0
4660,0.40148266,0.21665281,0.2613045,0.60753715,0.49089624,7.69277006,7.72933001,1,1,188.91133091,0
4661,0.40134273,0.21745638,0.26126713,0.72273857,0.54853825,7.78490947,7.80854094,1,1,276.25552135,0
4662,0.48995457,0.31308378,0.33279931,0.67435712,0.55162284,7.83721488,7.86461282,1,1,1233.14918049,0
4663,0.50891211,0.37400825,0.37131424,0.6142135,0.52351885,7.62858331,7.66888644,1,1,1367.43669065,0
4664,0.54903441,0.46650418,0.44994922,0.71985377,0.47098306,7.71853508,7.77326928,1,1,100.00028161,0
4665,0.56630063,0.52929878,0.54072397,0.60591411,0.45319645,7.43864713,7.49847954,1,1,1584.77402868,0
4666,0.58818832,0.60451972,0.59361396,0.48452801,0.49879359,7.80328723,7.84141649,1,1,103.10367411,0
4667,0.59187062,0.64573978,0.61533336,0.3652407,0.44500163,7.64762743,7.70587863,1,1,1306.10761017,0
4668,0.59192563,0.64612899,0.61535475,0.43183528,0.43696475,7.80152106,7.84730444,1,1,126.79617721,0
4669,0.52660495,0.55603561,0.59136842,0.35596838,0.45036593,7.76357439,7.766691,1,1,115.62764566,0
4670,0.47318128,0.52326638,0.53023945,0.46965452,0.3933137,7.63320003,7.68185748,1,1,100.00007221,0
4671,0.41676838,0.44139766,0.45834069,0.35174443,0.34141813,7.68186781,7.72590645,1,1,112.36615136,0
4672,0.37877428,0.39621655,0.41298648,0.24044464,0.28439183,7.91380242,7.97758796,1,1,1550.0928287,0
4673,0.35878536,0.35255376,0.37246303,0.28395089,0.30216476,7.61008554,7.681948,1,1,305.72348798,1
4674,0.358678,0.35286941,0.3725194,0.25062625,0.32022219,7.680357,7.73243076,1,1,1580.49031667,1
4675,0.39507416,0.4090088,0.39391452,0.29492287,0.33344278,7.63419783,7.70759408,1,1,1584.86829294,1
4676,0.39654446,0.41775207,0.39251034,0.33060878,0.34808548,7.77262816,7.81406602,1,1,121.22670611,1
4677,0.42149769,0.40872547,0.38974546,0.29641776,0.33850687,7.59062209,7.64710889,1,1,101.46724098,1
4678,0.42580952,0.41856197,0.38904828,0.26375325,0.36151422,7.83696954,7.89078601,1,1,1495.20617723,1
4679,0.43665313,0.40850538,0.38529887,0.30835012,0.35043154,7.54256065,7.55704383,1,1,125.21536468,1
4680,0.45519459,0.42458676,0.39988474,0.35194703,0.36639736,7.80112786,7.84425371,1,1,365.65532944,1
4681,0.45581509,0.43450615,0.39790933,0.31499957,0.38372529,7.99372612,8.06250039,1,1,543.34352911,1
4682,0.44551922,0.4247368,0.38973062,0.35869949,0.40337246,7.77361145,7.82856899,1,1,101.4407946,1
4683,0.44533384,0.42435029,0.38977875,0.40151389,0.39819373,7.62964854,7.64967052,1,1,1577.5655881,1
4684,0.49434238,0.48835218,0.41309185,0.44301564,0.41348821,7.89080035,7.93800384,1,1,100.16740227,1
4685,0.49758117,0.46681205,0.40946799,0.4787921,0.40257986,7.8385737,7.90700685,1,1,273.03891703,1
4686,0.51157624,0.47112288,0.40652202,0.51887925,0.38748701,7.67431256,7.73278528,1,1,100.08637773,1
4687,0.51383905,0.47978199,0.42923567,0.4830622,0.38811038,7.68444088,7.72600456,1,1,1584.39246377,1
4688,0.52435589,0.48966096,0.41389816,0.46969185,0.37133949,7.71199174,7.72931084,1,1,100.12903693,1
4689,0.50357844,0.47231544,0.42774357,0.51013904,0.39390491,7.78768443,7.83341645,1,1,981.45239713,1
4690,0.50362733,0.47268341,0.42780544,0.46993873,0.40655401,7.66030745,7.73141094,1,1,708.30551222,1
4691,0.55386012,0.47347414,0.45697191,0.43182309,0.41451447,7.6390327,7.6427267,1,1,100.27029668,1
4692,0.55439088,0.46669056,0.46626145,0.47268539,0.4361299,7.59979164,7.67380905,1,1,1584.32400683,1
4693,0.55151455,0.49669934,0.46385412,0.48966229,0.42001415,7.47036076,7.48491887,1,1,100.00000003,1
4694,0.54323942,0.49927142,0.46984161,0.48507984,0.43978037,7.82896013,7.86321928,1,1,100.02479943,1
4695,0.53807025,0.51429325,0.48320792,0.44588634,0.43263011,7.56004085,7.59587071,1,1,1584.85155761,1
4696,0.53811727,0.51400472,0.48303841,0.48696664,0.4535259,7.50747669,7.50842913,1,1,100.0013461,1
4697,0.54517241,0.46872138,0.48914592,0.52716598,0.43487127,7.74090601,7.7782606,1,1,1561.4885153,1
4698,0.51908026,0.48281131,0.49918026,0.4871023,0.41626413,7.81325423,7.88143468,1,1,1162.67759685,1
4699,0.52946963,0.4752959,0.50564676,0.47337194,0.43642167,7.6893788,7.74651684,1,1,100.12307908,1
4700,0.50414354,0.47814515,0.51397996,0.45078662,0.41984341,7.71234886,7.7603945,1,1,100.00004659,1
4701,0.50585368,0.50072888,0.49531019,0.49174697,0.42840109,7.8468319,7.92226947,1,1,107.87576291,1
4702,0.50601717,0.50085049,0.49531261,0.46756705,0.41313587,7.60817288,7.61789521,1,1,100.00716933,1
4703,0.48864108,0.44846068,0.50498537,0.50780211,0.39557971,7.62425536,7.65077442,1,1,132.29448001,1
4704,0.47985129,0.45109752,0.50544545,0.47764498,0.41574731,7.7490263,7.751042,1,1,471.50081229,1
4705,0.48738194,0.44928314,0.50495349,0.46888072,0.43697328,7.65994748,7.67861744,1,1,1501.04578885,1
4706,0.47904548,0.46028489,0.52843402,0.429612,0.42616616,7.92080298,7.94573414,1,1,104.38700654,1
4707,0.47904242,0.45994303,0.52839037,0.39246525,0.4079667,7.82244765,7.89473988,1,1,100.14448187,1
4708,0.51732703,0.51828405,0.53328447,0.35462213,0.42588244,7.6920244,7.73984099,1,1,117.59537954,1
4709,0.5374094,0.51982753,0.52379615,0.31882901,0.40857896,7.78041876,7.8150704,1,1,102.98297893,1
4710,0.53950692,0.51987534,0.54300348,0.28296746,0.39883945,7.71638218,7.78827844,1,1,129.70959874,1
4711,0.54744006,0.52537442,0.54655187,0.24852146,0.42072829,7.56221293,7.5961443,1,1,1584.88065963,1
4712,0.55613244,0.51779957,0.5422492,0.23260776,0.42351643,7.81011614,7.87751839,1,1,1584.79654806,1
4713,0.55614542,0.51758302,0.54226598,0.21094474,0.44024407,7.77567448,7.83526707,1,1,450.99125763,1
4714,0.54726026,0.48173088,0.54977985,0.17678341,0.45186253,7.75082691,7.76119715,1,1,1541.05215468,1
4715,0.52976632,0.49349504,0.56470267,0.20854328,0.45031331,7.70143781,7.7102193,1,1,959.89391459,1
4716,0.54838362,0.47648818,0.56748735,0.25412142,0.44668544,7.76333954,7.82449278,1,1,572.6709847,1
4717,0.53683464,0.50087622,0.56578572,0.26668204,0.45988517,7.50853546,7.56011009,1,1,1497.9061984,1
4718,0.53471726,0.50582153,0.53398977,0.23680899,0.48068083,7.84942838,7.89972171,1,1,1581.28675611,1
4719,0.53484339,0.50578271,0.53415726,0.20576062,0.50090423,7.67868099,7.6934136,1,1,1584.75407605,1
4720,0.56104474,0.46481174,0.54577156,0.23137724,0.491539,7.64287404,7.69964641,1,1,100.39216785,1
4721,0.55119231,0.4732735,0.54402924,0.24202403,0.49639804,7.90352993,7.96458927,1,1,100.19398542,1
4722,0.52311499,0.48434204,0.55005471,0.20999712,0.51227591,7.70955022,7.74376635,1,1,101.83525454,1
4723,0.53741362,0.50029673,0.53089727,0.22773462,0.49301483,7.64694607,7.69191488,1,1,103.43178794,1
4724,0.50570822,0.49091686,0.54676404,0.23556539,0.51210119,7.80956321,7.82439663,1,1,102.61261446,1
4725,0.50575075,0.49071256,0.54670293,0.24664229,0.53097127,7.7045001,7.74932257,1,1,1577.95316295,1
4726,0.54242217,0.49351821,0.56505837,0.21178051,0.51244235,7.77679609,7.81712042,1,1,109.60799685,1
4727,0.52953424,0.49756735,0.53373708,0.17845019,0.53214932,7.52593719,7.52864836,1,1,134.81883315,1
4728,0.53416259,0.5211242,0.53784564,0.14490224,0.52846717,7.87190404,7.88931445,1,1,1582.29195412,1
4729,0.51818541,0.50842909,0.53068088,0.13790084,0.50873147,7.58028343,7.61840089,1,1,145.61211373,1
4730,0.53108549,0.51629356,0.51299654,0.15047176,0.52570796,7.59677086,7.64209741,1,1,485.32074248,1
4731,0.5311151,0.51605212,0.51308457,0.14028337,0.51746915,7.72261653,7.74260462,1,1,1584.81187159,1
4732,0.51144719,0.47043571,0.53191859,0.18604835,0.53668035,7.54549964,7.59175732,1,1,1244.35341092,1
4733,0.4996934,0.47842075,0.51991671,0.15610538,0.51603766,7.60199697,7.6595632,1,1,100.00709642,1
4734,0.51761465,0.45863234,0.52871599,0.12461219,0.49618243,7.73629165,7.80627565,1,1,1568.63958324,1
4735,0.50743714,0.46978485,0.53525284,0.15898859,0.51127463,7.81238891,7.87123896,1,1,447.65853954,1
4736,0.49458535,0.47331777,0.53314753,0.18812517,0.52398172,7.79069812,7.8259411,1,1,108.43875297,1
4737,0.494624,0.47326477,0.5331358,0.20129002,0.53898618,7.46403657,7.53745923,1,1,1110.21845758,1
4738,0.54396339,0.48975612,0.54394075,0.16847927,0.54952071,7.59314539,7.61908199,1,1,100.00000122,1
4739,0.54222133,0.5142678,0.53555939,0.14591074,0.56848518,7.62336284,7.67340389,1,1,1070.62789344,1
4740,0.55838323,0.52595529,0.54134645,0.1717804,0.58665505,7.78912024,7.79754305,1,1,100.00001086,1
4741,0.55119426,0.51328732,0.5216412,0.15262594,0.60432136,7.76915665,7.8304844,1,1,1583.85250401,1
4742,0.5284871,0.52031741,0.5240795,0.19931298,0.62142027,7.68374513,7.6882649,1,1,994.10100135,1
4743,0.52847638,0.51956283,0.52392922,0.24055275,0.6382456,7.43916622,7.47291563,1,1,100.11953751,1
4744,0.52887168,0.47595002,0.52845624,0.28559091,0.62387236,7.44567977,7.51443009,1,1,100.01551919,1
4745,0.52404937,0.49260838,0.53260729,0.25794835,0.64124294,7.83005039,7.83076617,1,1,130.10741571,1
4746,0.50403729,0.4882478,0.51932461,0.2347506,0.61958147,7.76893318,7.79837973,1,1,1575.54779828,1
4747,0.5102301,0.50620323,0.53652985,0.28004861,0.60689982,7.78302797,7.84133478,1,1,100.01559818,1
4748,0.50890254,0.48807911,0.54532804,0.24750034,0.58496778,7.75035476,7.77263289,1,1,100.33848741,1
4749,0.50888326,0.48823884,0.54529112,0.25160814,0.57271021,7.73470291,7.79783816,1,1,950.96024834,1
4750,0.5124711,0.45116332,0.56484052,0.24169258,0.57149373,7.77758834,7.80447577,1,1,100.00069991,1
4751,0.51790239,0.43972026,0.53872159,0.21419469,0.58788059,7.90985668,7.95348048,1,1,101.18563496,1
4752,0.50082994,0.46766299,0.51856299,0.25886381,0.56672482,7.69799679,7.77092276,1,1,100.85186621,1
4753,0.49015909,0.4665683,0.53371919,0.30285217,0.58523809,7.63625594,7.70857514,1,1,1371.81814857,1
4754,0.49015946,0.46628388,0.53373016,0.26729373,0.58128432,7.64686291,7.6685028,1,1,100.0025346,1
4755,0.53278911,0.52093299,0.5590659,0.24625298,0.58825832,7.57128169,7.60649697,1,1,102.66736961,1
4756,0.54367986,0.5252365,0.52700153,0.22199629,0.56673042,7.91502143,7.96540136,1,1,102.41219243,1
4757,0.55334912,0.52830642,0.54865073,0.2123852,0.56430969,7.61280883,7.67768409,1,1,100.00022031,1
4758,0.53490832,0.50792673,0.54719279,0.2579618,0.55597359,7.5329747,7.56482219,1,1,1584.02182607,1
4759,0.54410613,0.53780901,0.54527672,0.23486058,0.57482426,7.79113185,7.83774436,1,1,100.08325827,1
4760,0.54410353,0.53800037,0.54521864,0.25776938,0.5899424,7.75950541,7.78214101,1,1,100.32248047,1
4761,0.51215503,0.47614948,0.56032681,0.23991865,0.59419501,7.51513069,7.55191707,1,1,100.00536421,1
4762,0.50378509,0.47044524,0.57233011,0.28463233,0.578764,7.51703155,7.57027446,1,1,101.45713699,1
4763,0.50696917,0.47348715,0.56812846,0.32887094,0.5577137,7.50933207,7.50958659,1,1,1324.03786593,1
4764,0.51034792,0.47846551,0.55347058,0.29246399,0.57066676,7.8875252,7.91046448,1,1,482.95387837,1
4765,0.51249972,0.48284578,0.56417967,0.2636621,0.55129579,7.80400021,7.80617469,1,1,276.01812613,1
4766,0.51254766,0.48217224,0.56402866,0.28217224,0.54386444,7.54904021,7.58321813,1,1,1145.9548261,1
4767,0.55574613,0.47352207,0.57586423,0.3086542,0.52309607,7.45708069,7.48211425,1,1,121.32917886,1
4768,0.5552496,0.47254451,0.58201014,0.28516451,0.50356234,7.53083854,7.58931599,1,1,1332.31346384,1
4769,0.5557303,0.47797074,0.56537357,0.3071388,0.51008905,7.7160391,7.75490335,1,1,494.79708335,1
4770,0.55843678,0.5031987,0.55766594,0.3509194,0.51104242,7.77752443,7.85263898,1,1,101.43473612,1
4771,0.54466533,0.51303343,0.56175913,0.34731514,0.49506204,7.76439711,7.82324696,1,1,604.61011583,1
4772,0.54461791,0.51240574,0.56174428,0.31149774,0.48508268,7.87401493,7.91816881,1,1,418.97131725,1
4773,0.57277044,0.4555076,0.5827071,0.29229872,0.47976791,7.5365955,7.55655722,1,1,1459.28580198,1
4774,0.54379259,0.46142287,0.58225379,0.25655374,0.48718514,7.58593884,7.58763613,1,1,100.00308973,1
4775,0.55089181,0.49101228,0.5597258,0.29605978,0.47027157,7.57340921,7.61452985,1,1,100.00000017,1
4776,0.53373413,0.47937589,0.55262196,0.33638811,0.4631961,7.43872574,7.50688997,1,1,961.96245498,1
4777,0.51850536,0.49203661,0.55157097,0.37727505,0.4825655,7.90679138,7.97860487,1,1,100.00396524,1
4778,0.5186902,0.49152613,0.55144717,0.41823447,0.46433632,7.80721061,7.8743566,1,1,1581.38057742,1
4779,0.5637008,0.47593158,0.56645361,0.38206765,0.44536631,7.50723904,7.56124358,1,1,100.303969,1
4780,0.54983696,0.48455975,0.57187466,0.42091468,0.4389139,7.79758776,7.82273699,1,1,1580.88072165,1
4781,0.56131902,0.5005075,0.56181483,0.38267098,0.42809438,7.7038207,7.77136726,1,1,1580.94081529,1
4782,0.53509114,0.51688755,0.54763533,0.34534333,0.41261962,7.62773306,7.66727241,1,1,111.06004728,1
4783,0.54824313,0.50736335,0.56110438,0.30850229,0.421874,7.71585437,7.78863414,1,1,1174.81025117,1
4784,0.54821435,0.50725401,0.56115209,0.27249526,0.40378413,7.6590865,7.66411017,1,1,1548.95244136,1
4785,0.54806733,0.44303877,0.58867166,0.25395332,0.38696314,7.87004515,7.91754944,1,1,101.02225141,1
4786,0.52542148,0.45066622,0.56009601,0.21956536,0.37514129,7.58940626,7.64243749,1,1,1583.36850779,1
4787,0.52014526,0.44983438,0.55262831,0.18668908,0.35780624,7.87322631,7.90336132,1,1,1486.43142326,1
4788,0.5194319,0.45504336,0.58091754,0.16108817,0.34199905,7.91582642,7.95930697,1,1,1584.7318452,1
4789,0.51824708,0.48529009,0.57956858,0.20774347,0.32520324,7.79428015,7.80224967,1,1,1545.34259016,1
4790,0.51820238,0.48549948,0.57947635,0.23967346,0.34554234,7.68458072,7.74360822,1,1,1584.22431205,1
4791,0.51688857,0.44907822,0.60290369,0.20494041,0.36565259,7.79966722,7.8731872,1,1,320.60806322,1
4792,0.50994315,0.45922663,0.57907775,0.17264222,0.38827022,7.58376866,7.64095662,1,1,102.10778838,1
4793,0.48880074,0.4699346,0.57148078,0.18524101,0.40433408,7.87895227,7.95344237,1,1,100.01255089,1
4794,0.50015065,0.47033164,0.54446811,0.22067583,0.42241142,7.79435041,7.79658857,1,1,100.00002317,1
4795,0.48555343,0.46349519,0.53009217,0.22024702,0.44391107,7.73981486,7.80762802,1,1,100.17217392,1
4796,0.48548654,0.46296478,0.53003247,0.18733892,0.42542462,7.6045497,7.62667599,1,1,1584.89313196,1
4797,0.52477666,0.49877637,0.53178339,0.22906557,0.44657788,7.55689108,7.59167998,1,1,1584.89317343,1
4798,0.5491092,0.4944652,0.52528054,0.27234844,0.43799593,7.7102961,7.7237171,1,1,149.91262166,1
4799,0.53709623,0.5231351,0.52809732,0.26607972,0.45078112,7.55517276,7.55787944,1,1,100.08003637,1
4800,0.5314786,0.50474593,0.54127069,0.24123911,0.47040919,7.78384315,7.82190399,1,1,1372.99609605,1
4801,0.55561906,0.50711607,0.52909753,0.22672865,0.47338896,7.60831202,7.63064097,1,1,100.00163471,1
4802,0.55572015,0.5071912,0.52927065,0.21795342,0.49391756,7.66174224,7.68618039,1,1,1543.1437965,1
4803,0.56475287,0.47320264,0.55658889,0.18433838,0.48684584,7.4651567,7.5165273,1,1,623.42701272,1
4804,0.53666692,0.47028492,0.53922817,0.151856,0.47477529,7.73841866,7.7922558,1,1,106.5741656,1
4805,0.54966111,0.483638,0.55172092,0.12258198,0.49526713,7.39539475,7.45812703,1,1,100.50025339,1
4806,0.53098058,0.48845533,0.53218777,0.16834014,0.48878171,7.6564712,7.68580218,1,1,1572.51058813,1
4807,0.51688507,0.4866263,0.55276416,0.13575939,0.49300875,7.79835607,7.81146707,1,1,100.00000035,1
4808,0.51676735,0.48674717,0.55279446,0.12367307,0.50967719,7.79969387,7.85901192,1,1,714.62007513,1
4809,0.5160207,0.42486568,0.56835834,0.10311493,0.51356853,7.67418893,7.72570659,1,1,1079.2474744,1
4810,0.52015879,0.45186557,0.5670956,0.11121425,0.51904244,7.69671248,7.70987194,1,1,1421.79238304,1
4811,0.52003434,0.44928268,0.55883812,0.08016126,0.5314672,7.88704913,7.905717,1,1,1584.73299531,1
4812,0.48921318,0.4537197,0.54698033,0.11435026,0.51443214,7.66845056,7.7178558,1,1,100.5641356,1
4813,0.48935203,0.45380296,0.54703061,0.08337485,0.53414202,7.67757142,7.73166846,1,1,1569.9002559,1
4814,0.54602994,0.49304545,0.54738445,0.05374506,0.55208213,7.70392673,7.7211873,1,1,670.53868331,1
4815,0.56120388,0.49057881,0.54187913,0.02292659,0.53466834,7.69852005,7.70406611,1,1,100.00785119,1
4816,0.55727728,0.49423009,0.55231471,0.06536286,0.55284713,7.55455093,7.5618922,1,1,300.92420244,1
4817,0.54987726,0.49520429,0.56302189,0.04040298,0.5713894,7.76500182,7.77056069,1,1,100.01145604,1
4818,0.53220633,0.5091008,0.54614014,0.05914133,0.55928154,7.92135602,7.98983252,1,1,1440.25024606,1
4819,0.53224468,0.50914187,0.54605607,0.02868247,0.57639944,7.7406032,7.81645654,1,1,100.01441997,1
4820,0.54018081,0.45610509,0.57388571,0,0.5822447,7.63369647,7.67217484,1,1,601.63827257,1
4821,0.54176234,0.46731801,0.55173984,0.02237739,0.56080226,7.63623581,7.65204831,1,1,100.96789011,1
4822,0.51437471,0.47417328,0.55371083,0.00094408,0.55707476,7.66091233,7.70933661,1,1,213.99453688,1
4823,0.51988275,0.47959456,0.5517713,0,0.57512695,7.83595044,7.91227079,1,1,100.05485004,1
4824,0.4966537,0.48977893,0.52999011,0.04857268,0.55465349,7.76248713,7.83716287,1,1,189.3701637,1
4825,0.49656172,0.48974178,0.5299804,0.07499908,0.5734521,7.65462606,7.67264487,1,1,1583.3589539,1
4826,0.56150441,0.52186706,0.53164087,0.11071763,0.58452542,7.82829123,7.84559704,1,1,1014.76149868,1
4827,0.57110043,0.54452253,0.52719932,0.07899374,0.59752391,7.54956977,7.58479565,1,1,100.45551167,1
4828,0.57594938,0.54241088,0.53574691,0.04758739,0.58679096,7.82001531,7.87088905,1,1,752.81017747,1
4829,0.56946046,0.55309821,0.52848055,0.0420071,0.57433346,7.67497693,7.67732651,1,1,1582.9190293,1
4830,0.5574638,0.53595567,0.54254725,0.08674609,0.55468168,7.56947223,7.63377701,1,1,1577.48381861,1
4831,0.55752498,0.53622845,0.54252898,0.06656416,0.57356967,7.666014,7.67046748,1,1,1584.83007913,1
4832,0.54058224,0.51155511,0.56442642,0.11282423,0.58271369,7.66807302,7.68590495,1,1,1487.92314645,1
4833,0.53299641,0.49780772,0.56179504,0.12800362,0.56544127,7.84302156,7.9078617,1,1,1584.87417723,1
4834,0.51506389,0.48863889,0.54374579,0.17492372,0.58182548,7.71333416,7.72594008,1,1,906.68453732,1
4835,0.50523812,0.49272851,0.54280097,0.14724866,0.60006085,7.73940015,7.75910425,1,1,1584.89316715,1
4836,0.50662155,0.51027218,0.54909758,0.18716096,0.58045291,7.79455159,7.83031098,1,1,1563.35996301,1
4837,0.5010589,0.48674667,0.53807512,0.20576773,0.55942902,7.74827008,7.77442655,1,1,100.00001501,1
4838,0.50089405,0.48672701,0.5380247,0.21018305,0.57529765,7.78335594,7.81163652,1,1,1575.94713811,1
4839,0.55760715,0.48882044,0.55005139,0.17638563,0.55408968,7.67740192,7.72772053,1,1,100.01760016,1
4840,0.55525717,0.50898164,0.55044837,0.22113429,0.53314813,7.82943979,7.87355857,1,1,171.43312443,1
4841,0.56447937,0.4997253,0.54805494,0.25732325,0.53270422,7.60353794,7.6696871,1,1,1584.89314505,1
4842,0.54479168,0.51623415,0.53219675,0.2372782,0.54349447,7.79491538,7.80035104,1,1,1584.80599986,1
4843,0.54474333,0.51591458,0.53202366,0.20883893,0.53733082,7.62217599,7.6507996,1,1,218.63801603,1
4844,0.57695428,0.4714313,0.53845274,0.17494603,0.51674149,7.69797239,7.73223543,1,1,100.00000128,1
4845,0.57720178,0.4906978,0.55404714,0.15225041,0.52245414,7.66344953,7.6682857,1,1,100.00000046,1
4846,0.53958598,0.50184115,0.53610446,0.16680264,0.50262385,7.56927353,7.59326267,1,1,1328.04815037,1
4847,0.53253768,0.49567947,0.53311229,0.15061609,0.48289996,7.62483502,7.6304949,1,1,1584.89303694,1
4848,0.54367084,0.49842528,0.55158326,0.16135241,0.49540466,7.7582504,7.76179776,1,1,106.41262223,1
4849,0.54374785,0.49808844,0.551462,0.18082734,0.47577147,7.94238494,7.98764827,1,1,1503.94417898,1
4850,0.5385428,0.43848916,0.56100496,0.22707697,0.45632337,7.54486417,7.56510869,1,1,100.00579752,1
4851,0.53543923,0.45357088,0.55717525,0.20398737,0.4372094,7.90334474,7.91091499,1,1,979.02927878,1
4852,0.52339202,0.46345519,0.56292823,0.23393562,0.41865653,7.67839778,7.70653573,1,1,232.19813911,1
4853,0.51214885,0.46899815,0.54841528,0.20212544,0.41048925,7.68994313,7.71572321,1,1,100.01910826,1
4854,0.51440188,0.46286431,0.56764404,0.16853556,0.42514575,7.60925887,7.66542155,1,1,1583.14095197,1
4855,0.51422522,0.46271625,0.56744388,0.18880542,0.4090495,7.63611533,7.67700504,1,1,1584.81716736,1
4856,0.58407529,0.42954427,0.56805098,0.22026127,0.4280735,7.48408126,7.53060223,1,1,1539.60821117,1
4857,0.55235322,0.43832794,0.5818045,0.18646545,0.41345496,7.70183279,7.75377723,1,1,100.08983421,1
4858,0.5379085,0.44797856,0.55667934,0.22296655,0.39518774,7.63187533,7.65338622,1,1,159.92946184,1
4859,0.52015868,0.46613695,0.57038572,0.20140444,0.41724331,7.52113425,7.56093052,1,1,1584.01247029,1
4860,0.52495051,0.46071655,0.55217156,0.21132768,0.42532385,7.669242,7.6984614,1,1,1196.36989909,1
4861,0.52490956,0.46057258,0.55208229,0.22188433,0.44550197,7.59193525,7.64471041,1,1,100.58289932,1
4862,0.57983535,0.43307066,0.56998451,0.21506881,0.42811273,7.78131847,7.8415387,1,1,1581.95095222,1
4863,0.5737389,0.44016363,0.56890537,0.18665497,0.44943724,7.8823393,7.88991593,1,1,365.70963056,1
4864,0.5616347,0.46993552,0.56854405,0.20107154,0.4528753,7.89109862,7.95142393,1,1,100.00003064,1
4865,0.54493068,0.48024197,0.57168638,0.24378046,0.45256588,7.51648367,7.5374387,1,1,146.84295167,1
4866,0.55383402,0.46859311,0.56766704,0.28378276,0.4694459,7.7078047,7.73193751,1,1,100.00011081,1
4867,0.55394571,0.46848133,0.56772062,0.24845102,0.49004956,7.62597902,7.66504439,1,1,1584.88690565,1
4868,0.58687625,0.44071108,0.56563681,0.29141432,0.47038182,7.77024185,7.82845132,1,1,100.00000031,1
4869,0.58942133,0.44521853,0.58501384,0.25613866,0.45985157,7.86897423,7.87232369,1,1,1584.89225789,1
4870,0.5525992,0.45615752,0.57396064,0.30082074,0.44107002,7.49937506,7.54822703,1,1,126.00373348,1
4871,0.53937952,0.45394597,0.56898713,0.27148744,0.42392822,7.77657957,7.80685993,1,1,100.01941905,1
4872,0.52944466,0.47158962,0.55634675,0.23607945,0.44451455,7.64881524,7.70656267,1,1,1143.21799874,1
4873,0.52649116,0.47750595,0.55506277,0.27293575,0.43776424,7.77459784,7.82970566,1,1,1573.54324276,1
4874,0.52655373,0.47748842,0.55499334,0.26765971,0.4202377,7.7840412,7.85089171,1,1,121.30453116,1
4875,0.56780821,0.46379108,0.58126291,0.29606601,0.44180585,7.640056,7.68968109,1,1,100.00361234,1
4876,0.55993909,0.45802448,0.57437571,0.33874277,0.45731521,7.8039483,7.8047517,1,1,100.22185325,1
4877,0.54628818,0.47302458,0.54495512,0.30275111,0.46839069,7.7501202,7.79816999,1,1,104.40060063,1
4878,0.53493475,0.49667117,0.57195459,0.27950267,0.45986358,7.54066851,7.58407495,1,1,100.00001294,1
4879,0.53082141,0.49811506,0.54768298,0.26914773,0.47328059,7.5615875,7.61177219,1,1,1395.42737643,1
4880,0.53085854,0.49835395,0.54759008,0.29920964,0.48772705,7.54984888,7.59387194,1,1,149.38368692,1
4881,0.53303041,0.47776109,0.57726887,0.26390178,0.50711477,7.70420003,7.71853754,1,1,100.30318856,1
4882,0.53468842,0.47342103,0.54322226,0.22907307,0.49077927,7.56247151,7.61155433,1,1,100.00494314,1
4883,0.50968564,0.47320518,0.53933974,0.26822733,0.5068232,7.65188001,7.69435795,1,1,103.25494617,1
4884,0.52102624,0.4689237,0.56409004,0.25736029,0.48668849,7.88275045,7.92566912,1,1,1538.19320594,1
4885,0.50259232,0.49674478,0.55795389,0.2224362,0.46949379,7.73741128,7.79815489,1,1,897.43569019,1
4886,0.50258088,0.49679882,0.55812503,0.26323724,0.46050432,7.89739129,7.94977006,1,1,167.0739255,1
4887,0.54988634,0.51259636,0.55781257,0.28365168,0.4462245,7.70917492,7.71117186,1,1,100.00276121,1
4888,0.53731561,0.50119775,0.55818768,0.25527146,0.46725522,7.60799024,7.62320354,1,1,1583.15980825,1
4889,0.53009961,0.51048372,0.53661985,0.22027815,0.44805959,7.67812376,7.75136763,1,1,124.14485854,1
4890,0.5245753,0.52350889,0.53570203,0.19398907,0.44201432,7.58530957,7.59969558,1,1,107.37677031,1
4891,0.52461844,0.52368683,0.53575531,0.24010114,0.42493421,7.71292455,7.78454549,1,1,100.00000064,1
4892,0.51830753,0.45216366,0.53685871,0.26567522,0.44077499,7.85537583,7.88162637,1,1,1584.84223433,1
4893,0.5303999,0.47633194,0.53627079,0.23081463,0.42420627,7.46202952,7.52081492,1,1,1584.46504618,1
4894,0.50310192,0.47239692,0.55013649,0.22799324,0.4196452,7.57238144,7.61515287,1,1,1584.41772051,1
4895,0.50583697,0.4731596,0.55302663,0.19350165,0.43586159,7.8316204,7.84801402,1,1,102.01685686,1
4896,0.49997205,0.49504477,0.52693033,0.16204173,0.43875802,7.76879914,7.84504284,1,1,1575.89942652,1
4897,0.49990551,0.49647948,0.52685078,0.20532291,0.42052226,7.54156759,7.61036019,1,1,156.97060855,1
4898,0.56427827,0.5222248,0.54192284,0.23321913,0.4097386,7.65789663,7.67462122,1,1,100.10231834,1
4899,0.55903849,0.53014543,0.52521908,0.24557431,0.39680036,7.686035,7.70015493,1,1,1581.59036229,1
4900,0.54200577,0.54837447,0.51233591,0.26542935,0.37896705,7.64470765,7.66904851,1,1,1354.68151707,1
4901,0.53164198,0.52612857,0.50813725,0.30278383,0.38567334,7.65620008,7.7289672,1,1,1410.61914791,1
4902,0.53137439,0.52589501,0.50823365,0.18884063,0.33177595,7.86720176,7.93853367,1,1,117.97759122,0
4903,0.45057373,0.45309719,0.51844235,0.09688,0.27845752,7.53140059,7.56184347,1,1,1584.84950857,0
4904,0.43638717,0.40414222,0.5019105,0.11184166,0.34624569,7.75620365,7.77522728,1,1,1584.50547082,0
4905,0.37531791,0.32602164,0.45746232,0.0410873,0.34062941,7.83293943,7.86196278,1,1,100.01848026,0
4906,0.35962816,0.26612321,0.4404164,0.16997902,0.29005186,7.67140572,7.68535855,1,1,1584.89304589,0
4907,0.32590653,0.22392029,0.44168415,0.13642964,0.35534485,7.64218152,7.71156187,1,1,1584.41121396,0
4908,0.32604332,0.2238247,0.44189775,0.25249229,0.42200125,7.55163411,7.62034177,1,1,100.0,0
4909,0.40834571,0.32602885,0.47061466,0.3627977,0.47754973,7.88027769,7.91902874,1,1,100.00001045,0
4910,0.44061237,0.36940111,0.48901851,0.24798871,0.53980217,7.46677173,7.50464061,1,1,1583.11869703,0
4911,0.49630892,0.45463846,0.49972025,0.37177308,0.56835667,7.72675578,7.77247842,1,1,1518.05806022,0
4912,0.55461543,0.54125483,0.53391584,0.48548651,0.56140622,7.73029155,7.79928533,1,1,1584.33246409,0
4913,0.60854553,0.61812031,0.54849066,0.56900613,0.50170759,7.74450677,7.76282569,1,1,1244.16710454,0
4914,0.61893953,0.70373531,0.56161215,0.5368242,0.44345601,7.52406526,7.57188544,1,1,100.00000168,0
4915,0.65372948,0.70957759,0.55646507,0.42877519,0.39599605,7.96660317,8.00745486,1,1,1584.89181952,0
4916,0.65371458,0.70988268,0.55638628,0.47657017,0.45546309,7.53259914,7.57885293,1,1,100.00017322,0
4917,0.59233004,0.63168817,0.55659859,0.5914172,0.45739218,7.56960713,7.64407063,1,1,1404.41349256,0
4918,0.55381137,0.57734428,0.55075462,0.47647029,0.43312236,7.73680136,7.76807925,1,1,1497.28682087,0
4919,0.47435179,0.52557096,0.51761716,0.41155019,0.37495237,7.75890503,7.81357431,1,1,484.97396574,0
4920,0.43830113,0.44103979,0.49785041,0.42013608,0.39747801,7.72976562,7.75342564,1,1,100.19363874,0
4921,0.3823327,0.38813652,0.48092104,0.37320727,0.33977445,7.69087509,7.69809866,1,1,100.00003141,0
4922,0.3761849,0.33992787,0.47195842,0.26032064,0.32500624,7.59224411,7.63924355,1,1,1584.89317845,0
4923,0.37628216,0.34038614,0.4720532,0.25002887,0.3836862,7.79650447,7.8567469,1,1,100.09729594,0
4924,0.45639442,0.43380682,0.49520218,0.37253874,0.36965575,7.51408648,7.54028605,1,1,254.96630185,0
4925,0.51316528,0.499616,0.50599843,0.41240495,0.3668814,8.09807957,8.10272029,1,1,100.28853835,1
4926,0.54802701,0.55215179,0.51824046,0.44933697,0.38943469,7.75929341,7.79861279,1,1,1439.67889283,1
4927,0.61542132,0.63563876,0.51981848,0.41094593,0.37457793,7.88304524,7.95382218,1,1,300.09799391,1
4928,0.62956302,0.71723819,0.55244014,0.41261213,0.36954368,7.78438281,7.81048762,1,1,1584.8926993,1
4929,0.67037105,0.71765423,0.56517469,0.41174146,0.36192927,7.57683987,7.61156708,1,1,100.28600272,1
4930,0.67045463,0.71757523,0.56510419,0.37375733,0.36804214,7.51450557,7.54430785,1,1,100.00003473,1
4931,0.66421575,0.69129426,0.58853038,0.38426776,0.36407608,7.54580374,7.5831867,1,1,1494.08821024,1
4932,0.63193042,0.69745641,0.57012816,0.37765538,0.35274758,7.70226983,7.72788966,1,1,1584.33657329,1
4933,0.63603585,0.68913807,0.57670676,0.34018447,0.37440151,7.67622895,7.73888282,1,1,124.87902236,1
4934,0.62298008,0.66017505,0.57590698,0.30435438,0.35700018,7.682768,7.71770995,1,1,100.94886602,1
4935,0.602193,0.67195647,0.57437286,0.34805967,0.34305566,7.7654465,7.79142158,1,1,1550.85747491,1
4936,0.59739694,0.65710213,0.57523839,0.34069672,0.34227785,7.59310688,7.63573833,1,1,1574.55890532,1
4937,0.58533636,0.64136652,0.58360014,0.30528221,0.34907694,7.46109511,7.4998472,1,1,104.73447501,1
4938,0.58384533,0.6616698,0.58526859,0.34492037,0.37060845,7.77434586,7.83493778,1,1,133.17166462,1
4939,0.57920476,0.6347464,0.56866155,0.37265873,0.35950588,7.69398504,7.72503485,1,1,101.03375364,1
4940,0.56794777,0.63761524,0.58577448,0.39037292,0.3791504,7.5682111,7.58691936,1,1,100.01765636,1
4941,0.56791212,0.63665911,0.58565132,0.36331471,0.40156646,7.68748047,7.76326158,1,1,100.02182677,1
4942,0.5345876,0.60128838,0.58480186,0.33252109,0.41788439,7.78914413,7.8406356,1,1,441.83702526,1
4943,0.54747158,0.61022624,0.58931125,0.29755189,0.40892778,7.79731231,7.83705264,1,1,100.01622848,1
4944,0.52494243,0.61554056,0.5955106,0.26790196,0.42307995,7.55904027,7.6245119,1,1,100.6464074,1
4945,0.51703115,0.60393673,0.60272411,0.25953056,0.42197259,7.61732138,7.66607914,1,1,100.04909883,1
4946,0.5353142,0.60514275,0.58576198,0.30230811,0.4055608,7.69420551,7.75586555,1,1,113.19590172,1
4947,0.52473178,0.58206262,0.58807727,0.33941951,0.38771797,7.81903664,7.8703645,1,1,1351.49365926,1
4948,0.52788268,0.60970274,0.57377961,0.32349448,0.37001155,7.6993593,7.74675296,1,1,1578.87674051,1
4949,0.52794983,0.60970419,0.57364886,0.28705619,0.39019214,7.68629857,7.73907514,1,1,1459.03743252,1
4950,0.49973292,0.5824952,0.58128965,0.25144835,0.3733854,7.7755638,7.78358589,1,1,104.37615693,1
4951,0.49331377,0.59761638,0.59019528,0.22519973,0.35840107,7.72924538,7.79527579,1,1,102.05525728,1
4952,0.50095917,0.57204504,0.59407154,0.26879277,0.35582448,7.85173511,7.86937151,1,1,100.50100845,1
4953,0.48425215,0.57388497,0.57510513,0.25371605,0.33924846,7.82314509,7.84844943,1,1,862.25968646,1
4954,0.5078407,0.59293396,0.56289554,0.29582422,0.3435895,7.60425683,7.62409878,1,1,100.06907298,1
4955,0.49326065,0.57225619,0.5739215,0.29031975,0.3289688,7.58822054,7.63912771,1,1,1584.87858833,1
4956,0.49334236,0.57199961,0.57410355,0.3328228,0.32894348,7.65967463,7.72197856,1,1,1454.23246309,1
4957,0.46457067,0.59699557,0.59010418,0.36227153,0.32907835,7.72058039,7.73914116,1,1,100.0000001,1
4958,0.47818038,0.59744179,0.56717606,0.35117889,0.35032343,7.42529813,7.42840952,1,1,100.13412692,1
4959,0.4839131,0.59226249,0.5611136,0.3259299,0.36362857,7.70758121,7.75170813,1,1,100.03670435,1
4960,0.47942391,0.55729353,0.58590298,0.28952505,0.36890417,7.68543199,7.72584834,1,1,101.01214713,1
4961,0.4879179,0.55977706,0.55863741,0.33293295,0.38714018,7.71193324,7.73586672,1,1,127.30464849,1
4962,0.4879111,0.55984131,0.55845133,0.29627628,0.40907736,7.80043577,7.87136968,1,1,1584.88739985,1
4963,0.46162923,0.57650809,0.57396654,0.277295,0.40571377,7.78815164,7.80079875,1,1,100.21992713,1
4964,0.45569508,0.59290794,0.55309904,0.28254229,0.42738887,7.78381748,7.78989799,1,1,416.16780961,1
4965,0.48559683,0.56820029,0.55915083,0.26148079,0.42548236,7.85072547,7.90143471,1,1,106.41483294,1
4966,0.48530663,0.55865018,0.56066185,0.23182053,0.42218159,7.70612058,7.76478373,1,1,100.0053863,1
4967,0.48833641,0.56700699,0.56713149,0.27270005,0.43981801,7.69420559,7.70769305,1,1,1584.79180792,1
4968,0.48845844,0.56701513,0.56708574,0.29963473,0.46100855,7.80502132,7.82598316,1,1,1584.80179175,1
4969,0.45112545,0.59394605,0.59349128,0.34111664,0.44261915,7.60215636,7.65750339,1,1,101.58989214,1
4970,0.47568432,0.56850809,0.5830752,0.3655495,0.46317662,7.74029105,7.78726751,1,1,487.91802432,1
4971,0.46615934,0.56423984,0.58215186,0.32827812,0.48143133,7.72743365,7.77423483,1,1,100.59729345,1
4972,0.48253744,0.56862374,0.56579651,0.3706142,0.49842244,7.78167313,7.83188638,1,1,101.36365134,1
4973,0.4723719,0.56182481,0.57116407,0.40060976,0.49846492,7.71361748,7.76342787,1,1,100.02968346,1
4974,0.472429,0.5617496,0.57118434,0.38214985,0.47896477,7.60325677,7.61480877,1,1,100.00000047,1
4975,0.42179367,0.61103794,0.5806798,0.37356494,0.48954682,7.670118,7.73241192,1,1,1575.8757914,1
4976,0.44189457,0.59486175,0.57016044,0.4109674,0.47760497,7.76072622,7.79546581,1,1,302.77752866,1
4977,0.45222738,0.57828978,0.58309052,0.45272062,0.49799005,7.80389792,7.81532533,1,1,121.04826504,1
4978,0.4692749,0.57304588,0.57320559,0.41372479,0.51317113,7.76478799,7.7778833,1,1,100.00003564,1
4979,0.47078637,0.56422602,0.5765086,0.45539499,0.51458783,7.52647574,7.55739876,1,1,1126.98271255,1
4980,0.48518932,0.57104611,0.59203908,0.49627061,0.53413371,7.71966721,7.78950483,1,1,102.63453807,1
4981,0.4850812,0.57156322,0.59205683,0.53366014,0.55295222,7.65540537,7.67663224,1,1,1581.56382317,1
4982,0.46560306,0.5861828,0.58928298,0.56420146,0.54158504,7.70921921,7.71454132,1,1,100.00547622,1
4983,0.45266377,0.59433976,0.62046042,0.59093789,0.55235927,7.65712183,7.6919729,1,1,100.00003178,1
4984,0.47410004,0.57895528,0.6119806,0.62440963,0.56599233,7.84549503,7.88211149,1,1,1582.86883601,1
4985,0.47889886,0.55910111,0.59170532,0.58314509,0.54563237,7.59601386,7.6663655,1,1,118.8495482,1
4986,0.47382781,0.57060496,0.58968663,0.59936661,0.56439178,7.95252552,8.01609958,1,1,1204.48646294,1
4987,0.47811324,0.54727429,0.57556186,0.56456667,0.58308103,7.5878194,7.59315967,1,1,100.00050923,1
4988,0.47814336,0.54756258,0.57554383,0.52379494,0.56144509,7.73281259,7.75702077,1,1,1562.0288637,1
4989,0.42892504,0.58833755,0.58644409,0.56282941,0.54092969,7.4716398,7.49265107,1,1,1584.61321385,1
4990,0.45352402,0.58048719,0.59753574,0.52164977,0.52147867,7.53977705,7.56866415,1,1,102.07835395,1
4991,0.47088503,0.55263843,0.58452493,0.56026806,0.54047593,7.62099265,7.68200979,1,1,100.00051197,1
4992,0.46204138,0.56976771,0.56725836,0.52914166,0.55597648,7.71291151,7.72869088,1,1,100.00204791,1
4993,0.47439098,0.53986608,0.57904824,0.51587797,0.54027201,7.5952654,7.65228796,1,1,1584.89318655,1
4994,0.47436708,0.53997733,0.57906681,0.51710537,0.52682969,7.78693394,7.83915453,1,1,100.00227616,1
4995,0.44005666,0.59905338,0.57999772,0.5566456,0.5278241,7.63491968,7.69036743,1,1,100.00868563,1
4996,0.45572229,0.56923225,0.58153811,0.57269406,0.50802562,7.6408733,7.66900186,1,1,118.65583656,1
4997,0.47839753,0.56961845,0.59122052,0.53143102,0.49479185,7.71471258,7.75526216,1,1,1323.60943524,1
4998,0.47044309,0.57717201,0.58115548,0.50119603,0.49515805,7.76056696,7.76278651,1,1,1584.66685242,1
4999,0.48823388,0.55620089,0.56541175,0.4664587,0.51208815,7.8271576,7.87105888,1,1,1378.48794787,1
