#,head_p,head_y,head_r,gaze_x,gaze_y,diameter_l,diameter_r,open_l,open_r,gvd,act,qoe,quality,cyb,fat,imm
0,0.50026708,0.47794252,0.49866504,0.52931836,0.49198909,10.45942831,10.55057527,1,1,108.42359505,1,4,2K,low,low,high
1,0.4137512,0.45928875,0.54852037,0.56872963,0.47361458,15.76221474,15.8700043,1,1,239.86318667,1
2,0.29378302,0.50244556,0.59115978,0.52738344,0.45416507,15.66729082,15.81760254,1,1,100.06944114,1
3,0.18080686,0.53694798,0.6197762,0.56679867,0.47472871,15.89381423,15.91190593,1,1,1335.84365592,1
4,0.10082966,0.553594,0.64232403,0.53191111,0.49522906,15.78610329,15.79976105,1,1,106.17866196,1
5,0.10103684,0.55339551,0.64229872,0.49179459,0.51526206,15.41610362,15.45960709,1,1,350.63408579,1
6,0.11631033,0.65299885,0.67718569,0.53195645,0.53495415,15.91041691,15.91357143,1,1,1581.99759739,1
7,0.1239301,0.65398662,0.67294747,0.56272536,0.5482577,15.97231256,16.00786202,1,1,1494.38343365,1
8,0.13587472,0.64047168,0.64053849,0.60116091,0.56708275,15.83585325,15.93532047,1,1,1584.69383634,1
9,0.15156089,0.62867439,0.64767753,0.56696347,0.54585189,15.54956357,15.5621847,1,1,108.85280118,1
10,0.16530197,0.64410887,0.65217024,0.52570793,0.56186618,15.81402916,15.84102655,1,1,136.13215135,1
11,0.19350844,0.62114257,0.64717098,0.56027072,0.58053019,15.72143315,15.72223743,1,1,548.32294191,1
12,0.20386153,0.62819937,0.66696215,0.5213422,0.59878964,15.15803222,15.26135248,1,1,498.95530584,1
13,0.23151436,0.60962925,0.64008907,0.4809643,0.57681921,15.62295085,15.74042353,1,1,1580.27161429,1
14,0.23925732,0.60622549,0.65583228,0.44183997,0.55720738,15.72276712,15.75550297,1,1,100.04329833,1
15,0.26219374,0.62255526,0.66207724,0.4746962,0.53809926,15.72116628,15.84614064,1,1,1575.42470149,1
16,0.28126706,0.62893646,0.63499393,0.5151879,0.51784023,15.37662823,15.49386206,1,1,102.26058346,1
17,0.29341351,0.62958195,0.64189195,0.47491845,0.49748376,16.34997425,16.44456778,1,1,100.00959029,1
18,0.30317475,0.61019752,0.62566848,0.44508365,0.47786457,15.52598426,15.6791014,1,1,504.85191399,1
19,0.30268761,0.61098536,0.62848346,0.47987678,0.46612986,15.753704,15.75541376,1,1,292.46445886,1
20,0.30305695,0.61069732,0.62856864,0.442291,0.48670221,15.94173114,16.01568812,1,1,1572.67482727,1
21,0.30165888,0.69702061,0.63746634,0.48337707,0.46696837,15.39304075,15.47758228,1,1,1572.75375903,1
22,0.30983592,0.6832616,0.64131438,0.5187759,0.44774347,15.82429604,15.96450524,1,1,100.79318321,1
23,0.32257045,0.6777021,0.64894997,0.513634,0.43413073,15.38707622,15.47084936,1,1,100.02760412,1
24,0.34037196,0.65527309,0.6299516,0.55265892,0.41554036,15.76128819,15.91748857,1,1,1171.55792233,1
25,0.35015596,0.6544898,0.65209331,0.57599065,0.42726781,15.41731857,15.44275298,1,1,100.00946344,1
26,0.3714368,0.63353072,0.63231517,0.53447143,0.42177234,15.81540594,15.82838935,1,1,113.78151531,1
27,0.3820891,0.6344637,0.61820531,0.41410943,0.36187322,15.41686901,15.45684884,1,1,100.5490972,0
28,0.39455631,0.63589535,0.6443206,0.2958661,0.30386592,15.447886,15.52746747,1,1,100.58086802,0
29,0.3972562,0.61829162,0.62011811,0.18036158,0.27716392,16.31668856,16.45401654,1,1,1457.18256032,0
30,0.39705885,0.61678427,0.6201421,0.22647429,0.22356752,15.80333242,15.90080893,1,1,100.00017361,0
31,0.40883063,0.607638,0.60640364,0.11582244,0.28901957,15.89769202,15.96424478,1,1,104.18439568,0
32,0.43460215,0.53481153,0.56837779,0.03879766,0.23775986,14.86472438,14.99940486,1,1,222.46890242,0
33,0.50458734,0.45649937,0.51195568,0,0.23756484,15.63530035,15.75396489,1,1,1557.00431473,0
34,0.53403797,0.38342466,0.43997296,0,0.18795701,15.76934182,15.89232932,1,1,106.89607266,0
35,0.56592447,0.31849507,0.3878978,0.02034024,0.13798092,15.69595956,15.82240765,1,1,895.19446091,0
36,0.62656978,0.27521967,0.3611154,0.14262398,0.17214573,16.08922183,16.23915908,1,1,1558.91828574,0
37,0.62642875,0.27430375,0.36112912,0.23539888,0.23822144,15.54553201,15.6585719,1,1,137.96857029,0
38,0.65270499,0.32261341,0.42275714,0.120724,0.3034902,15.52331631,15.65781456,1,1,884.71849321,0
39,0.61869079,0.38420836,0.44096301,0.23956255,0.36771607,15.69361142,15.78744403,1,1,1584.89318034,0
40,0.57500608,0.4707037,0.51848823,0.23900852,0.43276108,15.48392953,15.5557918,1,1,100.00038694,0
41,0.51271839,0.53977898,0.55807757,0.18393602,0.49783327,15.32424173,15.43359263,1,1,1532.98002431,0
42,0.48094263,0.60514803,0.59814548,0.27155266,0.45041811,15.37244806,15.38989618,1,1,292.87006374,0
43,0.4402394,0.6416701,0.63880685,0.31051331,0.43143549,15.74270382,15.88396597,1,1,100.02586992,1
44,0.44047535,0.64102071,0.63883595,0.27432941,0.41356994,15.7058639,15.750469,1,1,661.13559063,1
45,0.41016921,0.70003242,0.66152016,0.24025255,0.43454708,16.25494942,16.40326838,1,1,373.59941064,1
46,0.42201103,0.68159779,0.63652277,0.2854382,0.4482947,15.40844274,15.49105577,1,1,1517.62261963,1
47,0.41406824,0.6764826,0.66082748,0.25053527,0.46887013,15.83150276,15.92212481,1,1,1352.31894147,1
48,0.43124866,0.65655248,0.6541795,0.24443632,0.4494981,15.72443916,15.75191778,1,1,1490.04240709,1
49,0.4414071,0.65397559,0.65389847,0.28715037,0.4308043,15.48361157,15.52960368,1,1,1583.49381569,1
50,0.43520988,0.64471939,0.63159206,0.25210803,0.41505555,16.0705837,16.11268794,1,1,100.13700867,1
51,0.45635491,0.61357267,0.6213894,0.29521821,0.43320443,15.59868165,15.71906025,1,1,1402.7398795,1
52,0.46073878,0.61165106,0.6479789,0.33900901,0.44929072,15.80835434,15.86204591,1,1,102.73692657,1
53,0.46055142,0.6124452,0.64788246,0.31546364,0.46914904,15.14648881,15.24868172,1,1,104.53335126,1
54,0.44303496,0.66447087,0.65103777,0.27961507,0.45004348,15.47964803,15.57405791,1,1,1560.71982892,1
55,0.44229315,0.62651691,0.65747783,0.30682797,0.43969525,15.40971892,15.48533003,1,1,100.21726893,1
56,0.45705612,0.62206966,0.65438227,0.34841267,0.4608907,15.57422567,15.63079213,1,1,102.05822706,1
57,0.47054405,0.62047108,0.66429169,0.39134042,0.47028739,15.89021021,15.95065872,1,1,132.99932359,1
58,0.47458374,0.63152323,0.65969696,0.43339318,0.49024607,15.49467481,15.60092486,1,1,1491.61791977,1
59,0.4887151,0.60067288,0.65705457,0.40051903,0.50078135,15.86228539,16.01209376,1,1,1584.84171993,1
60,0.48878661,0.6010524,0.65690385,0.4053168,0.52075959,15.39648021,15.46838454,1,1,100.46095173,1
61,0.44713633,0.60742947,0.65657922,0.37858379,0.50035265,15.93653302,16.05426513,1,1,1498.22505618,1
62,0.45899517,0.61282862,0.6608336,0.42101113,0.51817038,15.58164181,15.67998574,1,1,383.60820362,1
63,0.47175958,0.60887904,0.66980279,0.44130193,0.53780687,15.61366514,15.74733643,1,1,1569.17502508,1
64,0.48611608,0.60387465,0.66410476,0.48194552,0.51756339,15.92722553,16.04794396,1,1,138.78179686,1
65,0.47678611,0.59567093,0.63247753,0.44233828,0.50950336,15.83407658,15.97724209,1,1,207.11855067,1
66,0.489784,0.57707492,0.63642374,0.48326623,0.52929883,15.30809315,15.45339623,1,1,1401.77662152,1
67,0.49009684,0.57641899,0.63640384,0.51764317,0.52056494,16.14548111,16.23442779,1,1,1523.75160145,1
68,0.43998517,0.58075032,0.669473,0.47731613,0.50016461,15.63414428,15.70165392,1,1,1584.7088976,1
69,0.45919356,0.58431096,0.63505241,0.51724252,0.49511112,15.66116519,15.68281706,1,1,132.21472711,1
70,0.44987362,0.58646124,0.6503639,0.47702447,0.49151192,15.69317244,15.69409327,1,1,1582.18186973,1
71,0.46181068,0.58071111,0.62169357,0.51747808,0.51168132,15.52980564,15.54760932,1,1,1501.58839991,1
72,0.4838388,0.54909136,0.63173105,0.52016707,0.51220782,15.74275655,15.7993028,1,1,109.11571165,1
73,0.46862051,0.55095386,0.61836043,0.55245368,0.49204458,15.52304313,15.63725748,1,1,109.79814505,1
74,0.46848729,0.55132846,0.61812918,0.59140298,0.51220283,15.88635158,15.91718235,1,1,100.04123872,1
75,0.47813105,0.61283091,0.62379759,0.6274066,0.49630081,15.61365658,15.72922294,1,1,262.37347798,1
76,0.4915911,0.6077211,0.63817538,0.66485364,0.51631371,15.68793257,15.74738647,1,1,101.25511482,1
77,0.50239441,0.60470163,0.60838149,0.63363131,0.50678018,16.06171943,16.10132762,1,1,208.7446174,1
78,0.52026275,0.59301874,0.6055225,0.59103513,0.48858973,15.55410017,15.6304749,1,1,103.5921588,1
79,0.51291946,0.59063985,0.58183825,0.6010259,0.50875077,15.28973156,15.35211937,1,1,136.66520495,1
80,0.51287575,0.59004436,0.58176453,0.62658834,0.52580677,15.48937242,15.53956182,1,1,993.46590644,1
81,0.48187267,0.57575023,0.5896498,0.59074303,0.54482771,15.74421764,15.78025566,1,1,100.01165547,1
82,0.46951738,0.59937293,0.60181408,0.55102876,0.52868069,15.37374693,15.5132794,1,1,999.40550437,1
83,0.4880347,0.58922131,0.57866596,0.57928837,0.5478491,16.09675394,16.20006932,1,1,310.87199565,1
84,0.4762694,0.57919779,0.57095901,0.61371591,0.56688893,15.81726196,15.94019027,1,1,145.05683991,1
85,0.48738648,0.55325506,0.56430415,0.60580436,0.56264864,15.61024071,15.75472178,1,1,189.10223309,1
86,0.4875814,0.55377567,0.56442706,0.64368596,0.54141031,15.72855238,15.78111417,1,1,101.29554201,1
87,0.46604099,0.59989532,0.57507618,0.61924106,0.55932356,15.56653791,15.57531805,1,1,964.1891073,1
88,0.47539839,0.56743573,0.56000799,0.65517738,0.5515807,15.53418022,15.68692968,1,1,1395.45242479,1
89,0.46976794,0.58074983,0.56555514,0.65314232,0.5310697,15.88460051,15.92718873,1,1,699.30294627,1
90,0.48422497,0.55885257,0.54715669,0.68954011,0.55008671,15.8656499,15.8972352,1,1,1078.09957588,1
91,0.49212518,0.54457437,0.55035103,0.70248708,0.53253513,15.58725273,15.64382484,1,1,100.0438305,1
92,0.49207211,0.54519437,0.55048402,0.7265064,0.55187447,15.72486625,15.74253266,1,1,1485.75885985,1
93,0.43852741,0.5725029,0.57387146,0.76167674,0.57054082,15.80400445,15.82914827,1,1,1339.71156044,1
94,0.45501644,0.56961543,0.57808206,0.79578562,0.5492243,15.84206274,15.99740275,1,1,142.56243102,1
95,0.47418795,0.55391523,0.56081138,0.75117824,0.52825334,15.72577404,15.76154025,1,1,127.93677294,1
96,0.45896282,0.53750341,0.56217194,0.70967925,0.51972912,15.58566074,15.60118116,1,1,1386.84649863,1
97,0.46528469,0.52095152,0.56975866,0.74540627,0.49989561,15.3549488,15.43523006,1,1,102.47784749,1
98,0.48116114,0.54293307,0.56818021,0.78032042,0.51922107,15.4913647,15.64577375,1,1,101.18998603,1
99,0.48135775,0.5433688,0.56837126,0.73481615,0.53137918,15.56649601,15.61798869,1,1,100.7807872,1
100,0.44948842,0.58381567,0.57895209,0.70417182,0.51171823,15.80128335,15.95809012,1,1,1564.38741304,1
101,0.45969677,0.55818485,0.57334418,0.66145476,0.49268568,15.74265401,15.88951302,1,1,1574.6123561,1
102,0.47083106,0.55063081,0.57933442,0.67527942,0.47401778,15.75668522,15.80817342,1,1,111.59864469,1
103,0.47531259,0.5463553,0.5781041,0.71144036,0.45462881,15.96865522,16.10076248,1,1,101.32430056,1
104,0.48720786,0.56113698,0.55572007,0.7472115,0.46157986,16.0228678,16.17286281,1,1,158.27787593,1
105,0.49966396,0.54990196,0.58159461,0.78123824,0.44321591,15.58904082,15.70206257,1,1,100.8534138,1
106,0.49989954,0.55016934,0.58173888,0.81559671,0.42515379,15.41431061,15.44306491,1,1,100.00215973,1
107,0.46923937,0.5545341,0.59088361,0.84928186,0.42533598,15.42761105,15.5028355,1,1,1346.17955691,1
108,0.46508567,0.54785099,0.58491399,0.80281704,0.44682724,15.61732885,15.75278279,1,1,261.68938597,1
109,0.48366172,0.56218847,0.54446403,0.88708736,0.38077378,15.69318844,15.69916226,1,1,105.62165356,0
110,0.47710995,0.54994827,0.53550808,0.78146053,0.42983764,16.14134042,16.18213949,1,1,189.05031784,0
111,0.489619,0.54206067,0.54167749,0.89534055,0.36581237,15.79273769,15.88560592,1,1,1412.38946945,0
112,0.48958432,0.54100731,0.54166566,1,0.29938208,15.65462954,15.72545014,1,1,101.68555896,0
113,0.42340336,0.533048,0.43374062,0.87002967,0.23396334,15.85166579,15.99468933,1,1,100.00537791,0
114,0.35039798,0.54632477,0.3250407,0.74264433,0.286548,16.10750896,16.11085953,1,1,562.32101941,0
115,0.25985605,0.60656194,0.21918245,0.62360479,0.22217538,15.80610363,15.86449615,1,1,1273.32617952,0
116,0.19852853,0.60209192,0.1456301,0.68651472,0.15980828,15.95448787,15.99959463,1,1,131.27191012,0
117,0.19843914,0.60321751,0.14577506,0.80014897,0.09613095,16.19029914,16.25146624,1,1,1327.3389513,0
118,0.26357935,0.64327641,0.25214918,0.91413821,0.0301436,15.66965668,15.78419616,1,1,134.77839918,0
119,0.33633442,0.59839461,0.35194752,0.86638784,0.02009705,15.82668546,15.94192272,1,1,101.17755139,1
120,0.44108564,0.53938144,0.50431354,0.81924273,0.01254371,15.73516166,15.8738408,1,1,1515.64100835,1
121,0.56234038,0.4981911,0.62349805,0.7752595,0.00287426,16.36639187,16.40581418,1,1,1000.09531711,1
122,0.64318381,0.43369226,0.71925409,0.72983737,0,15.94157104,16.02001608,1,1,1443.66436156,1
123,0.67846639,0.42428975,0.81861811,0.75900227,0.00568874,15.7382159,15.85976151,1,1,203.95239233,1
124,0.67867795,0.4235919,0.81855392,0.71400725,0.03006044,15.31227864,15.38557956,1,1,176.86216552,1
125,0.69983875,0.3623508,0.8342456,0.74916028,0.04263934,15.51018331,15.61088354,1,1,155.50434316,1
126,0.70258358,0.368191,0.83115063,0.70422198,0.03185185,15.62319026,15.736685,1,1,134.39532118,1
127,0.69601753,0.37338316,0.81109552,0.66014025,0.06121479,15.40194577,15.43415492,1,1,100.51690723,1
128,0.65998371,0.39150724,0.84062985,0.62187427,0.05144945,14.98867045,15.05878459,1,1,1524.75878311,1
129,0.65805051,0.39234814,0.81635769,0.65943416,0.07715619,16.24254639,16.28039448,1,1,103.50546824,1
130,0.65102949,0.39183261,0.78884469,0.61640468,0.10458723,15.18145105,15.19299167,1,1,1369.46523485,1
131,0.61094176,0.40800164,0.82900045,0.5954982,0.13249527,15.91904234,15.99733307,1,1,1533.77392928,1
132,0.61133283,0.40256945,0.79173599,0.63353283,0.15983946,16.06707159,16.21246975,1,1,100.06528038,1
133,0.61141706,0.40168358,0.79182829,0.67052312,0.1665792,15.34337431,15.4406537,1,1,426.70985433,1
134,0.63627657,0.36775494,0.78939327,0.70711253,0.19259366,15.22549463,15.34188635,1,1,101.60628288,1
135,0.62905968,0.38588551,0.78702614,0.74075866,0.17953708,15.52838941,15.67493851,1,1,1577.81817829,1
136,0.63863303,0.38385427,0.81707738,0.69711064,0.20594396,15.80277015,15.86370996,1,1,852.01751679,1
137,0.61619014,0.39785495,0.79187342,0.66968837,0.23176827,15.74462831,15.83260501,1,1,1583.61441438,1
138,0.59844744,0.40328931,0.7751695,0.62631113,0.21713426,15.53322969,15.53540673,1,1,100.15547797,1
139,0.59506373,0.42437641,0.78422346,0.6637315,0.2423074,15.72884735,15.75290146,1,1,102.10964357,1
140,0.5877112,0.4159455,0.76720052,0.70014185,0.23152996,15.87373304,15.89336536,1,1,1477.86407077,1
141,0.56896534,0.42903041,0.76011308,0.65615506,0.21690613,15.3222369,15.4421431,1,1,409.84599223,1
142,0.56885979,0.42862106,0.75997665,0.6828192,0.24242602,15.9744159,16.0994412,1,1,1345.77803959,1
143,0.6025196,0.37953177,0.77230907,0.63919932,0.22862276,15.96953288,16.02973845,1,1,100.00002723,1
144,0.58481452,0.40149285,0.77552277,0.67575692,0.25283245,15.99602512,16.01056577,1,1,100.00823439,1
145,0.58439869,0.40056616,0.76080313,0.71217158,0.23840669,15.56894398,15.6863418,1,1,520.53473028,1
146,0.55395432,0.40908652,0.74815919,0.66792987,0.25346161,15.64311994,15.71129676,1,1,895.65918629,1
147,0.54603379,0.4256924,0.74415694,0.63025766,0.2386569,15.99348556,16.02342692,1,1,1583.49071351,1
148,0.53542798,0.42939159,0.75213129,0.58765251,0.24689972,15.92503325,16.02610501,1,1,1569.87678683,1
149,0.53535135,0.42829475,0.75197613,0.5559246,0.23231316,15.84880203,15.97693226,1,1,235.42596523,1
150,0.58710917,0.37032776,0.76281802,0.54857298,0.21767706,15.87847812,15.94057781,1,1,1528.82087374,1
151,0.57565977,0.37401293,0.76784955,0.52831594,0.20334167,15.68761541,15.76115974,1,1,212.0860324,1
152,0.55781823,0.38520125,0.71993788,0.48775431,0.19758465,15.47152719,15.54849098,1,1,122.54987311,1
153,0.53709357,0.39376201,0.72694359,0.46182061,0.22213473,15.55667355,15.66278002,1,1,100.00064939,1
154,0.5425524,0.42261303,0.72789737,0.42258437,0.20975034,16.02933878,16.09377581,1,1,100.16923952,1
155,0.54267631,0.42291845,0.72797138,0.39050478,0.23544194,15.35569865,15.38708694,1,1,593.88547343,1
156,0.60256604,0.38760507,0.75786459,0.35287072,0.2606378,15.4572556,15.56954821,1,1,155.61623934,1
157,0.58526188,0.41038234,0.73064858,0.36382377,0.24542508,15.81485646,15.89426343,1,1,477.03461656,1
158,0.5849603,0.4226144,0.70571579,0.37218961,0.26778089,15.4177398,15.54111528,1,1,1477.45631596,1
159,0.55967293,0.42296206,0.7315615,0.41289737,0.29239332,15.59005811,15.69789496,1,1,104.35942455,1
160,0.53470268,0.43896195,0.72109719,0.37464096,0.28059636,15.83748747,15.84526066,1,1,103.18060814,1
161,0.53586471,0.4339488,0.69312873,0.33974456,0.30497207,15.97540051,16.10387188,1,1,1584.38897981,1
162,0.53611082,0.43400163,0.69326301,0.36228762,0.29701913,15.94461886,16.06391674,1,1,273.2958669,1
163,0.60054576,0.43261934,0.70954056,0.37583342,0.28108972,15.80927216,15.94122519,1,1,680.26510734,1
164,0.57006134,0.43865333,0.69539493,0.33831956,0.28451528,16.19683933,16.21391308,1,1,105.18172392,1
165,0.58695693,0.43282384,0.68815333,0.3692102,0.29981912,15.77243087,15.79217241,1,1,100.00142307,1
166,0.56697181,0.44758178,0.69715523,0.4104348,0.30218842,15.74226315,15.76444381,1,1,1494.35879767,1
167,0.55764053,0.4675212,0.67082279,0.37224262,0.2861793,15.61429179,15.61580053,1,1,104.35621265,1
168,0.5616302,0.46139615,0.6575123,0.3740323,0.31042884,15.58723737,15.63424288,1,1,170.71023246,1
169,0.5618154,0.46238115,0.65734558,0.33874237,0.33368759,15.98087276,16.01173224,1,1,399.12378745,1
170,0.57143373,0.4037608,0.66174859,0.36779821,0.33614976,15.66323954,15.66509776,1,1,1564.38951412,1
171,0.58367138,0.41370524,0.65873141,0.40944168,0.35925247,15.44744804,15.55422649,1,1,100.54860754,1
172,0.56296979,0.41209856,0.66710932,0.37254223,0.37705935,15.45358721,15.54843668,1,1,124.98703452,1
173,0.55016538,0.43123997,0.66491102,0.3906675,0.35982404,15.13848467,15.20822642,1,1,809.13455972,1
174,0.54011794,0.45174826,0.65835408,0.42116866,0.38188549,15.43822639,15.50717983,1,1,1250.90427631,1
175,0.52202921,0.45173985,0.62784293,0.38364912,0.36424812,15.88089614,15.93850724,1,1,108.38578239,1
176,0.52167583,0.45131801,0.62783608,0.4259533,0.35008635,15.74711038,15.87836522,1,1,100.0161391,1
177,0.56688988,0.44078368,0.64714968,0.38744219,0.37296408,15.51398007,15.59369088,1,1,1581.30052047,1
178,0.54514076,0.44388301,0.65091347,0.34973535,0.3954809,15.80140251,15.85154769,1,1,1056.67991094,1
179,0.56255851,0.46637949,0.64576104,0.36998559,0.41735038,16.32561397,16.39706573,1,1,102.96196471,1
180,0.54721132,0.48399259,0.62227907,0.35350725,0.3990378,15.5954817,15.63404919,1,1,1005.55270132,1
181,0.54637534,0.46768814,0.60196496,0.39447083,0.38106318,15.96425147,15.98438249,1,1,101.31823633,1
182,0.53859958,0.47570834,0.60261698,0.35676747,0.3777344,15.56911085,15.60359407,1,1,137.04553939,1
183,0.53828921,0.47520174,0.60256206,0.32325241,0.40017502,15.67655212,15.71945339,1,1,1132.41424024,1
184,0.57607029,0.44260836,0.60112872,0.28706447,0.4169075,16.2594347,16.32913977,1,1,1584.89316544,1
185,0.58098304,0.4492939,0.59726396,0.27111852,0.43856782,15.65666137,15.79629026,1,1,1374.85000452,1
186,0.5650264,0.46936638,0.60513903,0.31526456,0.41979775,15.24695029,15.35317447,1,1,262.1779543,1
187,0.53926327,0.47882948,0.58379349,0.27909539,0.40354106,15.88877681,15.90157566,1,1,108.55460144,1
188,0.55315485,0.485245,0.59319059,0.32350987,0.38843443,15.28450664,15.41645794,1,1,100.47402415,1
189,0.55330842,0.48418721,0.59311978,0.35110449,0.41062637,15.89423545,15.96414587,1,1,109.22643473,1
190,0.6009032,0.4384233,0.6051267,0.31541614,0.42391022,15.63569987,15.67832844,1,1,100.15741598,1
191,0.57956643,0.44326175,0.61494774,0.34782574,0.40544276,15.99303523,16.11812338,1,1,813.68485056,1
192,0.5697557,0.45174952,0.58457036,0.31102736,0.38785663,15.89381477,15.92417778,1,1,106.50551249,1
193,0.53954558,0.45892006,0.60843102,0.28250806,0.37402009,15.3884646,15.50620571,1,1,1333.33144957,1
194,0.52497877,0.47851842,0.58318913,0.32113879,0.39653793,15.51965489,15.53249954,1,1,100.39944475,1
195,0.52432644,0.48942224,0.59846809,0.36196025,0.38492001,16.11164151,16.12460099,1,1,1584.63335917,1
196,0.52430486,0.48977334,0.59825004,0.33184668,0.36722598,15.95364972,16.0109894,1,1,1404.50291037,1
197,0.55635405,0.48664053,0.61885306,0.29547127,0.36356801,15.63705326,15.76908837,1,1,856.56783505,1
198,0.55395992,0.49761807,0.60129077,0.33861579,0.38623023,15.80642244,15.88180459,1,1,1578.01506191,1
199,0.56134898,0.51734797,0.59343149,0.37587844,0.39620568,15.39362922,15.43858396,1,1,101.85720922,1
200,0.5321963,0.50366217,0.60171313,0.33839304,0.41672203,15.31930467,15.41903884,1,1,1074.87757332,1
201,0.53031107,0.51796109,0.58295968,0.30260273,0.43838746,15.39660518,15.43074631,1,1,1559.63809655,1
202,0.53373794,0.54360566,0.59728606,0.26762711,0.41962704,15.84924632,15.97633512,1,1,105.80815025,1
203,0.53390405,0.54423869,0.59721279,0.23289388,0.40129428,15.56741725,15.68425286,1,1,100.19451495,1
204,0.52569126,0.5449484,0.60363132,0.1984655,0.38402027,15.54764159,15.62606231,1,1,198.34022365,1
205,0.52013981,0.54661808,0.61217132,0.17022902,0.40619311,15.56894098,15.59583419,1,1,107.34400617,1
206,0.51927204,0.52238493,0.6152762,0.15228995,0.38829513,15.6652575,15.71596042,1,1,223.0320904,1
207,0.52698734,0.53455625,0.61143392,0.19924391,0.37184699,15.73874389,15.76504896,1,1,1199.74902503,1
208,0.50534326,0.50796199,0.5976461,0.1698492,0.35441083,15.85484551,15.89548578,1,1,585.19782034,1
209,0.52272509,0.519544,0.58968563,0.19477876,0.35732851,15.4466651,15.52222192,1,1,100.02383816,1
210,0.52261527,0.52045893,0.58992816,0.20358407,0.37970732,15.29806102,15.34598116,1,1,105.58276476,1
211,0.47674213,0.50845535,0.60422903,0.19891001,0.40141181,15.62046323,15.72381087,1,1,218.08255799,1
212,0.49097347,0.48779775,0.60275653,0.24493117,0.38722376,15.74798265,15.78716665,1,1,101.3076476,1
213,0.47509833,0.50267274,0.60453902,0.21039499,0.37528216,15.48498818,15.56401248,1,1,100.32486842,1
214,0.48060841,0.49158169,0.5960049,0.17619065,0.39680693,15.66882424,15.82550176,1,1,107.56315774,1
215,0.49872155,0.49274317,0.56474844,0.14312403,0.41887076,15.86227346,15.9412926,1,1,100.00003599,1
216,0.49872103,0.4924339,0.56479578,0.19007508,0.40446593,15.91597086,15.97060373,1,1,1507.1822878,1
217,0.4892431,0.52019973,0.5571166,0.16513593,0.42637562,15.89482446,15.91551236,1,1,140.17929596,1
218,0.4843949,0.51099446,0.53686884,0.21150495,0.44662351,15.61596737,15.71642077,1,1,702.42229973,1
219,0.5024769,0.51965737,0.52811144,0.20857122,0.43756559,15.5987751,15.70965441,1,1,995.95146648,1
220,0.50925057,0.51402659,0.5214163,0.17472656,0.45535137,15.98941313,16.13750083,1,1,102.36267423,1
221,0.50940948,0.51371797,0.52160969,0.22045483,0.43733131,15.65582227,15.7197568,1,1,100.00200346,1
222,0.49321634,0.4613371,0.53257915,0.18788288,0.45436366,16.22788554,16.38898574,1,1,102.89306299,1
223,0.49889054,0.48276218,0.53871209,0.16225753,0.44790506,15.86182772,15.95377824,1,1,1159.2734237,1
224,0.48157735,0.46213717,0.52090381,0.1909482,0.42896532,15.77506873,15.81072249,1,1,100.00236534,1
225,0.48076998,0.46620094,0.52709716,0.23596549,0.41043927,15.74796709,15.78259692,1,1,165.85615659,1
226,0.47452479,0.49342608,0.50870522,0.28124558,0.3925663,15.94106031,16.05911305,1,1,1428.64838821,1
227,0.47447688,0.49123287,0.50861458,0.32546076,0.41458477,15.49279046,15.58401491,1,1,187.15773122,1
228,0.45680291,0.55072252,0.51982884,0.28956918,0.40402019,15.87749261,16.01455847,1,1,100.02390355,1
229,0.48048018,0.52660556,0.53057315,0.33343091,0.42566429,16.02502739,16.15286649,1,1,1453.45719241,1
230,0.48705365,0.50916694,0.52525646,0.36817523,0.4071511,15.83008827,15.96926861,1,1,1584.89287173,1
231,0.48396579,0.50681108,0.52024031,0.33183347,0.38915684,15.97805558,16.12431382,1,1,107.49619642,1
232,0.48881673,0.50789611,0.52554027,0.37457253,0.40917807,15.48673558,15.6068452,1,1,100.15347347,1
233,0.48881505,0.50540341,0.52541656,0.37408555,0.39099479,15.85128268,15.93622516,1,1,125.67198087,1
234,0.54751614,0.55773405,0.54750472,0.36750519,0.40856596,15.65330425,15.66752727,1,1,142.76375607,1
235,0.52605934,0.55439581,0.53480349,0.33019323,0.43019898,15.06267109,15.11907753,1,1,1008.20486322,1
236,0.5392818,0.55371261,0.54735535,0.2975838,0.41504629,15.82920979,15.96581071,1,1,100.29573257,1
237,0.56126244,0.55053323,0.51711846,0.31517685,0.41821691,15.73309257,15.79584493,1,1,1542.4588028,1
238,0.53902195,0.58182453,0.54448251,0.35884559,0.4113877,15.7706551,15.87913909,1,1,712.53787027,1
239,0.5391326,0.58041256,0.54429481,0.25496135,0.35694851,15.42242423,15.54014565,1,1,106.17078971,0
240,0.50332607,0.52779391,0.49059968,0.37985931,0.40181878,15.28593577,15.36258218,1,1,1583.58548247,0
241,0.51456525,0.45818976,0.42895818,0.27078852,0.3442225,15.61349252,15.74225462,1,1,1584.45725773,0
242,0.49959521,0.3887361,0.3510451,0.15537632,0.40880472,15.76074101,15.79878334,1,1,101.64519994,0
243,0.49732782,0.32222285,0.30401983,0.05398885,0.47569715,15.68060602,15.7747468,1,1,1583.28337758,0
244,0.48889768,0.26960378,0.25281458,0,0.51065102,15.58537733,15.69291402,1,1,1584.89057096,0
245,0.48839776,0.27072854,0.25295801,0.10425632,0.46066102,16.18941364,16.33444703,1,1,105.02729671,0
246,0.55903929,0.34489714,0.32452344,0,0.52819785,15.55201159,15.60009693,1,1,576.48717341,0
247,0.56078848,0.38903648,0.39893729,0.04992812,0.54119789,16.03056323,16.15027412,1,1,100.00069432,1
248,0.52611726,0.48092879,0.50972852,0.02514502,0.52038025,16.36431722,16.49195603,1,1,1584.88293473,1
249,0.52982164,0.57346165,0.60123102,0.07464212,0.53993039,15.9360802,16.01575505,1,1,1324.79009337,1
250,0.49849819,0.64882582,0.66563039,0.12314827,0.55885792,15.66139593,15.70339097,1,1,100.05202449,1
251,0.48568112,0.67000315,0.71051375,0.09301497,0.57730962,15.34138426,15.4619281,1,1,100.39482127,1
252,0.48592434,0.67026594,0.71036747,0.06115726,0.59576164,15.88423807,15.96806608,1,1,100.04668443,1
253,0.45574672,0.68285621,0.73363655,0.02993967,0.57658783,15.27542059,15.29476548,1,1,904.79295688,1
254,0.46331414,0.70222185,0.71452586,0.06237189,0.5935151,15.46993892,15.62316045,1,1,100.91086379,1
255,0.47705462,0.68349035,0.73616859,0.11108897,0.57164484,15.9476993,16.04550338,1,1,1571.92400038,1
256,0.46212898,0.6768135,0.71021235,0.11349694,0.58888601,15.48646517,15.49118378,1,1,100.98107708,1
257,0.47362142,0.6413973,0.6890626,0.08607175,0.60710596,15.86672194,15.96007963,1,1,100.00031139,1
258,0.49090553,0.63086418,0.71466888,0.05435549,0.58943878,15.16184219,15.27165538,1,1,1553.58169513,1
259,0.48271867,0.62880112,0.68215213,0.08337777,0.6076472,15.93064038,15.94695135,1,1,1580.761166,1
260,0.48223006,0.62970052,0.68214115,0.11201982,0.58551646,15.5056618,15.5965973,1,1,1414.8203782,1
261,0.44819429,0.67281881,0.67897056,0.15620487,0.60364259,15.70493527,15.77287705,1,1,1569.62347453,1
262,0.44915136,0.64867635,0.68878011,0.20170507,0.62125001,16.02270676,16.10240891,1,1,1584.8203443,1
263,0.47018128,0.63476949,0.69832065,0.17377884,0.63642391,15.63505964,15.75213206,1,1,1514.88563828,1
264,0.48136324,0.62399697,0.66247274,0.21996836,0.65356524,15.92944429,15.99467872,1,1,120.63836306,1
265,0.47393554,0.61318683,0.68509113,0.18565572,0.63071099,15.57213559,15.66562402,1,1,338.23108474,1
266,0.49407932,0.60964806,0.66428531,0.22912898,0.608879,15.51828445,15.56522101,1,1,100.01158219,1
267,0.49472895,0.61009603,0.66424305,0.27410618,0.58858428,15.95006885,16.08978506,1,1,100.26451175,1
268,0.45150917,0.62466364,0.6698436,0.23864133,0.56692615,16.1027635,16.13067697,1,1,100.18552657,1
269,0.44508105,0.61697901,0.66616075,0.28308256,0.55003167,15.94502805,16.00285148,1,1,130.24336687,1
270,0.45143568,0.61922462,0.67534695,0.267787,0.529083,15.89000181,16.02384887,1,1,186.41918464,1
271,0.46037042,0.60476847,0.68548051,0.23291994,0.51221463,15.9147037,16.01973646,1,1,100.721611,1
272,0.46018323,0.59813316,0.6688543,0.1982625,0.4926267,15.75438091,15.7749772,1,1,220.36737346,1
273,0.46798594,0.58505157,0.66206984,0.2442862,0.47966665,15.82469197,15.86287723,1,1,100.15518783,1
274,0.46949888,0.5722442,0.6720954,0.20941393,0.49754747,15.28783596,15.38205778,1,1,100.53253815,1
275,0.46977075,0.57239866,0.67202467,0.17641533,0.51740459,15.70308612,15.84417461,1,1,801.81105564,1
276,0.43567686,0.62149181,0.6938172,0.22240633,0.53696719,15.48851652,15.59030649,1,1,1582.52994269,1
277,0.45614372,0.58546034,0.69453359,0.26467893,0.55620559,15.6720285,15.74795582,1,1,238.46382582,1
278,0.45406019,0.59857896,0.69126307,0.2444054,0.57485325,15.66649812,15.72499794,1,1,106.54197209,1
279,0.46711362,0.57988139,0.66147736,0.20965003,0.55347745,15.80520052,15.86866546,1,1,1560.29856536,1
280,0.48077672,0.57490186,0.65147619,0.24506471,0.55573206,15.75000464,15.89051333,1,1,1448.79399464,1
281,0.48172378,0.54470916,0.65511553,0.21838896,0.57453718,15.59271003,15.6491996,1,1,100.01262324,1
282,0.48737031,0.56169159,0.66619239,0.2629231,0.59219964,16.08191264,16.23831215,1,1,108.27210135,1
283,0.48716051,0.5618401,0.66626119,0.24683357,0.57035713,15.97831702,16.03131181,1,1,1580.63419515,1
284,0.44748455,0.58912628,0.66379309,0.29061122,0.56333927,15.75462914,15.78630395,1,1,100.31947241,1
285,0.44807176,0.58893989,0.68165839,0.29622196,0.54207798,15.93652963,15.97459773,1,1,1518.38908436,1
286,0.4600125,0.56195806,0.64902942,0.26181821,0.52899405,15.47804208,15.56157804,1,1,100.0009995,1
287,0.48287529,0.56372459,0.61927919,0.29193373,0.54840898,15.64764309,15.65918082,1,1,108.13454234,1
288,0.49098791,0.56169963,0.61610176,0.2568325,0.52744229,15.19055392,15.2200246,1,1,287.06714999,1
289,0.49086755,0.5617783,0.61597923,0.30161385,0.53293279,15.45100658,15.48245716,1,1,100.34836441,1
290,0.47146389,0.56847495,0.64520171,0.26598237,0.5128979,15.9558216,15.97694289,1,1,100.01041247,1
291,0.47968309,0.58066045,0.6434288,0.23650975,0.5326178,15.46449118,15.5940452,1,1,258.77124666,1
292,0.48500158,0.57915518,0.61657093,0.28061073,0.52214418,15.54160358,15.61982101,1,1,462.74572979,1
293,0.47698025,0.5725848,0.59956892,0.32498322,0.54169808,15.75929786,15.77614692,1,1,328.11086436,1
294,0.50229879,0.55104027,0.62911837,0.36840064,0.5213066,15.94246087,16.05379727,1,1,224.3579393,1
295,0.49005321,0.55683105,0.59518213,0.35408445,0.50118784,15.36834188,15.49992283,1,1,100.00837187,1
296,0.48985837,0.55643686,0.59494687,0.31703169,0.51994496,15.27644634,15.3408851,1,1,120.96815092,1
297,0.54383299,0.65788695,0.47715485,0.30698762,0.53952732,15.40005725,15.45426746,1,1,1377.17411524,1
298,0.53797832,0.62303862,0.35232331,0.3051443,0.5427511,15.82388928,15.89173593,1,1,100.02017634,1
299,0.54057984,0.64865056,0.21843049,0.34902041,0.5618874,16.00428014,16.0179265,1,1,1394.98380411,1
300,0.54265105,0.63034292,0.12413319,0.31508682,0.54105578,15.59507557,15.61943459,1,1,857.74368119,1
301,0.54274464,0.63180542,0.12398677,0.27879169,0.54133029,15.29986035,15.31136503,1,1,1519.83074368,1
302,0.51625759,0.61030391,0.13329219,0.24322981,0.55749378,15.48763449,15.5046552,1,1,432.31882639,1
303,0.51601783,0.6280841,0.14542503,0.20958104,0.57007641,15.32641512,15.45550152,1,1,1118.83609958,1
304,0.52938292,0.62747468,0.15254935,0.24895483,0.58867204,15.68404876,15.7751469,1,1,342.71264971,1
305,0.51367561,0.58774265,0.16942294,0.23323585,0.56705265,15.92992914,15.95311991,1,1,642.17707185,1
306,0.50417182,0.58791727,0.17903529,0.19902745,0.54571233,15.83548186,15.98607117,1,1,1584.85812016,1
307,0.49957559,0.59137434,0.1935764,0.24101655,0.54994829,15.30561066,15.42797457,1,1,101.78399808,1
308,0.51770205,0.60042016,0.19520209,0.21253561,0.54562113,15.88242639,15.90440955,1,1,1448.45069346,1
309,0.5177348,0.60022911,0.19511507,0.25817016,0.56466379,15.05451411,15.1291294,1,1,1571.88144376,1
310,0.48758029,0.61306432,0.21269068,0.22508096,0.56441913,15.32616894,15.35118668,1,1,105.3136177,1
311,0.48218082,0.57990579,0.21796976,0.26076344,0.54527935,15.96224231,16.02631424,1,1,1571.92851308,1
312,0.48552427,0.58148747,0.21763288,0.23348223,0.52443747,15.2967469,15.44853107,1,1,100.73429337,1
313,0.48158309,0.58011185,0.23728556,0.20499823,0.50394876,16.15358576,16.2125027,1,1,222.74410219,1
314,0.48996965,0.58464158,0.23824713,0.17149535,0.48402814,15.57770622,15.60554068,1,1,1548.42283406,1
315,0.49715642,0.56637164,0.25049048,0.13848409,0.50330901,15.72525922,15.77953404,1,1,1584.39583186,1
316,0.50637996,0.5524424,0.25012268,0.10995857,0.52250609,15.89687555,16.02812032,1,1,102.97711572,1
317,0.50649672,0.55199322,0.2500934,0.14585157,0.50381367,15.16497802,15.3066008,1,1,100.96898378,1
318,0.47833172,0.56742458,0.25944753,0.11293593,0.4838446,15.72648098,15.86157586,1,1,1584.67129466,1
319,0.49922797,0.56830509,0.27963414,0.08534868,0.50004697,15.60470454,15.72879288,1,1,236.54374173,1
320,0.48514253,0.54777524,0.28594302,0.13107997,0.4800649,15.46545825,15.48369121,1,1,912.88450799,1
321,0.5082403,0.53051643,0.29555067,0.16076369,0.48927379,15.57517916,15.60779332,1,1,100.6745265,1
322,0.50063623,0.51797232,0.31853356,0.20514363,0.48663586,15.80800398,15.87809306,1,1,100.12474847,1
323,0.50577236,0.53770685,0.32234253,0.24556996,0.46690381,15.70215464,15.77174711,1,1,100.00000454,1
324,0.50561945,0.53800083,0.32230624,0.24865788,0.44758523,15.89779295,15.91786005,1,1,1583.57797922,1
325,0.45851915,0.54136375,0.3428894,0.21400357,0.43084964,15.67880319,15.8241758,1,1,1464.50145662,1
326,0.48278075,0.51837912,0.33405031,0.25951351,0.45223231,16.20491627,16.31381811,1,1,114.97845715,1
327,0.47424464,0.52833426,0.35343214,0.30055511,0.43333598,15.54725025,15.61432487,1,1,420.41358708,1
328,0.48385157,0.51712037,0.35164233,0.26785895,0.43447874,15.65135675,15.69380718,1,1,107.10612669,1
329,0.47537462,0.49897548,0.3703786,0.30921377,0.4557814,15.8253247,15.94222388,1,1,855.94596403,1
330,0.48693417,0.50547254,0.37307409,0.27426059,0.47403971,15.42981612,15.47674645,1,1,968.15189218,1
331,0.48679812,0.50506867,0.3730008,0.23878701,0.45471322,16.1300015,16.17288084,1,1,1435.90573242,1
332,0.53923571,0.53691248,0.39652393,0.22056501,0.43563511,15.67234368,15.78811223,1,1,100.63708273,1
333,0.54409927,0.56766679,0.39312361,0.18636356,0.45654577,15.67768037,15.70161013,1,1,100.02436387,1
334,0.53214857,0.57144319,0.41272758,0.22811421,0.44559829,15.47483956,15.54163231,1,1,1583.73985814,1
335,0.5457464,0.57575894,0.41592938,0.27330478,0.46612777,15.93791309,15.97417117,1,1,226.00630953,1
336,0.53575179,0.56441332,0.42758569,0.24418772,0.48678939,16.04336726,16.07989288,1,1,133.74855416,1
337,0.53563457,0.56392051,0.42754642,0.28786039,0.47017407,15.79412401,15.94731613,1,1,761.94158553,1
338,0.50248061,0.55619987,0.4508265,0.25211036,0.49066578,15.56497103,15.68822455,1,1,115.75652292,1
339,0.52304304,0.53147758,0.44206456,0.22126577,0.51085208,15.15512413,15.24270666,1,1,132.80580374,1
340,0.4983083,0.53892926,0.43785719,0.18746945,0.49282682,15.94188137,16.0455546,1,1,428.33363446,1
341,0.48784224,0.54674213,0.46060055,0.21377411,0.49025816,15.66469775,15.76220633,1,1,116.4609095,1
342,0.50495871,0.54319115,0.45533861,0.18024445,0.50695345,15.41424587,15.47678217,1,1,100.01005725,1
343,0.5089583,0.5323393,0.45851917,0.1552557,0.52550419,15.87356643,16.01682322,1,1,100.00911748,1
344,0.50904051,0.53117905,0.45855242,0.12566029,0.5051295,15.86874811,15.95200959,1,1,190.82113584,1
345,0.48024155,0.55001638,0.46388925,0.11302364,0.48667957,15.5751609,15.64962854,1,1,703.47305518,1
346,0.4749707,0.53538538,0.48324043,0.16069077,0.46694602,15.85766525,15.93895789,1,1,417.36474885,1
347,0.49405657,0.51511135,0.47167359,0.19816806,0.48742367,15.34156936,15.36068853,1,1,100.04213379,1
348,0.49016498,0.51187141,0.47312905,0.16421856,0.50506981,15.63807024,15.69093371,1,1,100.11576282,1
349,0.492374,0.49960175,0.47852382,0.20665141,0.51294452,15.9783336,16.10782905,1,1,577.63346664,1
350,0.48200054,0.49416889,0.48809264,0.25248254,0.49268753,15.15358942,15.2207054,1,1,100.20865894,1
351,0.48191581,0.49581978,0.48805301,0.21772556,0.50679977,15.69353346,15.81280572,1,1,107.57995609,1
352,0.47902216,0.53483207,0.50064546,0.18348515,0.4866728,15.8870612,15.97702242,1,1,117.96391626,1
353,0.47572256,0.51208819,0.51552471,0.22800169,0.46695943,16.1636234,16.20080949,1,1,103.10735048,1
354,0.48669517,0.51126517,0.50959297,0.19347275,0.45015526,15.61285014,15.67206754,1,1,991.492395,1
355,0.49890472,0.50502453,0.50263379,0.16447965,0.46111338,15.54133566,15.62747754,1,1,548.45532653,1
356,0.50087574,0.48771758,0.49053954,0.13120019,0.48188947,16.07802254,16.15644389,1,1,836.17115624,1
357,0.50085981,0.48717712,0.49028116,0.12325115,0.48163665,15.32891051,15.46872855,1,1,100.00029443,1
358,0.47949999,0.49022085,0.5021323,0.09224755,0.46214038,15.5545656,15.68989228,1,1,1575.73805338,1
359,0.47470189,0.48528399,0.50473798,0.13235328,0.4680929,15.49047602,15.56907013,1,1,100.92149011,1
360,0.48939258,0.47728643,0.51941346,0.17954556,0.46788354,15.43376334,15.52244555,1,1,100.11197372,1
361,0.49152876,0.45838999,0.50862868,0.15274154,0.45322054,16.24169077,16.37660989,1,1,826.55565143,1
362,0.4807696,0.4638214,0.5163245,0.11972413,0.43683997,15.4807454,15.60259333,1,1,159.39616885,1
363,0.48087279,0.4634232,0.51642632,0.08746733,0.41903772,15.26288235,15.3022269,1,1,1579.98012816,1
364,0.5017485,0.53478884,0.53191535,0.13567853,0.43494961,15.23290439,15.37736872,1,1,104.01723678,1
365,0.50298653,0.53978575,0.52646641,0.16847252,0.44155152,15.09732662,15.14407335,1,1,100.00386429,1
366,0.52224412,0.52218073,0.52038081,0.13511899,0.43886239,15.40570081,15.43606084,1,1,1583.77420768,1
367,0.53099808,0.52788906,0.51173378,0.12490223,0.42008596,15.69062751,15.69911339,1,1,116.33396618,1
368,0.53569099,0.51314618,0.50476258,0.1714493,0.4016864,15.60329945,15.66393977,1,1,102.20637628,1
369,0.53565862,0.51374511,0.50498521,0.21371747,0.38373937,15.90218197,16.05699285,1,1,1259.60242108,1
370,0.54822605,0.46689261,0.50580737,0.25940849,0.37328503,15.86235051,15.88835703,1,1,100.23080247,1
371,0.5554926,0.46696449,0.52454061,0.30420162,0.35644482,15.58031313,15.72593292,1,1,302.31680693,1
372,0.51998792,0.48155768,0.51035473,0.26829815,0.37886679,15.86630053,15.95386071,1,1,146.37656596,1
373,0.50615982,0.48092077,0.51644211,0.30266602,0.39319218,15.75108252,15.81630522,1,1,100.00037218,1
374,0.51515598,0.48323436,0.50869244,0.26661317,0.40563637,15.83072656,15.95138549,1,1,100.00165533,1
375,0.51537625,0.48496997,0.50877761,0.29538917,0.42746964,15.6949763,15.79354586,1,1,102.27733496,1
376,0.49093299,0.47275399,0.5084721,0.26023042,0.44750962,15.50812095,15.65973612,1,1,1579.49457696,1
377,0.50627097,0.4790327,0.50784556,0.2250262,0.46828244,15.41803583,15.55695542,1,1,1227.8387172,1
378,0.50089128,0.4692323,0.52039193,0.2691144,0.45966415,15.79283544,15.82411824,1,1,110.66772327,1
379,0.50797032,0.45590037,0.50961858,0.30165657,0.47644062,15.52754073,15.57733667,1,1,100.30011736,1
380,0.51394366,0.47638911,0.50558468,0.27982955,0.45694381,15.8068271,15.93926478,1,1,101.01334214,1
381,0.51391698,0.47605357,0.50564319,0.24568218,0.46128125,15.28259001,15.29615343,1,1,1565.9089621,1
382,0.49792537,0.46811668,0.50910393,0.29076409,0.48196594,15.98591689,16.04336602,1,1,100.41800552,1
383,0.48198713,0.4668918,0.51615074,0.25494881,0.49879264,16.0158887,16.09903627,1,1,143.28681128,1
384,0.50598192,0.4673948,0.51626311,0.29604829,0.51813749,15.39379908,15.40160422,1,1,109.50140292,1
385,0.497405,0.45720446,0.53290075,0.28111887,0.49786292,15.95461187,16.10593894,1,1,100.27219928,1
386,0.48977134,0.44783416,0.52181127,0.32333217,0.48113144,15.92596909,16.00874351,1,1,1540.20866367,1
387,0.49007644,0.44847313,0.52195148,0.28798369,0.47921154,15.69129574,15.81411085,1,1,892.03228042,1
388,0.54249163,0.50281035,0.53283963,0.33222401,0.49882117,15.48573966,15.55425759,1,1,221.49244335,1
389,0.53582457,0.51478858,0.54488807,0.37543992,0.47957426,16.21067242,16.238795,1,1,1584.89318816,1
390,0.56416211,0.51026384,0.54141537,0.37624572,0.49998046,15.37305525,15.4572419,1,1,1569.07514681,1
391,0.54714423,0.50264511,0.51060956,0.3387484,0.50715216,15.84971922,15.95638159,1,1,100.71435213,1
392,0.57220447,0.50052606,0.52544282,0.33183253,0.48705114,15.7236422,15.78948726,1,1,122.88057228,1
393,0.57221239,0.50047423,0.52560275,0.29570817,0.5066845,15.60429937,15.60433094,1,1,100.38180453,1
394,0.5535774,0.430226,0.54371796,0.25981291,0.49651427,15.74390617,15.79385946,1,1,100.85940263,1
395,0.57340357,0.44706717,0.52813433,0.23548087,0.51480576,15.70074358,15.80668035,1,1,100.07847742,1
396,0.5465776,0.43704463,0.52805866,0.2806277,0.4954024,15.77259502,15.90952943,1,1,627.29201695,1
397,0.55166631,0.46168142,0.5324961,0.2451013,0.50445492,15.31066436,15.32781364,1,1,1584.69589049,1
398,0.5415313,0.46635648,0.53184992,0.21021243,0.50873894,15.73235441,15.83876169,1,1,100.02198826,1
399,0.51050579,0.46735491,0.52327707,0.19958422,0.49558306,15.95399398,15.97858486,1,1,416.13737857,1
400,0.51034352,0.46597909,0.52328534,0.16561032,0.47580592,15.69948034,15.78733529,1,1,100.03744427,1
401,0.57166554,0.4956534,0.54199821,0.13298409,0.49623552,15.3673232,15.45917771,1,1,1560.01928314,1
402,0.57755258,0.49341642,0.5203493,0.18032249,0.47786486,16.05926652,16.09132857,1,1,1384.9944721,1
403,0.55560211,0.52009474,0.52515636,0.17174935,0.45835161,14.99645615,15.08649803,1,1,100.15321063,1
404,0.55064559,0.52486488,0.53172355,0.21618715,0.43948274,15.55130077,15.58859896,1,1,102.09104452,1
405,0.55814516,0.5021475,0.52830564,0.25214454,0.42983836,15.1130518,15.19510755,1,1,100.15008523,1
406,0.55793082,0.50223844,0.52861729,0.29144695,0.44839579,16.04885186,16.15566962,1,1,100.64166196,1
407,0.56538481,0.48491802,0.53432715,0.25561969,0.46936355,15.6407466,15.77416182,1,1,135.09578519,1
408,0.56467757,0.47320583,0.54722598,0.30049769,0.45008689,15.87337185,16.01919265,1,1,643.01038052,1
409,0.54683696,0.47719124,0.53178716,0.34356915,0.46983711,15.46728386,15.5372741,1,1,100.33773703,1
410,0.54435497,0.4973595,0.53678194,0.24190411,0.48199699,15.94494653,16.05876699,1,1,102.84117694,0
411,0.52567919,0.49091194,0.5450604,0.12711814,0.48024441,15.68841738,15.70627401,1,1,107.85278476,0
412,0.52593635,0.49116876,0.54502952,0.01461582,0.46185319,15.55690882,15.6394327,1,1,465.00777242,0
413,0.53211785,0.55084029,0.47226921,0.14235809,0.53155557,15.52440485,15.53967759,1,1,101.61139923,0
414,0.47517715,0.59644376,0.39525863,0.25372516,0.59279318,15.78674862,15.85009115,1,1,1526.83534853,0
415,0.40881606,0.64427709,0.32105018,0.16370337,0.54065594,15.26707947,15.36744193,1,1,100.00000412,0
416,0.37998591,0.71893994,0.25824927,0.08630387,0.60728731,15.8386276,15.89154749,1,1,135.91574157,0
417,0.37964065,0.71861287,0.25829593,0,0.55631284,15.81580248,15.91283984,1,1,1584.7776223,0
418,0.40232432,0.6875797,0.36330096,0,0.51217994,15.87256704,16.01703874,1,1,1582.9054789,0
419,0.41976633,0.62991433,0.45126821,0,0.46462439,15.40745507,15.46393369,1,1,101.40627634,0
420,0.47641253,0.56853861,0.56888931,0,0.52345911,15.82566123,15.84432286,1,1,408.57360569,0
421,0.52883779,0.46244345,0.66805056,0,0.51461471,15.77710368,15.85644387,1,1,105.56313292,0
422,0.553864,0.41222913,0.79232358,0,0.49745165,15.44750102,15.48589081,1,1,256.37289334,0
423,0.59029787,0.36648792,0.84924582,0.06082176,0.44745528,15.57532884,15.7239198,1,1,100.24298708,0
424,0.58993029,0.36614134,0.84914587,0.12515738,0.46876721,16.06171601,16.15668383,1,1,109.74928324,0
425,0.63691773,0.40804596,0.73955048,0.01416786,0.45368743,15.58124351,15.66443526,1,1,114.24578594,0
426,0.59116426,0.47076251,0.6402551,0.08319621,0.52187274,15.49020501,15.55369352,1,1,1498.59524598,0
427,0.54970221,0.55584678,0.49428003,0.13048712,0.59016938,15.43919144,15.54174115,1,1,1526.32207673,0
428,0.52089927,0.64524815,0.34295366,0.25721544,0.54451514,15.62720901,15.78150203,1,1,141.43882716,0
429,0.48078013,0.70548285,0.22688113,0.3819242,0.60677826,15.86430112,15.95982596,1,1,102.87028234,0
430,0.48256531,0.74444174,0.15265411,0.50195786,0.66540676,15.56346167,15.68785048,1,1,100.26422445,0
431,0.48267684,0.74568069,0.15255255,0.38192675,0.68693335,15.27089656,15.39064956,1,1,1584.58507552,0
432,0.46288786,0.69996228,0.23487259,0.50207772,0.74483378,15.9089521,15.96137848,1,1,1540.66999805,0
433,0.47446402,0.66277435,0.31282704,0.38203617,0.79795127,15.39346794,15.43280699,1,1,1568.09866494,0
434,0.48786006,0.5709277,0.4042491,0.42501264,0.85964369,15.90376937,15.95718764,1,1,121.02356084,0
435,0.49933289,0.46373505,0.53999591,0.51984737,0.91877629,15.88432123,15.94343117,1,1,100.00910289,0
436,0.54153543,0.36115043,0.64750931,0.49734922,0.97647354,15.7073488,15.8331995,1,1,175.24766636,0
437,0.54549732,0.30251533,0.71529437,0.45826434,0.96682835,15.37407317,15.44792124,1,1,900.29330008,1
438,0.55355128,0.2500056,0.76857855,0.41910459,0.93753898,15.56238405,15.62473897,1,1,100.88894614,1
439,0.55344912,0.25044303,0.7686857,0.39008659,0.94878797,15.82760138,15.92563427,1,1,100.00931012,1
440,0.60977495,0.22347394,0.78243748,0.39354033,0.95874074,15.69627506,15.77350559,1,1,159.97504603,1
441,0.62398351,0.24188579,0.76156223,0.42472976,0.96956303,15.90428925,15.99933125,1,1,100.25663707,1
442,0.60505477,0.25077992,0.77288425,0.39569782,0.97391339,15.29074761,15.31039547,1,1,206.57553401,1
443,0.5980008,0.26090137,0.79009752,0.3579224,0.94601854,15.8848114,15.92047053,1,1,839.21156674,1
444,0.60336494,0.27599999,0.74923629,0.35835612,0.95709758,15.8657399,15.89410668,1,1,100.01989488,1
445,0.56826745,0.27997463,0.75029366,0.40118674,0.92902435,15.50991917,15.6366409,1,1,754.29429167,1
446,0.57696947,0.29733199,0.77609541,0.37660802,0.93937803,15.23457032,15.29917982,1,1,298.43227174,1
447,0.57338197,0.29398639,0.73924339,0.35885642,0.95059046,15.7753246,15.82080856,1,1,100.30589736,1
448,0.57357853,0.29397593,0.73930519,0.32170623,0.92161105,15.84248814,15.89014918,1,1,1558.26468324,1
449,0.62352865,0.27331605,0.77253531,0.28528181,0.90657923,15.07820967,15.14521161,1,1,616.25638988,1
450,0.61183016,0.28646353,0.76142217,0.24965225,0.87844769,15.64868834,15.67534532,1,1,100.00160259,1
451,0.60206927,0.29777224,0.72788882,0.21983566,0.89086245,15.94304047,15.94945254,1,1,480.9581995,1
452,0.58848734,0.31008641,0.75358732,0.1854485,0.86326212,15.35968355,15.40915939,1,1,673.65878944,1
453,0.59939696,0.32294494,0.74985948,0.15389804,0.85220304,15.99232752,16.04476426,1,1,100.22726842,1
454,0.57891729,0.32557892,0.72586649,0.19945367,0.83668888,15.86146424,16.0104503,1,1,1442.66960825,1
455,0.56532429,0.33245457,0.72984607,0.24544042,0.81101186,15.39832523,15.42012926,1,1,1392.86165002,1
456,0.56512481,0.33198105,0.73008303,0.29047314,0.81971223,15.67511448,15.77312893,1,1,1560.78700294,1
457,0.62825443,0.30200141,0.7499722,0.25706723,0.79341732,15.82944011,15.87065709,1,1,246.68890025,1
458,0.6180715,0.31775038,0.73601506,0.30113617,0.76755031,15.23816302,15.26805372,1,1,119.58396919,1
459,0.59847132,0.32542815,0.75106365,0.30433603,0.78219011,15.64147962,15.73721791,1,1,1571.67100166,1
460,0.60051467,0.33612277,0.71991674,0.34671143,0.75654633,15.71608101,15.8359296,1,1,100.20640422,1
461,0.58431856,0.35271601,0.74776277,0.38841201,0.77140919,15.73654438,15.75146061,1,1,1555.36662225,1
462,0.5812776,0.36815352,0.70600007,0.35198772,0.78597963,15.39533205,15.50195255,1,1,298.52719564,1
463,0.57465751,0.37519877,0.70897206,0.32676644,0.7900501,15.46253875,15.50195916,1,1,1584.5101572,1
464,0.5672804,0.37443755,0.6976244,0.31102283,0.80171636,15.65744321,15.67960196,1,1,1555.13590773,1
465,0.56731775,0.37391827,0.6978107,0.27482349,0.77568521,15.67770117,15.72843014,1,1,385.68627758,1
466,0.61024875,0.34815666,0.7048527,0.30018196,0.79013661,15.91002234,16.03311587,1,1,100.97784604,1
467,0.61251405,0.36494014,0.70756007,0.27566406,0.8032275,16.00622094,16.05693588,1,1,125.87195628,1
468,0.58951462,0.36929772,0.706679,0.24141185,0.7806652,15.14050088,15.1468026,1,1,619.18622492,1
469,0.57788482,0.39429361,0.71634718,0.21531035,0.75509001,15.81454811,15.94026503,1,1,1584.74592596,1
470,0.57592784,0.38617129,0.68100671,0.18259184,0.72998919,15.60855802,15.75013221,1,1,1421.07601927,1
471,0.54686815,0.41044114,0.70383151,0.14894695,0.74499846,15.71770312,15.79460076,1,1,112.73798511,1
472,0.55363029,0.40979098,0.69248221,0.19495958,0.72720045,15.74426933,15.765493,1,1,100.99162728,1
473,0.55362357,0.40950795,0.69240786,0.23641123,0.70274464,15.49853462,15.5730677,1,1,624.70603026,1
474,0.61754862,0.36370688,0.69763884,0.20174656,0.69196195,15.66666128,15.76596519,1,1,107.5504438,1
475,0.61098992,0.37843792,0.69835237,0.17321732,0.70776219,15.84542404,15.99897123,1,1,190.94947177,1
476,0.58759873,0.38400104,0.68320288,0.13976276,0.70910583,15.82650763,15.89281994,1,1,1569.35092242,1
477,0.56116385,0.39390208,0.70459023,0.10697105,0.68949615,15.63124363,15.78171037,1,1,1564.35476395,1
478,0.54933307,0.40133267,0.66015354,0.09018684,0.66578842,16.06787994,16.08157611,1,1,171.24131863,1
479,0.54072347,0.4225645,0.65676854,0.13837455,0.64273405,15.10662895,15.19640522,1,1,1423.34464738,1
480,0.5405535,0.42169797,0.65672511,0.17856132,0.62010739,15.67459087,15.67893615,1,1,1584.47577043,1
481,0.59841434,0.40335884,0.65979306,0.22479324,0.63770524,15.88568962,16.02151742,1,1,100.93558457,1
482,0.58202328,0.41457652,0.65314931,0.270105,0.63645782,15.93551482,16.0402562,1,1,100.02368881,1
483,0.57610707,0.43450588,0.67417496,0.30973611,0.65251845,15.59017748,15.59370472,1,1,1498.57914893,1
484,0.54249109,0.43458527,0.66079383,0.32279061,0.66605335,16.1339903,16.21754506,1,1,189.78517275,1
485,0.56290251,0.45305057,0.64387162,0.28653379,0.64273255,15.67325586,15.75841101,1,1,218.62852155,1
486,0.54605962,0.44604521,0.64658428,0.25198758,0.65943623,15.56658726,15.6676972,1,1,100.03579593,1
487,0.54599335,0.44554472,0.64643443,0.21805108,0.67324416,15.51470659,15.55837159,1,1,100.0004091,1
488,0.52907478,0.37071442,0.64349425,0.25233904,0.6896623,15.81805274,15.82323405,1,1,1584.89033323,1
489,0.53891091,0.38095807,0.65608291,0.25378645,0.70586177,16.10255985,16.14158673,1,1,1492.17938972,1
490,0.5195051,0.38246432,0.63479971,0.29835204,0.68389961,16.17679706,16.21539644,1,1,120.98058003,1
491,0.51444329,0.38594852,0.65152039,0.34235575,0.67390356,15.8627868,15.90664974,1,1,1583.20433238,1
492,0.49558611,0.39612193,0.63554921,0.30556387,0.69011282,15.94331106,15.98439317,1,1,1333.97191654,1
493,0.49571323,0.39772804,0.63547407,0.27260765,0.70630873,15.70758329,15.7196652,1,1,100.00000044,1
494,0.57418606,0.4270837,0.64251217,0.23715682,0.71987839,15.448371,15.52247069,1,1,101.82299411,1
495,0.55778426,0.41674177,0.64276315,0.28241178,0.6970305,15.60446907,15.69742505,1,1,744.44919784,1
496,0.55146783,0.42768446,0.65762199,0.24678022,0.71295962,15.79020167,15.94465442,1,1,156.07971931,1
497,0.56336485,0.4368449,0.61836257,0.29125946,0.6888135,15.93763899,15.95337347,1,1,1052.01225192,1
498,0.54816486,0.45875829,0.64763081,0.3334334,0.70459295,15.70410457,15.77653305,1,1,1561.56331093,1
499,0.52666621,0.44648006,0.64434748,0.37667076,0.68096886,16.10127108,16.11298214,1,1,1580.69224673,1
500,0.52652647,0.44750262,0.64462785,0.41696173,0.65736555,15.53510011,15.55129931,1,1,1256.44041741,1
501,0.54290614,0.41525167,0.66666373,0.37862251,0.6346067,16.09503462,16.16639792,1,1,260.82252161,1
502,0.5261926,0.42010326,0.63031933,0.35253083,0.62820331,15.67860688,15.68286146,1,1,100.00328197,1
503,0.50460056,0.42891431,0.61216191,0.31637149,0.64499456,15.37307326,15.49301474,1,1,1328.50205275,1
504,0.50265164,0.43014582,0.61434627,0.35988602,0.661486,15.7183651,15.87235141,1,1,364.15799828,1
505,0.49229895,0.43041635,0.61185091,0.40220829,0.63916981,15.33368729,15.4363281,1,1,1584.7419468,1
506,0.49227903,0.42965961,0.61198226,0.36420545,0.65635569,15.68193667,15.72146301,1,1,100.10963134,1
507,0.53813028,0.45270118,0.61042549,0.40164889,0.65680151,15.71640023,15.81645194,1,1,1578.9898146,1
508,0.54789841,0.4502755,0.61569751,0.36362275,0.6729528,15.82999246,15.92032141,1,1,106.70197162,1
509,0.54987519,0.45803742,0.61641257,0.39654434,0.68937724,15.90508426,15.94277468,1,1,100.38656017,1
510,0.54481728,0.46801238,0.61179294,0.43851293,0.66559357,15.56850989,15.68959714,1,1,1583.16373419,1
511,0.54663117,0.48072128,0.6054534,0.47968092,0.68018438,15.86661701,15.88590366,1,1,595.80250626,1
512,0.52303913,0.4792616,0.62206134,0.49289194,0.66245326,15.86925289,15.90712451,1,1,102.75674931,1
513,0.52318174,0.47843527,0.62177001,0.53279766,0.63968287,15.60806056,15.61122519,1,1,133.27871695,1
514,0.55583824,0.45934331,0.62957104,0.5721417,0.61717912,15.51290781,15.62692158,1,1,1584.89102339,1
515,0.55601105,0.47807825,0.62026924,0.61062225,0.63481492,15.54669123,15.55522637,1,1,605.04633568,1
516,0.52963532,0.47594429,0.62996098,0.62719123,0.65209634,15.88149946,15.88422084,1,1,100.5332043,1
517,0.52487148,0.4882654,0.61512371,0.58566576,0.63697505,15.7749468,15.84154019,1,1,100.00170713,1
518,0.52494977,0.49187764,0.62652285,0.57581747,0.63712413,15.32291119,15.37065593,1,1,104.66302674,1
519,0.52494189,0.49170809,0.62649239,0.61427022,0.65322892,15.86630963,15.98731234,1,1,1514.79694494,1
520,0.49363516,0.45609369,0.65380289,0.65118264,0.67016393,15.22458049,15.35599999,1,1,791.16737952,1
521,0.48492248,0.45859463,0.64431641,0.6881585,0.64969078,15.33393152,15.35904389,1,1,1584.20450802,1
522,0.48833665,0.45593322,0.60931635,0.72097093,0.63180371,15.61622578,15.64109649,1,1,883.90661193,1
523,0.49587808,0.46521091,0.61525307,0.74128739,0.60916816,15.91623509,15.97561556,1,1,100.09297756,1
524,0.50583442,0.44928786,0.60100115,0.69648822,0.61377389,15.84091675,15.92986971,1,1,203.26210653,1
525,0.50600905,0.44879613,0.60110535,0.71985765,0.59160834,16.04246949,16.08458216,1,1,1568.58657247,1
526,0.58266873,0.45126004,0.61804479,0.75536259,0.60887167,15.60980451,15.76074173,1,1,142.57101909,1
527,0.56517796,0.45703784,0.59554106,0.73291713,0.60607883,15.54243845,15.66473571,1,1,1573.53500101,1
528,0.54503529,0.47191699,0.60257816,0.76728712,0.62395683,15.59859075,15.73240373,1,1,1584.87615433,1
529,0.54533643,0.47478843,0.59163611,0.79693469,0.6137002,15.78158653,15.78904728,1,1,102.38511372,1
530,0.54148428,0.50704133,0.61416749,0.83011372,0.60111219,15.69075803,15.78814164,1,1,1554.08156313,1
531,0.54535417,0.49488284,0.60887698,0.86326925,0.57909332,15.14765295,15.15164932,1,1,100.39970748,1
532,0.54532339,0.49405612,0.60895069,0.89324206,0.55780442,15.57239712,15.67560178,1,1,1537.3758901,1
533,0.57072118,0.44754226,0.60582201,0.86569092,0.57384303,16.00676822,16.06195178,1,1,568.92102392,1
534,0.5793913,0.46159013,0.62768565,0.89703715,0.59093121,15.96796347,16.07134247,1,1,119.83558266,1
535,0.54386455,0.47448072,0.59576911,0.85130465,0.60847286,15.36957492,15.3710377,1,1,1571.03992597,1
536,0.54207927,0.47025672,0.60167282,0.8069696,0.5865325,15.54946256,15.68528469,1,1,139.19025895,1
537,0.54908134,0.47626253,0.59659652,0.8223028,0.56557944,16.1847833,16.20732999,1,1,104.93847796,1
538,0.54914362,0.47557327,0.59655264,0.85577653,0.57915064,15.43745766,15.54676648,1,1,1529.51502109,1
539,0.61187035,0.46106004,0.61114634,0.82401387,0.59730663,15.9805664,16.07283068,1,1,102.15184267,1
540,0.61344889,0.45916328,0.62642682,0.785431,0.61536044,15.90539569,15.98303498,1,1,100.00137907,1
541,0.59244109,0.47755749,0.59332414,0.8196809,0.59925193,16.38036688,16.40378103,1,1,100.00041968,1
542,0.58091463,0.48540683,0.61738758,0.77328764,0.58014457,15.77053902,15.81486197,1,1,100.19402349,1
543,0.57847749,0.49112436,0.60478458,0.72816664,0.56795507,15.43877974,15.58090939,1,1,1578.27716332,1
544,0.55906625,0.49124088,0.5802263,0.76250412,0.5668022,15.75439868,15.75573242,1,1,101.82146543,1
545,0.55922325,0.49082273,0.58013355,0.79725382,0.57462108,15.62830238,15.65071404,1,1,1583.91156057,1
546,0.58794454,0.45942276,0.58790821,0.75180286,0.59282952,15.64666076,15.80069188,1,1,100.3749791,1
547,0.59993947,0.46839318,0.57980936,0.78675057,0.57686041,15.35930248,15.43310325,1,1,100.69002257,1
548,0.56836823,0.4772983,0.58917574,0.74373015,0.57693066,15.77724358,15.90640387,1,1,1583.21284379,1
549,0.57696591,0.50565799,0.57257362,0.69888015,0.59538247,15.47795644,15.49986136,1,1,513.70664966,1
550,0.55003487,0.50773676,0.58202759,0.73490253,0.6121654,15.39864365,15.45103034,1,1,391.51135697,1
551,0.54961177,0.50490377,0.56608478,0.69033783,0.58994616,15.56642014,15.71309825,1,1,1188.78564627,1
552,0.54942585,0.50613531,0.5658966,0.72647711,0.56821504,15.60546927,15.67444135,1,1,1584.36786135,1
553,0.57392896,0.46696963,0.5840015,0.76076861,0.54685249,15.7990832,15.86193166,1,1,174.74997597,1
554,0.54935442,0.48827953,0.57226135,0.71556104,0.5638812,15.92863004,16.08736817,1,1,130.84322021,1
555,0.55999697,0.48658491,0.5853441,0.75116711,0.58259538,15.42620613,15.53915086,1,1,1427.18026786,1
556,0.55082224,0.50283647,0.56644202,0.78613803,0.5609435,15.93615166,16.07763268,1,1,1208.22485423,1
557,0.5208688,0.49872901,0.56118099,0.74041597,0.53973118,15.55940776,15.58199538,1,1,126.01780881,1
558,0.5211134,0.49911599,0.56115302,0.71640103,0.55705749,16.20342366,16.28250693,1,1,1581.68738498,1
559,0.58105302,0.49994924,0.57967932,0.68058823,0.57591431,15.56633896,15.69129849,1,1,101.23881392,1
560,0.57625868,0.48813032,0.56647095,0.63697652,0.5929363,15.72585374,15.74103136,1,1,100.01215896,1
561,0.56148707,0.50644449,0.55523288,0.67355425,0.57854987,15.56647583,15.6149761,1,1,1574.80231749,1
562,0.56639405,0.5279198,0.57735661,0.70356858,0.5569895,15.6717084,15.80632843,1,1,100.49121163,1
563,0.54268113,0.51665805,0.55291466,0.72354925,0.57579264,16.13145898,16.2607944,1,1,1454.33963113,1
564,0.54277809,0.51673711,0.55297011,0.68105333,0.55454985,16.05939898,16.12600385,1,1,102.36629545,1
565,0.51459017,0.44820258,0.57056767,0.71641156,0.53346172,15.54603692,15.67223444,1,1,1547.31000429,1
566,0.52634314,0.45410006,0.56979325,0.75199662,0.5522061,15.27975495,15.33958942,1,1,100.03326973,1
567,0.5096373,0.47196652,0.56948878,0.78666133,0.57018098,15.27638932,15.30884629,1,1,313.28911712,1
568,0.5018573,0.4688814,0.56133083,0.81969735,0.57767742,16.09587877,16.23930186,1,1,322.03014186,1
569,0.49319727,0.46637088,0.5465466,0.83940292,0.59584918,15.48469862,15.59429317,1,1,1566.67378496,1
570,0.49297774,0.46649589,0.54647593,0.7929286,0.57437152,15.88316132,15.9621027,1,1,119.13933364,1
571,0.56002654,0.48854922,0.57719547,0.82673719,0.55813326,15.56018227,15.59702695,1,1,103.903795,1
572,0.52766718,0.49851597,0.5499037,0.78020278,0.57693999,15.18502155,15.32072509,1,1,100.00846908,1
573,0.55019163,0.50275404,0.56779767,0.81437555,0.58751635,14.96926427,15.08931706,1,1,100.01423034,1
574,0.52779072,0.52203521,0.56543585,0.79068833,0.60575224,16.05873004,16.21519212,1,1,100.03818676,1
575,0.53310897,0.51816432,0.56960374,0.80977291,0.61561914,15.72545004,15.73285989,1,1,100.00127502,1
576,0.52003847,0.53683188,0.5557609,0.82624078,0.59371766,15.55881302,15.58469379,1,1,272.07664399,1
577,0.51964103,0.53801564,0.55560067,0.85889541,0.57252894,15.61688912,15.75378783,1,1,125.08341951,1
578,0.54587377,0.5243441,0.57725884,0.89152186,0.58178368,15.42342893,15.48910144,1,1,134.03782566,1
579,0.52566996,0.51858672,0.55272513,0.85440871,0.59185592,16.13682348,16.28760167,1,1,111.589836,1
580,0.51142826,0.52336534,0.57152224,0.80769697,0.57068909,15.58567283,15.6542877,1,1,100.81977998,1
581,0.52323421,0.52444197,0.54723915,0.76154576,0.58315021,15.8660039,15.93840731,1,1,101.10101374,1
582,0.52335175,0.52327404,0.54717989,0.72071161,0.59721617,15.10702785,15.15680474,1,1,1569.23947141,1
583,0.50995128,0.48418831,0.55804941,0.67662832,0.61150087,15.85955416,15.94034639,1,1,669.28807676,1
584,0.49433322,0.48495972,0.56187615,0.63315118,0.59708241,15.42966915,15.55988918,1,1,100.05012285,1
585,0.4858955,0.49547252,0.55476491,0.61607099,0.61507263,15.5585041,15.60543174,1,1,1530.48970358,1
586,0.49589271,0.48893865,0.56406146,0.57426987,0.6030604,15.9172085,16.03911099,1,1,101.612204,1
587,0.49376875,0.50571824,0.55690435,0.59058221,0.58099961,15.58278789,15.7309105,1,1,1582.81490886,1
588,0.4936814,0.50649173,0.55699443,0.54877163,0.59271132,16.1067531,16.19145766,1,1,132.94531137,1
589,0.47520966,0.52691604,0.56561943,0.58534765,0.61077157,15.289524,15.29942426,1,1,257.38586923,1
590,0.4700546,0.51449908,0.58158474,0.54646362,0.58856702,15.82039131,15.96718024,1,1,1556.88735518,1
591,0.48922904,0.49740444,0.55109021,0.50557611,0.57964584,16.04791202,16.0512085,1,1,1147.97613755,1
592,0.50240246,0.51631222,0.54525221,0.52603436,0.56350086,16.11556456,16.22415673,1,1,247.75527098,1
593,0.49908249,0.50713638,0.56686116,0.5649263,0.54223823,15.69726098,15.77991712,1,1,155.43810389,1
594,0.49951819,0.50699152,0.56682211,0.52363848,0.55810462,15.79247464,15.87066687,1,1,1584.18694362,1
595,0.4768804,0.53666628,0.58423123,0.56271779,0.54036196,16.37702757,16.39214532,1,1,112.36426368,1
596,0.49158355,0.50881046,0.57176999,0.52146353,0.55572793,16.05290945,16.20659231,1,1,1351.41076228,1
597,0.48917655,0.50769015,0.5658215,0.51030964,0.55302003,16.11428716,16.1831074,1,1,100.07843019,1
598,0.48520643,0.51008943,0.53212276,0.54785355,0.57079675,15.59964949,15.63426295,1,1,1583.82885018,1
599,0.4850369,0.50813368,0.53189633,0.58641835,0.54944856,15.84607721,15.87087099,1,1,940.04904882,1
600,0.55231385,0.53089175,0.54777032,0.54541503,0.52885238,15.57012855,15.70631604,1,1,1580.82297942,1
601,0.54285648,0.55274489,0.53519526,0.50450676,0.50831296,15.82193807,15.9314656,1,1,1300.92646442,1
602,0.53091274,0.5631164,0.53891049,0.54381574,0.4982784,15.87331589,15.90327873,1,1,105.29154969,1
603,0.54840445,0.56259211,0.54265442,0.58293733,0.47844558,15.66358084,15.81316867,1,1,101.85851361,1
604,0.52931592,0.56664112,0.5365835,0.55812461,0.49499232,15.23934696,15.3268509,1,1,1091.83833861,1
605,0.52913773,0.56746933,0.53670798,0.59693605,0.51196744,16.05886948,16.21738798,1,1,1576.52527353,1
606,0.49939082,0.55189242,0.5359572,0.55509067,0.49766821,15.88117924,16.02065846,1,1,1249.37230781,1
607,0.50840905,0.5387869,0.55556716,0.51399999,0.47784576,15.63386593,15.65761678,1,1,189.74297664,1
608,0.51754922,0.5492526,0.53862437,0.54511953,0.45829551,15.7106741,15.72843375,1,1,215.93945636,1
609,0.49810095,0.54832833,0.56125688,0.50527096,0.46323631,15.49044205,15.59320786,1,1,1567.36543347,1
610,0.51304052,0.53630572,0.56008953,0.46519113,0.48112136,15.27211571,15.40608091,1,1,351.21256269,1
611,0.51307871,0.53613475,0.56029661,0.50588671,0.46729762,15.92609373,16.07327448,1,1,160.73227211,1
612,0.49662947,0.52303515,0.56779531,0.54575799,0.48513103,15.96711472,16.09834799,1,1,1584.53037865,1
613,0.49195141,0.51921107,0.57154216,0.51630765,0.50456496,15.55903841,15.58561756,1,1,100.05750627,1
614,0.49414968,0.53093526,0.56687029,0.55511459,0.48447385,15.5431793,15.68515314,1,1,100.01713657,1
615,0.4796457,0.51793812,0.55914928,0.52134001,0.4648375,15.5480515,15.58916529,1,1,500.13969886,1
616,0.4804686,0.5120492,0.55767531,0.48091321,0.46404411,15.62465906,15.67537117,1,1,100.21982795,1
617,0.4959848,0.50736242,0.55894939,0.52060921,0.48476293,15.75653184,15.84432802,1,1,101.17311822,1
618,0.49606782,0.5070931,0.55885568,0.48062762,0.46758143,15.34450129,15.39443196,1,1,174.63233308,1
619,0.47721733,0.52267087,0.58113696,0.44110437,0.44891541,15.69991515,15.80680854,1,1,122.2431546,1
620,0.47082109,0.51555369,0.57991633,0.44291462,0.43029518,15.2887147,15.44027142,1,1,108.66142886,1
621,0.4791032,0.51328389,0.56383785,0.48405629,0.41169119,16.16101805,16.31125251,1,1,1154.2576691,1
622,0.4839104,0.49442619,0.56559629,0.44575105,0.43272499,15.67098014,15.77927731,1,1,152.14562138,1
623,0.48160518,0.48969079,0.54270009,0.41000139,0.45385554,15.73724747,15.78394292,1,1,100.35373717,1
624,0.48174544,0.4892449,0.54275553,0.45165477,0.44243394,15.60990205,15.72071483,1,1,100.04919771,1
625,0.44538079,0.54704856,0.5518881,0.4160562,0.4237064,15.74913204,15.83169455,1,1,102.16845606,1
626,0.45849335,0.53552375,0.54151782,0.45288792,0.40756495,15.38865785,15.42619663,1,1,355.3431131,1
627,0.47538054,0.50583891,0.56091098,0.48602348,0.38941407,16.08959967,16.22295907,1,1,1450.76781523,1
628,0.49018268,0.51344859,0.55234546,0.52617387,0.37163436,15.86639742,15.89315261,1,1,1578.04399672,1
629,0.47546809,0.49964459,0.55078698,0.5358155,0.3647771,15.95741224,15.9954594,1,1,154.00842805,1
630,0.47529539,0.49943111,0.55100056,0.50685092,0.34789953,15.24090044,15.32050544,1,1,1528.79449561,1
631,0.49037139,0.576102,0.57138703,0.54671357,0.33100966,16.00802725,16.01853993,1,1,144.71609106,1
632,0.49716028,0.58291545,0.55618356,0.58538695,0.33161504,15.1405419,15.18688946,1,1,1581.44241631,1
633,0.51641034,0.56890832,0.54828442,0.62052667,0.35367313,15.72782972,15.81940919,1,1,1583.47846087,1
634,0.5141091,0.5631253,0.55565505,0.65788661,0.33877559,15.78093615,15.81272701,1,1,1567.60518226,1
635,0.53109649,0.53003537,0.53182745,0.61545353,0.32443604,15.38683447,15.53298633,1,1,133.69763116,1
636,0.53082538,0.53092425,0.53153533,0.58734024,0.30795101,15.67276555,15.76450391,1,1,109.51834918,1
637,0.50903984,0.48830919,0.5385847,0.60685858,0.32871185,15.50511071,15.56049704,1,1,102.02979364,1
638,0.52253317,0.49800606,0.54634611,0.56877216,0.35212116,15.69780651,15.73345264,1,1,100.66585857,1
639,0.49191183,0.49629028,0.55172272,0.60726055,0.36184106,15.4989527,15.63343054,1,1,400.78999142,1
640,0.48476493,0.49452268,0.52866607,0.58625735,0.34524603,15.73390247,15.80206023,1,1,100.00734758,1
641,0.5037685,0.50174254,0.54660061,0.62451318,0.32835026,15.34479836,15.43458149,1,1,1183.41150709,1
642,0.50353829,0.50151703,0.54678195,0.64960859,0.3118789,15.96208644,16.05704734,1,1,100.32889932,1
643,0.5065004,0.44602467,0.55366973,0.68556438,0.33563405,15.98978377,16.00839576,1,1,839.43100873,1
644,0.50787878,0.45701808,0.5330149,0.70147978,0.31973526,15.51433819,15.59972961,1,1,1568.61999424,1
645,0.47460589,0.48308761,0.54878004,0.65745021,0.31979748,15.65144622,15.68753257,1,1,110.52586795,1
646,0.49411952,0.48130546,0.53285391,0.63823465,0.30565253,15.62518052,15.76864552,1,1,1566.03265313,1
647,0.49407053,0.48254173,0.53263219,0.67064175,0.29928522,15.67613053,15.7690395,1,1,100.46309316,1
648,0.54089498,0.53628595,0.53717376,0.69240859,0.28329952,15.48984627,15.54168124,1,1,461.94201775,1
649,0.54948908,0.52995291,0.55044765,0.71378626,0.30034679,15.82162223,15.87694136,1,1,100.00274227,1
650,0.5412559,0.53299122,0.53619047,0.74948483,0.2847059,15.6285333,15.75452962,1,1,100.00330447,1
651,0.56559676,0.53853125,0.51616246,0.71114743,0.30901164,15.53103441,15.61483099,1,1,118.23612679,1
652,0.56567599,0.53893057,0.51614732,0.74692423,0.2931263,15.47522198,15.49343165,1,1,104.75791179,1
653,0.56495446,0.49517449,0.51713592,0.77912088,0.31723624,15.27860619,15.31245328,1,1,108.27290795,1
654,0.56425743,0.49352318,0.54004319,0.79635817,0.34087693,15.64432155,15.67182482,1,1,100.07340252,1
655,0.54539465,0.50866473,0.527061,0.77271639,0.36405939,15.56448378,15.68519659,1,1,100.00258045,1
656,0.52112382,0.49268662,0.52307844,0.80566266,0.3467782,15.5892961,15.70413643,1,1,1474.1141024,1
657,0.53109578,0.50424626,0.51679298,0.7717796,0.3692334,15.35111959,15.40470301,1,1,649.663993,1
658,0.51499175,0.50545345,0.53672105,0.8032291,0.39181319,15.24162372,15.37907656,1,1,140.41328948,1
659,0.5145199,0.50569507,0.53646882,0.77461657,0.37397786,16.13936535,16.28873311,1,1,104.08148573,1
660,0.55720587,0.47302191,0.56183576,0.72912425,0.37909301,15.79885197,15.9278355,1,1,1506.81172305,1
661,0.54324449,0.49711878,0.53635714,0.7130455,0.36441562,15.75531823,15.88915136,1,1,100.00360724,1
662,0.53733477,0.48835484,0.5422456,0.69409235,0.38612568,15.29724206,15.32634522,1,1,101.30736976,1
663,0.51573677,0.50182913,0.52573147,0.65950319,0.4084031,15.44541022,15.56742357,1,1,100.75173577,1
664,0.52393926,0.50432968,0.52803943,0.69631191,0.39517814,16.28036845,16.30767887,1,1,100.07976586,1
665,0.52380045,0.50587279,0.52815249,0.7323439,0.41417374,15.5608426,15.57521144,1,1,848.5953523,1
666,0.48098063,0.48316775,0.54866419,0.68794095,0.43589021,15.59783862,15.74955643,1,1,102.65920812,1
667,0.49053469,0.48033002,0.53449925,0.72417616,0.41870633,15.70551936,15.85007703,1,1,1561.94081835,1
668,0.49476317,0.47455722,0.52898713,0.68247966,0.43620314,15.84964776,15.95440852,1,1,1129.15989653,1
669,0.49673865,0.46826377,0.52233202,0.71839539,0.45695314,15.85092505,15.90058545,1,1,1584.83671653,1
670,0.50620589,0.4622198,0.54880293,0.72104404,0.43781481,15.73725194,15.87816754,1,1,1476.82746866,1
671,0.48642383,0.47332501,0.52287989,0.75534828,0.41964602,15.12253983,15.15659798,1,1,1576.78846068,1
672,0.48604841,0.47465347,0.52283381,0.7739236,0.40531518,15.99941024,16.12322877,1,1,1054.67011342,1
673,0.49545618,0.56462922,0.53046434,0.73015498,0.42710866,15.82493169,15.91007232,1,1,228.05287176,1
674,0.50507397,0.5372844,0.53463362,0.7407427,0.40891879,15.50413722,15.52170948,1,1,1567.10156682,1
675,0.51767518,0.54874147,0.51333186,0.69593747,0.39120922,15.6291634,15.71533483,1,1,213.34266893,1
676,0.5343886,0.50980975,0.52987495,0.73200803,0.39077365,15.83358981,15.95018735,1,1,101.27875585,1
677,0.53449127,0.51022839,0.52978991,0.68744291,0.3729831,15.50823445,15.58427627,1,1,100.56749364,1
678,0.52704283,0.48403279,0.55062532,0.66303287,0.35552398,15.56219178,15.56809837,1,1,1583.85195101,1
679,0.52630665,0.49224337,0.53459825,0.69774527,0.33847695,15.9245366,15.97351327,1,1,206.58945299,1
680,0.52060794,0.48895835,0.53395556,0.65977806,0.33105975,15.75333529,15.79346914,1,1,100.03791881,1
681,0.49452486,0.50273102,0.55290412,0.69657174,0.31748472,15.77106221,15.78956912,1,1,101.38651734,1
682,0.50536648,0.49756786,0.55207571,0.67780725,0.32515813,15.926129,15.97002002,1,1,100.05165472,1
683,0.5051756,0.49669368,0.55198557,0.63494949,0.34827882,15.8185812,15.94531063,1,1,100.04071799,1
684,0.46736763,0.51102939,0.54486302,0.65998419,0.3362259,15.60911004,15.74847911,1,1,102.51396493,1
685,0.45589438,0.49042835,0.54973466,0.69677078,0.35152866,15.73139482,15.73700123,1,1,1572.75476921,1
686,0.46288779,0.482494,0.53950691,0.65332731,0.35465832,15.79821883,15.92339558,1,1,107.50939342,1
687,0.49345744,0.48055317,0.53100068,0.61830588,0.33756521,15.70694801,15.75260589,1,1,1579.70812235,1
688,0.48466992,0.48359161,0.52485638,0.65247568,0.3353292,15.57795712,15.62410104,1,1,1584.0076141,1
689,0.48469767,0.48290972,0.52480247,0.61100705,0.3209144,15.69721469,15.72134373,1,1,100.77762994,1
690,0.54746878,0.5162732,0.52739375,0.56913763,0.34423697,15.81474725,15.96837992,1,1,971.0419077,1
691,0.5409909,0.52753194,0.55087039,0.5277557,0.32740978,15.66527289,15.81537339,1,1,746.93854149,1
692,0.53060372,0.53426171,0.5518467,0.56719835,0.31537785,15.82819948,15.90804471,1,1,152.72635141,1
693,0.5229057,0.53080687,0.53155219,0.53453591,0.33906655,15.49495598,15.601121,1,1,1583.54933125,1
694,0.51920089,0.52278372,0.52314439,0.4938478,0.35885465,15.47753363,15.59074296,1,1,100.03545471,1
695,0.51919022,0.5223887,0.52323582,0.49425535,0.36211311,15.64080069,15.65432182,1,1,100.34773071,1
696,0.5849224,0.52699935,0.53442576,0.46783434,0.38445817,15.50395599,15.55190643,1,1,474.12829385,1
697,0.58052394,0.52519839,0.53772542,0.42850466,0.3667796,15.67126116,15.76348146,1,1,820.35654051,1
698,0.56064479,0.53977373,0.53327975,0.39002097,0.36870282,15.57085706,15.63422541,1,1,1583.00935822,1
699,0.5598371,0.54502109,0.53233201,0.4318758,0.38891051,15.8378179,15.84716243,1,1,108.54415771,1
700,0.55008759,0.55411711,0.52953876,0.47175901,0.37140178,15.70091293,15.77359061,1,1,100.006378,1
701,0.55002918,0.55373901,0.52957016,0.51200895,0.38113372,15.69454929,15.77899547,1,1,1549.81341663,1
702,0.53649327,0.50422552,0.53921242,0.5365656,0.40186408,15.5362895,15.54112648,1,1,1066.42468512,1
703,0.53014217,0.52023157,0.54195595,0.57537303,0.42382586,15.48115272,15.61971753,1,1,133.25477609,1
704,0.5295214,0.52099763,0.54813565,0.53953888,0.40617428,15.34771834,15.45183451,1,1,100.01359551,1
705,0.50783902,0.50978214,0.52581617,0.49874815,0.42801557,15.58453786,15.64964837,1,1,1575.87755097,1
706,0.49245162,0.4978363,0.52930022,0.47291752,0.4481459,15.73622891,15.8534476,1,1,1583.9531823,1
707,0.50574913,0.51801313,0.54254027,0.51082386,0.43917369,15.53051041,15.58661246,1,1,210.27582687,1
708,0.50573456,0.51883762,0.54251368,0.54748554,0.46039017,15.49826946,15.54890139,1,1,102.42185171,1
709,0.45767357,0.51673474,0.55809413,0.5716825,0.48053576,15.53006022,15.64714516,1,1,1577.1190443,1
710,0.48309858,0.51075331,0.54975465,0.53490064,0.50089957,15.92353122,16.03023502,1,1,129.75562409,1
711,0.4839631,0.51102402,0.54653307,0.50488577,0.49465193,15.40350859,15.45874534,1,1,101.1153934,1
712,0.49307154,0.5049318,0.5470303,0.54477209,0.47477947,15.020436,15.13681766,1,1,102.68330375,1
713,0.49460284,0.48764442,0.53295497,0.58386935,0.47208733,16.15286913,16.21556819,1,1,1331.18541533,1
714,0.49479593,0.48762532,0.5332647,0.62025808,0.49233882,16.23806177,16.33987129,1,1,419.96157924,1
715,0.55506064,0.51264449,0.55293745,0.6563032,0.51249203,15.46552572,15.4847588,1,1,555.2166948,1
716,0.55243422,0.52398025,0.54502746,0.61844131,0.52665267,15.60912568,15.7008146,1,1,103.21256858,1
717,0.54209882,0.51677975,0.5434878,0.65588783,0.5063736,15.80003861,15.81496813,1,1,100.07975252,1
718,0.55013542,0.51503237,0.53231673,0.692768,0.52599548,15.99039629,16.01679143,1,1,100.04155176,1
719,0.53657145,0.53524522,0.5273845,0.72875293,0.50548007,15.52790847,15.54122637,1,1,1522.2532392,1
720,0.53672901,0.53513726,0.52759171,0.73366493,0.52532006,16.01826981,16.17664655,1,1,1584.85256876,1
721,0.51721793,0.48856437,0.5457929,0.76858623,0.53062696,15.51883106,15.60861966,1,1,100.13083982,1
722,0.51931638,0.47816586,0.55658483,0.72321475,0.54969386,15.48871856,15.55370212,1,1,1567.92314451,1
723,0.51071717,0.48583462,0.5320243,0.75864219,0.52948215,15.57382828,15.70901048,1,1,1584.11331344,1
724,0.49197698,0.47665246,0.53865761,0.78276692,0.54622903,16.09712989,16.21697931,1,1,1488.24704062,1
725,0.48601714,0.50433818,0.54197742,0.81667407,0.55918083,15.36561967,15.47590296,1,1,100.00003817,1
726,0.48623517,0.5050593,0.54186084,0.77112026,0.54157075,15.8540741,15.99259272,1,1,103.45025716,1
727,0.5209157,0.59567744,0.53805569,0.80560746,0.53392684,15.93292828,16.07770018,1,1,134.26439133,1
728,0.51545771,0.59808089,0.54940538,0.75958933,0.53696552,15.98770522,16.05018982,1,1,1528.51280506,1
729,0.53026902,0.58560338,0.5268659,0.72221655,0.55622614,15.54933267,15.70246575,1,1,1126.11640644,1
730,0.55548031,0.57876662,0.51913312,0.75693035,0.53851746,15.44637635,15.49815597,1,1,1509.23141066,1
731,0.55964501,0.56142382,0.51708141,0.79055624,0.55663921,15.76617214,15.90055943,1,1,1584.56379453,1
732,0.55960814,0.56205582,0.51685092,0.74476841,0.5754698,15.50735754,15.59498702,1,1,100.11037206,1
733,0.52698222,0.50543176,0.53599828,0.77986907,0.57425631,15.30178395,15.41811245,1,1,121.05599357,1
734,0.54616026,0.49708125,0.51760499,0.81414466,0.59275501,15.84752121,15.88211755,1,1,100.09564592,1
735,0.51128212,0.50219288,0.53073634,0.76788126,0.61079467,16.00519648,16.1269322,1,1,109.85333388,1
736,0.52277498,0.5026781,0.53039757,0.80227474,0.58861064,15.63758519,15.73222047,1,1,100.00570572,1
737,0.50709561,0.5148266,0.52670416,0.83622355,0.57690126,15.88775831,16.04345948,1,1,1578.31199049,1
738,0.503087,0.50834628,0.52574291,0.86809442,0.55848622,16.12680299,16.22416753,1,1,477.26517714,1
739,0.50307382,0.50834393,0.52566383,0.90073242,0.5373169,16.04320723,16.19470285,1,1,1510.39917161,1
740,0.48186087,0.5100634,0.54791272,0.90897991,0.55606982,15.39232547,15.50556816,1,1,117.26237068,1
741,0.46820605,0.49317945,0.5400946,0.86108957,0.55332309,15.7389715,15.86432389,1,1,890.05325029,1
742,0.48538759,0.49548184,0.51815559,0.89386754,0.56820995,16.12471209,16.27983665,1,1,1097.99072001,1
743,0.46988028,0.48261025,0.53532856,0.8460312,0.58653981,15.67887501,15.76567927,1,1,100.00196905,1
744,0.49252605,0.48962768,0.51589436,0.79952513,0.56758939,16.14717995,16.15752725,1,1,100.0000807,1
745,0.49253257,0.48936409,0.51587116,0.82360546,0.58621459,15.33525717,15.46831122,1,1,101.06962314,1
746,0.54430116,0.52559617,0.5202408,0.85393149,0.56881898,15.52625538,15.60049512,1,1,105.70699985,1
747,0.53756348,0.50929206,0.53001255,0.82947778,0.54745122,15.44122356,15.59226753,1,1,100.5977245,1
748,0.55528262,0.5180227,0.5394083,0.92146166,0.4811057,15.74672694,15.81516719,1,1,1568.19237801,0
749,0.54046838,0.53615759,0.51942276,0.79362273,0.49234941,15.82920575,15.87201058,1,1,106.22842739,0
750,0.54071498,0.52425795,0.53676074,0.87958934,0.54141893,15.53939711,15.60038763,1,1,251.04292395,0
751,0.54077076,0.52316625,0.53669417,0.95532688,0.47467372,15.0194758,15.09741184,1,1,100.00154904,0
752,0.45187759,0.45653186,0.52104093,1,0.52529521,16.03000014,16.15464315,1,1,103.46164377,0
753,0.37549718,0.44111715,0.4727449,1,0.45550332,15.54011376,15.58438876,1,1,1524.55165808,0
754,0.26558107,0.39478231,0.42072271,1,0.49802547,15.79898113,15.83141047,1,1,101.6717989,0
755,0.19002907,0.36613067,0.38020156,1,0.4283046,15.87476495,15.92044074,1,1,369.08698073,0
756,0.13946068,0.34863589,0.34563802,0.99848789,0.47830179,15.71768022,15.76275831,1,1,108.1178978,0
757,0.13932756,0.34832243,0.34579467,0.88541268,0.40973583,15.27484992,15.37865082,1,1,1582.66267255,0
758,0.25587813,0.45931015,0.38838417,0.80504508,0.34203704,15.31630012,15.39663922,1,1,1584.02127442,0
759,0.32694754,0.48302815,0.4147511,0.90360709,0.35067825,15.26009216,15.3381728,1,1,101.49317518,0
760,0.43569712,0.54485412,0.46300779,1,0.37071638,15.81139178,15.87880476,1,1,866.49757074,0
761,0.56384697,0.58061162,0.5163385,1,0.41896428,15.73267645,15.77906883,1,1,1293.79697759,0
762,0.65351903,0.64163329,0.57908541,0.98125594,0.42452866,15.59522346,15.62880606,1,1,120.67606541,0
763,0.74060768,0.66796852,0.59679151,1,0.35671358,15.96288933,16.12026758,1,1,249.50044664,0
764,0.77647765,0.68329991,0.61125177,1,0.28671588,15.7136245,15.82605638,1,1,1466.26663917,0
765,0.77659696,0.68335384,0.61113739,1,0.2954152,15.49215133,15.51456994,1,1,1267.1152809,0
766,0.70558723,0.60492182,0.60483463,1,0.31372643,16.25876792,16.29769015,1,1,1584.88677739,1
767,0.63311571,0.60200436,0.56089941,1,0.33744039,15.72083097,15.81533664,1,1,460.7299445,1
768,0.52446143,0.55936672,0.53793294,1,0.32079766,15.8914355,15.96280831,1,1,1584.81152142,1
769,0.42390544,0.50104597,0.49866414,0.95250984,0.30439368,15.50414585,15.51495656,1,1,100.74514297,1
770,0.33813549,0.47095959,0.45797741,0.90389819,0.32150812,15.86589267,15.99500648,1,1,852.3384683,1
771,0.28960212,0.44466564,0.43690961,0.93541607,0.34018863,15.63139652,15.77379338,1,1,257.76507708,1
772,0.28943738,0.44557567,0.43714789,0.94232378,0.32338581,16.0601212,16.14192502,1,1,1464.1618942,1
773,0.30892368,0.51966944,0.45343292,0.96629598,0.34686376,15.51900454,15.61746994,1,1,1584.56155657,1
774,0.31744802,0.5353572,0.44047443,0.99675606,0.33307501,15.82456541,15.83679948,1,1,133.14137831,1
775,0.33349558,0.50974662,0.46380891,1,0.31644712,16.0029288,16.09719253,1,1,204.1925708,1
776,0.34286078,0.50993031,0.45312408,0.98255698,0.33991987,15.77584635,15.90273983,1,1,100.90793788,1
777,0.37139584,0.5250017,0.45316239,1,0.35775864,15.46969912,15.5102124,1,1,1440.47073698,1
778,0.37670026,0.52428526,0.44856135,0.95019745,0.34068822,16.07352988,16.13881208,1,1,1089.47376657,1
779,0.3846467,0.49683335,0.45771112,0.98027311,0.32392049,16.03748526,16.11855686,1,1,137.78458885,1
780,0.40971561,0.51306822,0.45591269,0.93071845,0.34728619,15.3853322,15.41617878,1,1,100.00030772,1
781,0.41348738,0.49468367,0.44607565,0.95224851,0.33715776,15.51955455,15.60139907,1,1,126.71122271,1
782,0.41323903,0.49502635,0.44586306,0.98155492,0.35985966,15.65036358,15.75174951,1,1,1544.45664242,1
783,0.43584376,0.55107075,0.46647217,0.97924213,0.34504925,16.08540522,16.24053342,1,1,194.43002345,1
784,0.431211,0.55383376,0.47171403,0.92993692,0.32825462,15.45135978,15.485081,1,1,781.05981449,1
785,0.44854545,0.55675495,0.45224405,0.88136297,0.34491297,15.41583198,15.42497807,1,1,187.78750751,1
786,0.45620221,0.55583756,0.47891321,0.83373979,0.33271669,15.35566113,15.43308889,1,1,104.12562593,1
787,0.47752953,0.54206581,0.4560857,0.86706484,0.3232255,15.57124108,15.71989656,1,1,116.02223584,1
788,0.49234018,0.54548687,0.4708265,0.8423127,0.30780557,15.3987856,15.4582561,1,1,1395.20770892,1
789,0.49218231,0.54468574,0.47061673,0.87545262,0.29477224,15.46834327,15.56611465,1,1,1197.10485144,1
790,0.47498424,0.60183213,0.49017779,0.90781006,0.27887716,15.60199992,15.67769067,1,1,101.45311712,1
791,0.48730235,0.58649793,0.49902051,0.91138983,0.28104002,15.97647672,16.05051129,1,1,168.21852893,1
792,0.49991082,0.57437613,0.50565497,0.86341903,0.30412718,15.44258219,15.54648851,1,1,100.14074133,1
793,0.49372411,0.55084041,0.48688562,0.81620565,0.32799613,15.58093841,15.58803539,1,1,100.05663377,1
794,0.51649545,0.54386327,0.5108904,0.84987132,0.31205197,15.66510365,15.79514077,1,1,1570.77879244,1
795,0.51672161,0.54484119,0.51083714,0.80287497,0.33561743,16.06862285,16.18929762,1,1,1348.4792281,1
796,0.49226245,0.51860178,0.53838628,0.83302977,0.34126088,16.09846383,16.20052281,1,1,624.34566532,1
797,0.47503502,0.54347895,0.51711122,0.78727768,0.35189678,15.46797547,15.6214975,1,1,189.36171639,1
798,0.48974453,0.50942305,0.52499042,0.76499266,0.37336658,15.2909823,15.39768417,1,1,240.89563795,1
799,0.49467195,0.51785032,0.53717074,0.79969249,0.35880476,15.83512193,15.86470855,1,1,136.28178083,1
800,0.49509563,0.50360473,0.52973746,0.77425222,0.38162029,15.4941571,15.60115989,1,1,102.62535174,1
801,0.49530397,0.50357233,0.52971202,0.73449773,0.36449683,15.62062071,15.77202149,1,1,100.01655805,1
802,0.48491427,0.51432901,0.5483246,0.69252903,0.38682503,16.0267881,16.08871408,1,1,918.48307373,1
803,0.48221151,0.51442671,0.54365673,0.66859582,0.40908669,15.27197581,15.4120238,1,1,131.42449862,1
804,0.49480492,0.49770462,0.53345266,0.70352478,0.39115737,15.40166607,15.52836407,1,1,1572.91719445,1
805,0.49502537,0.49567357,0.54516263,0.65948851,0.37434819,15.41081008,15.5153145,1,1,100.00186291,1
806,0.48653664,0.48760521,0.54448406,0.6773947,0.39141926,16.12159382,16.22881874,1,1,114.73521624,1
807,0.49381281,0.46864703,0.54184749,0.63430553,0.41338645,15.73575733,15.86682149,1,1,812.78465034,1
808,0.49410414,0.47008313,0.54177285,0.6660896,0.39534055,16.27767331,16.33940348,1,1,1584.65848338,1
809,0.53104224,0.48654427,0.56016428,0.62312615,0.37746774,15.61761747,15.6767037,1,1,102.19928449,1
810,0.53781308,0.49730765,0.55170672,0.6053259,0.35991876,16.00269171,16.09694058,1,1,117.05299156,1
811,0.52879001,0.49894619,0.55990519,0.57557163,0.34463533,15.45978842,15.56749191,1,1,152.40499925,1
812,0.53054852,0.5072983,0.53906906,0.56487265,0.3288711,16.18635959,16.32485003,1,1,1547.07651157,1
813,0.54685912,0.52078051,0.55319362,0.59963685,0.35224904,15.58443845,15.72926281,1,1,140.08382128,1
814,0.5470105,0.52097505,0.55321511,0.63719732,0.36235023,15.80810151,15.91255274,1,1,1457.27414387,1
815,0.55059197,0.50213329,0.5592082,0.6702046,0.38432341,15.52599584,15.58545573,1,1,100.29482368,1
816,0.53179542,0.50937788,0.55500707,0.69719906,0.40657253,15.80677352,15.9504431,1,1,120.26215466,1
817,0.52780949,0.49232571,0.54933006,0.65328499,0.42844103,15.83647335,15.88399022,1,1,100.00018245,1
818,0.51566461,0.50702248,0.56253086,0.61051031,0.44899285,16.10166773,16.12597032,1,1,100.01917622,1
819,0.52627354,0.49180914,0.56365118,0.57115015,0.46999769,15.4975554,15.52904976,1,1,1031.06118232,1
820,0.52615728,0.49186732,0.56390532,0.54814914,0.49055613,15.5886218,15.60490891,1,1,194.28661746,1
821,0.52056869,0.43322214,0.56724131,0.53666937,0.51074453,15.23276313,15.23321327,1,1,451.45458529,1
822,0.51318033,0.42926339,0.57253205,0.49693524,0.49223764,15.71217594,15.80771811,1,1,110.17117525,1
823,0.5017437,0.433027,0.57503307,0.45710627,0.48856414,15.57437302,15.71650816,1,1,1541.84371563,1
824,0.48994639,0.45637299,0.5594171,0.41800848,0.50878333,15.46449313,15.48318618,1,1,1584.88941431,1
825,0.49923975,0.45207108,0.56887541,0.44272488,0.48872858,16.13167011,16.14336008,1,1,100.00091068,1
826,0.49942027,0.45299175,0.5688791,0.40390289,0.46906122,15.39102842,15.44649291,1,1,1340.36222351,1
827,0.55394008,0.45896297,0.5653027,0.37268203,0.45381469,16.15573494,16.20856188,1,1,153.19397335,1
828,0.53626435,0.47154241,0.57964467,0.33538805,0.43475139,15.98229951,16.03546943,1,1,112.73021237,1
829,0.55720594,0.48129429,0.5654787,0.35303618,0.41606025,15.90251022,15.9768888,1,1,100.03845721,1
830,0.55473946,0.50380509,0.5678762,0.31598099,0.43770909,15.85873662,15.88970068,1,1,300.75749212,1
831,0.53448979,0.48679249,0.56495044,0.35954517,0.43847281,16.09307259,16.19406256,1,1,100.00804952,1
832,0.5343601,0.48600386,0.56472895,0.39764684,0.45181356,15.58986942,15.60299535,1,1,100.18547696,1
833,0.55431507,0.45408829,0.58931176,0.43671579,0.4651277,15.7312027,15.83434958,1,1,104.97882335,1
834,0.52987376,0.45896467,0.56909394,0.45681934,0.44582597,16.46790857,16.62813412,1,1,213.58691438,1
835,0.52319716,0.46154293,0.55325338,0.41797822,0.45791962,15.74894856,15.75273971,1,1,440.09221331,1
836,0.51711958,0.47177357,0.55884075,0.44724794,0.43898111,15.64312222,15.7242592,1,1,758.42679146,1
837,0.52023589,0.48045786,0.55114547,0.43818045,0.45831382,15.3490741,15.37345661,1,1,279.72161506,1
838,0.52022322,0.48035353,0.55105154,0.4782081,0.43914761,16.00691209,16.0870204,1,1,182.8543393,1
839,0.56986299,0.47790756,0.55296397,0.5186284,0.43858634,15.49012939,15.51167356,1,1,1079.09136134,1
840,0.57866661,0.46828152,0.5502165,0.55501814,0.42008697,16.15198068,16.23285124,1,1,818.38201432,1
841,0.55087803,0.49235673,0.54494798,0.58638755,0.44167673,15.61187951,15.67448056,1,1,924.90947995,1
842,0.55341855,0.49387785,0.55830742,0.54469794,0.43820717,15.90032739,15.99937781,1,1,1493.73219436,1
843,0.53649972,0.49322366,0.53460163,0.50385693,0.45940564,15.64581977,15.79975614,1,1,1451.42912761,1
844,0.53670598,0.4926963,0.53449893,0.46378,0.44021936,15.91093694,15.95129769,1,1,1584.4366281,1
845,0.58372572,0.47700189,0.56402045,0.50257673,0.46138436,15.83525585,15.874771,1,1,100.001511,1
846,0.56749632,0.48672951,0.55667362,0.46254036,0.46974263,15.34669846,15.37445378,1,1,182.30852409,1
847,0.56814459,0.48693944,0.55431304,0.43763916,0.45041221,15.45282736,15.59192927,1,1,1472.56442628,1
848,0.54517625,0.49034733,0.52934053,0.39888682,0.43212617,15.04165034,15.15359193,1,1,100.08583981,1
849,0.53516766,0.50681394,0.54498108,0.41485258,0.45346994,15.08125149,15.12851545,1,1,1463.5306565,1
850,0.53512881,0.50660899,0.54490846,0.39036582,0.47439181,15.80506559,15.86657295,1,1,114.35054782,1
851,0.52948168,0.47660627,0.56962436,0.43028982,0.47415635,15.68437106,15.7150423,1,1,1557.74723557,1
852,0.51300903,0.47348577,0.55831781,0.39184091,0.49444955,15.60440795,15.73703008,1,1,100.23227429,1
853,0.51657477,0.47151941,0.54249647,0.35409014,0.5145305,15.11646982,15.13166006,1,1,1560.32536654,1
854,0.50183585,0.48068727,0.54167919,0.32111357,0.49424863,15.8055017,15.86397516,1,1,1268.30209932,1
855,0.50099553,0.47280379,0.54424345,0.36457719,0.51434618,15.61127215,15.66038014,1,1,167.53802564,1
856,0.50112567,0.47320946,0.54432901,0.40728493,0.53055269,15.75347526,15.87191312,1,1,111.7739495,1
857,0.55578798,0.47223213,0.55590446,0.44642672,0.50997977,15.86466778,15.88659586,1,1,1478.42736688,1
858,0.55859342,0.49141236,0.5478895,0.40749896,0.52961946,15.46486698,15.5737927,1,1,100.69809734,1
859,0.55603801,0.50072679,0.54292562,0.44925416,0.54901343,15.09108491,15.18615439,1,1,1568.98599188,1
860,0.53290253,0.52266541,0.5542584,0.42221484,0.56709206,15.94646311,15.98870078,1,1,112.9979186,1
861,0.53128069,0.52621095,0.54651901,0.46377054,0.55302268,15.51132723,15.65121052,1,1,216.75140736,1
862,0.53134515,0.52574162,0.54677126,0.50424756,0.57084668,15.55717387,15.63327018,1,1,102.24822109,1
863,0.48637716,0.47404566,0.55371836,0.4649491,0.58741684,15.9262026,15.96885846,1,1,1458.1061227,1
864,0.50220444,0.47416365,0.54853375,0.42619888,0.56566908,15.63524684,15.71735626,1,1,1277.88970456,1
865,0.4909434,0.49303444,0.56012141,0.38767651,0.58435549,15.78225237,15.89243865,1,1,1393.01345249,1
866,0.49206883,0.47298136,0.56254135,0.3746143,0.58081941,15.72471358,15.75580419,1,1,1448.96101948,1
867,0.49886112,0.49591887,0.55033693,0.37657357,0.55966476,15.80340785,15.91302714,1,1,100.22545263,1
868,0.49869801,0.49477759,0.55048605,0.41220184,0.54022668,15.85929844,15.91447939,1,1,139.2413089,1
869,0.54766019,0.51674207,0.57171804,0.45326929,0.54507816,16.08427796,16.11392061,1,1,376.03080623,1
870,0.56948787,0.52437652,0.5735101,0.490514,0.52417699,15.09193498,15.21950061,1,1,1340.68409252,1
871,0.53866445,0.5349626,0.56960548,0.53048551,0.54309267,15.46475881,15.58175242,1,1,536.1142168,1
872,0.55764274,0.55692676,0.56262955,0.56758801,0.56223079,15.67425021,15.81736469,1,1,1497.00325904,1
873,0.55686438,0.55467924,0.55162798,0.60377285,0.54098696,15.54728366,15.55822726,1,1,101.41270295,1
874,0.55691022,0.55625074,0.55144307,0.64157916,0.56010966,15.80814261,15.84799413,1,1,1083.36032369,1
875,0.54916756,0.51512398,0.57057892,0.67619697,0.57883468,15.60118915,15.7427788,1,1,100.03145915,1
876,0.54163705,0.52981597,0.57309218,0.71260561,0.55898682,15.93770693,16.04496448,1,1,1407.20174862,1
877,0.53736144,0.53376659,0.54679958,0.74678932,0.53783687,15.57972053,15.58259525,1,1,1560.98086245,1
878,0.53091095,0.53919013,0.54289677,0.70265946,0.55429068,15.55077853,15.6954468,1,1,105.91274706,1
879,0.5038576,0.51954222,0.55237809,0.73288096,0.53321065,16.05365995,16.08087043,1,1,1582.26470094,1
880,0.51355352,0.53119994,0.55100031,0.70422515,0.51453524,15.32863831,15.42255901,1,1,1546.21614662,1
881,0.51338945,0.53080828,0.55087797,0.74007017,0.5326062,15.64547791,15.76390967,1,1,103.33416451,1
882,0.55759139,0.49305499,0.55129462,0.69560719,0.55195179,15.64989358,15.66186613,1,1,157.8556211,1
883,0.55285593,0.53113796,0.5702544,0.661215,0.57091186,15.7129735,15.79734433,1,1,958.60007714,1
884,0.55607531,0.51640088,0.56799205,0.63139575,0.54950139,15.38787071,15.41168953,1,1,113.36828976,1
885,0.52908142,0.54549707,0.55180524,0.66876324,0.56850711,15.96068226,16.02937258,1,1,102.78988745,1
886,0.52126567,0.55679908,0.55714137,0.62550751,0.54713708,15.81870115,15.8490442,1,1,131.14170395,1
887,0.5211945,0.55687739,0.55717059,0.65762725,0.5576734,15.48385207,15.60605804,1,1,156.32461704,1
888,0.50633423,0.54089765,0.58489506,0.61772428,0.53653758,15.81256206,15.85791904,1,1,1557.72623914,1
889,0.50355284,0.5553523,0.55678556,0.65528673,0.54843453,15.37417324,15.40953018,1,1,100.13520418,1
890,0.4950957,0.52817282,0.55444535,0.69218066,0.54456119,15.67527767,15.79837091,1,1,100.14341917,1
891,0.49079959,0.54333769,0.57821796,0.72833502,0.55784396,15.43587832,15.47939947,1,1,1567.06012657,1
892,0.50318177,0.52037284,0.57398715,0.76368636,0.57630025,15.58925204,15.68899976,1,1,100.8637393,1
893,0.49006883,0.51884379,0.55608899,0.71867189,0.59477409,15.4341151,15.53491788,1,1,100.87935336,1
894,0.48998348,0.51756983,0.55601002,0.67442281,0.59503217,15.90918553,15.95665701,1,1,119.16449394,1
895,0.55260549,0.54818389,0.56031895,0.63106465,0.57318121,16.14867042,16.15604706,1,1,102.84579449,1
896,0.55778531,0.55962908,0.5756713,0.58844355,0.58948713,15.54503012,15.59470979,1,1,100.22237705,1
897,0.56604283,0.57935501,0.57390771,0.62663275,0.57225359,15.27968012,15.31093072,1,1,101.62985248,1
898,0.56190911,0.58270993,0.5450896,0.66224439,0.59077607,15.86672254,15.86989494,1,1,110.75871286,1
899,0.53141177,0.5618079,0.55645936,0.61952267,0.57414119,15.59207274,15.63556846,1,1,1566.54775284,1
900,0.53098382,0.56141979,0.55646253,0.57762206,0.56960517,16.1035643,16.17997967,1,1,1580.2178271,1
901,0.50120371,0.54209845,0.55709439,0.53607557,0.58820837,15.83861601,15.84272609,1,1,420.6437401,1
902,0.50939687,0.52437639,0.58134324,0.57522185,0.56644658,15.51060205,15.58972024,1,1,344.39750543,1
903,0.49216654,0.52649872,0.57877399,0.53456118,0.56151288,15.83987264,15.93421113,1,1,469.51361988,1
904,0.49832893,0.53645526,0.56377658,0.49601887,0.55576078,15.73404675,15.7563702,1,1,100.00116486,1
905,0.48406535,0.5370291,0.54432801,0.45610642,0.53464579,15.3697045,15.43135527,1,1,803.98890429,1
906,0.48389283,0.53708096,0.54426572,0.42395184,0.55202918,15.65797062,15.78266209,1,1,1173.88277219,1
907,0.46762101,0.56195327,0.55224279,0.40054447,0.56750953,15.37797492,15.41769139,1,1,1201.25660515,1
908,0.45054509,0.56953765,0.55013912,0.36259008,0.54617997,15.62213289,15.70705665,1,1,1554.11796457,1
909,0.47292843,0.54850461,0.54629446,0.32533951,0.56525401,16.00297068,16.08121306,1,1,100.0336176,1
910,0.46994972,0.52934793,0.54252346,0.36883265,0.57163596,15.2310222,15.37397566,1,1,100.03196758,1
911,0.47622886,0.52734413,0.5463409,0.41081192,0.59018802,15.10233828,15.10700538,1,1,106.39880884,1
912,0.47919759,0.53388146,0.55968353,0.39260823,0.60718177,15.94436146,16.05051703,1,1,102.24749381,1
913,0.47936612,0.53228885,0.55963416,0.35840498,0.62490646,16.13990627,16.17125811,1,1,107.18413166,1
914,0.47563724,0.60380593,0.58420068,0.37067916,0.62751494,15.40402676,15.55494561,1,1,196.84188786,1
915,0.48677627,0.60197696,0.54871889,0.33328956,0.62911107,15.64510825,15.72005091,1,1,1490.11152599,1
916,0.51856332,0.59597701,0.55822967,0.29663339,0.63651289,15.91583576,15.97129566,1,1,367.9178222,1
917,0.5045922,0.59571287,0.54710596,0.3373258,0.64960634,15.25544043,15.28811113,1,1,102.20185112,1
918,0.53729821,0.57770861,0.54817167,0.31392227,0.66657591,15.81326351,15.95793833,1,1,100.09022941,1
919,0.53711582,0.57719559,0.54827984,0.27769071,0.67490177,15.71872437,15.73981757,1,1,1570.73990913,1
920,0.5027241,0.5247583,0.57388459,0.29741064,0.65141273,15.71429113,15.75452609,1,1,1571.89882324,1
921,0.51312359,0.53153175,0.55291779,0.26146668,0.62838448,15.75072076,15.83334162,1,1,1584.76352158,1
922,0.5074417,0.5394764,0.55702507,0.30600449,0.62819403,15.56477358,15.66428187,1,1,1549.86713975,1
923,0.50392612,0.54368163,0.55642048,0.34983175,0.60743646,15.56053802,15.6168067,1,1,318.03214997,1
924,0.47665201,0.54159265,0.5616175,0.33900648,0.58530067,15.59037784,15.5917159,1,1,100.00016637,1
925,0.48483739,0.52580929,0.5522511,0.36455374,0.60327623,15.54677417,15.66202671,1,1,184.82867762,1
926,0.48458161,0.52647689,0.55237962,0.40677967,0.58318642,15.35841705,15.4241967,1,1,1372.99119357,1
927,0.44624548,0.57336326,0.5723634,0.44864312,0.56152298,15.56010078,15.67017824,1,1,1533.22021099,1
928,0.46535982,0.56463614,0.56562419,0.41006326,0.54029841,15.94485573,16.04702915,1,1,148.9519202,1
929,0.47533127,0.54961478,0.55199282,0.37951709,0.52070531,15.31559967,15.45055523,1,1,100.19745706,1
930,0.48554862,0.54811331,0.55339228,0.36768642,0.54018354,15.58235108,15.73483659,1,1,218.96562566,1
931,0.50256348,0.53555646,0.53495172,0.40826016,0.5206243,15.79669192,15.94366307,1,1,1582.1118715,1
932,0.50258587,0.53543515,0.53492261,0.37773524,0.52969137,15.3318082,15.44381926,1,1,1584.44464083,1
933,0.49129683,0.53646547,0.56205236,0.35939838,0.52857946,15.78820887,15.87015227,1,1,128.33880708,1
934,0.47942252,0.53743886,0.53716069,0.39513769,0.52193278,15.8076955,15.91486724,1,1,117.22114153,1
935,0.49080588,0.53007026,0.55427362,0.35789614,0.50206293,15.7247545,15.77889695,1,1,138.92151249,1
936,0.49431727,0.51339492,0.55850329,0.34446744,0.48203407,15.79097756,15.85191977,1,1,1423.41218835,1
937,0.48790069,0.50659829,0.543534,0.34068762,0.46239351,15.8043663,15.85255224,1,1,105.81413839,1
938,0.4864777,0.49410068,0.54859499,0.30464815,0.44744876,15.6919924,15.70437019,1,1,886.33454107,1
939,0.48663555,0.49431842,0.54854928,0.26882682,0.42850263,15.73839408,15.88945941,1,1,112.03023328,1
940,0.52626342,0.56600346,0.5482682,0.23346372,0.41038437,15.9872588,16.08826565,1,1,154.62086028,1
941,0.5417625,0.56158072,0.5624662,0.20298222,0.39219599,15.60237196,15.61371166,1,1,100.80502302,1
942,0.54981559,0.56995006,0.53257823,0.19763986,0.37582218,15.52714323,15.53780547,1,1,1066.07551394,1
943,0.53856798,0.54873882,0.53434957,0.2436822,0.37937578,15.8153709,15.95635759,1,1,1584.68585844,1
944,0.53869078,0.54842772,0.53415478,0.28877483,0.36179777,15.37771359,15.51832086,1,1,121.55601656,1
945,0.5048361,0.47731566,0.54203098,0.25590042,0.348688,15.8359893,15.97157758,1,1,106.95529099,1
946,0.52090355,0.49390789,0.53537979,0.22633788,0.37171422,15.91422643,16.04560074,1,1,101.3327751,1
947,0.50875636,0.49808413,0.54681205,0.19557025,0.38753854,15.96471657,16.11475716,1,1,100.15374001,1
948,0.51089673,0.5058751,0.53354791,0.24050005,0.40189081,16.14755414,16.22165394,1,1,100.81542317,1
949,0.49987915,0.49413383,0.53444793,0.25674206,0.41946335,15.83657025,15.87861815,1,1,1557.87833868,1
950,0.50005224,0.49438389,0.53442259,0.2379767,0.41265892,16.04178603,16.13625541,1,1,100.2032946,1
951,0.46934763,0.48553434,0.53245408,0.27423507,0.394406,15.79863705,15.86616265,1,1,121.76093575,1
952,0.46034632,0.47923929,0.54989365,0.31874924,0.37668788,15.52326243,15.53396595,1,1,1273.38889183,1
953,0.46270658,0.48006872,0.5418855,0.29047524,0.39915395,16.08370784,16.16204383,1,1,1583.44411704,1
954,0.46184076,0.47610354,0.54321641,0.26858999,0.38149362,15.63144234,15.69299852,1,1,101.99219403,1
955,0.47135297,0.46258188,0.55001633,0.31321487,0.36766468,15.17873379,15.29455546,1,1,1377.0097027,1
956,0.47120285,0.46201827,0.55014066,0.31180325,0.36033595,15.4783353,15.57480894,1,1,1584.88819232,1
957,0.53145677,0.52151365,0.56749621,0.27558122,0.34312941,15.22818352,15.32434995,1,1,1491.01973448,1
958,0.524408,0.51374922,0.56971323,0.32006957,0.36592876,15.61294886,15.72554777,1,1,188.91506108,1
959,0.5462611,0.53304027,0.54577392,0.33368249,0.38395537,15.67387136,15.69529888,1,1,104.94467128,1
960,0.5212595,0.51113191,0.53939156,0.37700852,0.40581815,15.60528247,15.66873996,1,1,130.56954677,1
961,0.54475227,0.51848388,0.54579714,0.41913676,0.38874671,15.95108407,16.07851735,1,1,1398.42276743,1
962,0.54456719,0.51873755,0.54585992,0.38085171,0.41069225,15.0567792,15.09567989,1,1,927.22154744,1
963,0.54084369,0.48246002,0.55993154,0.34492103,0.39268867,15.81690914,15.94478835,1,1,1354.35825999,1
964,0.52956556,0.48142825,0.55578975,0.30807296,0.41008661,15.24834789,15.26409622,1,1,104.95999328,1
965,0.50903102,0.48497086,0.55349906,0.34841252,0.43175204,15.59233178,15.66718245,1,1,241.36049935,1
966,0.52479953,0.48915026,0.5644504,0.31585597,0.44837675,15.87098062,15.88591006,1,1,100.02071608,1
967,0.51074172,0.47920349,0.54182855,0.28910107,0.43327552,16.06645773,16.09831287,1,1,276.7812343,1
968,0.51084892,0.48051949,0.54166187,0.3221275,0.41480174,15.92420419,15.95558994,1,1,560.46949498,1
969,0.55957528,0.45744281,0.53911335,0.29357139,0.396514,16.1010265,16.20693093,1,1,966.7827588,1
970,0.55223734,0.47855894,0.55152453,0.28415105,0.39526288,15.49223286,15.63122606,1,1,100.03945035,1
971,0.52785979,0.47917978,0.55375872,0.29921934,0.40686588,15.67445025,15.7234039,1,1,246.52807666,1
972,0.54424159,0.50411273,0.54295069,0.33848282,0.38872964,15.7329333,15.74621814,1,1,107.60817343,1
973,0.53731974,0.49632753,0.54494771,0.37974828,0.41026074,15.62844888,15.73094161,1,1,828.83103529,1
974,0.53736183,0.49676829,0.54486377,0.35058888,0.39400932,15.68726919,15.81621835,1,1,100.02152486,1
975,0.53828095,0.46342299,0.57267171,0.31485805,0.41372868,15.85249384,15.91335718,1,1,480.10988856,1
976,0.51482909,0.46285498,0.55659948,0.29875363,0.39545429,15.71094713,15.80708211,1,1,1544.95704056,1
977,0.51419431,0.4581758,0.56574293,0.3427397,0.4087345,15.54660937,15.58023659,1,1,117.38045287,1
978,0.50025376,0.45655367,0.54734839,0.38579939,0.39763129,15.72761,15.77121927,1,1,1584.87057351,1
979,0.51063375,0.45960659,0.54313643,0.42671055,0.40076963,15.85295078,15.88217872,1,1,102.43492259,1
980,0.51040632,0.4591954,0.5432614,0.46718748,0.4224803,15.71857012,15.87107351,1,1,1347.81117771,1
981,0.55686178,0.45997974,0.56668269,0.43702328,0.43557905,15.5718146,15.61084537,1,1,103.64027761,1
982,0.55023696,0.48466948,0.54560621,0.47573056,0.41748593,15.5540539,15.57061597,1,1,101.0038864,1
983,0.54249019,0.48633233,0.53634099,0.4615306,0.43913618,15.81474046,15.91711658,1,1,100.07454112,1
984,0.55489054,0.48031699,0.54260195,0.4223004,0.42275104,15.93461862,16.02201719,1,1,1582.74709547,1
985,0.54703567,0.48432405,0.54950899,0.38958399,0.44372085,15.2904368,15.29891916,1,1,1582.28221691,1
986,0.54696487,0.48409598,0.54940362,0.35179939,0.4293339,15.84317001,15.85257822,1,1,109.2074746,1
987,0.55372056,0.42268592,0.55432378,0.30821347,0.37740081,15.66921431,15.77641288,1,1,101.09262461,0
988,0.52613652,0.41050174,0.5542222,0.43202791,0.40988392,15.67516562,15.6964374,1,1,730.85428649,0
989,0.51614325,0.43297768,0.57184614,0.33801761,0.47124264,15.95869178,15.97804035,1,1,1583.79876218,0
990,0.52308343,0.43144046,0.5585541,0.45794754,0.41509291,15.89608432,15.99907751,1,1,100.90383699,0
991,0.50899815,0.44929308,0.55364723,0.35414603,0.36808173,15.95390832,16.05666295,1,1,337.97533348,0
992,0.50885535,0.44973755,0.55378704,0.23710024,0.42641422,15.94410746,16.06025626,1,1,156.68726509,0
993,0.55464126,0.52217393,0.53455944,0.36234735,0.49100307,15.46185329,15.53158208,1,1,342.45633172,0
994,0.5410202,0.58060133,0.46600616,0.31836152,0.43376937,15.53208395,15.61607097,1,1,111.64053041,0
995,0.51245102,0.65794602,0.41135267,0.44051386,0.42301903,15.36435283,15.40352054,1,1,1501.21986261,0
996,0.47990307,0.75723084,0.35227763,0.48382271,0.37843052,16.21979391,16.36107624,1,1,1582.91054366,0
997,0.4540695,0.78622138,0.31364599,0.36472732,0.39223334,15.90241539,16.02486901,1,1,100.00751248,0
998,0.45397801,0.78661723,0.31361294,0.24905028,0.45478932,15.86658989,15.93640497,1,1,1021.80293997,0
999,0.44241498,0.73187823,0.36224265,0.13560939,0.51979172,16.01568212,16.08300362,1,1,161.36109107,0
1000,0.4536719,0.67525124,0.40377288,0.21356268,0.57589602,15.9818477,16.08905526,1,1,101.10444502,0
1001,0.46796414,0.60767526,0.45992574,0.30881196,0.52916093,15.74329779,15.83295036,1,1,1458.33372473,0
1002,0.47226046,0.47221178,0.53877409,0.201672,0.54404882,15.23849041,15.36398789,1,1,1509.55654474,0
1003,0.50499522,0.40268722,0.60349923,0.27757166,0.49001538,15.46358983,15.497165,1,1,417.92350612,0
1004,0.51967273,0.32626327,0.61464312,0.33400652,0.43715297,15.72302849,15.74184959,1,1,100.00128466,0
1005,0.52194706,0.28291231,0.67632557,0.31884327,0.49164942,15.52145938,15.61774732,1,1,1583.56366472,0
1006,0.52213756,0.28316028,0.67637547,0.21847008,0.43602494,15.84828261,15.91259655,1,1,1584.69994809,0
1007,0.56292184,0.34295656,0.65481867,0.1045896,0.50049136,15.64866143,15.73204589,1,1,1573.43517818,0
1008,0.55826407,0.41159793,0.56890726,0.23233193,0.44840626,15.82862339,15.97913784,1,1,175.39307694,0
1009,0.52971673,0.48425409,0.51441896,0.11990068,0.51223443,15.60221449,15.74837843,1,1,133.27456008,0
1010,0.48885441,0.59196732,0.44340502,0.00750386,0.5798257,15.60017761,15.62462469,1,1,100.93826332,0
1011,0.48072162,0.64402168,0.39124998,0,0.53202558,15.92722652,15.9272855,1,1,346.66935595,0
1012,0.4712281,0.68000486,0.34846468,0.04832681,0.5114448,15.89500156,15.91301502,1,1,1583.13161365,1
1013,0.47117631,0.67906155,0.34850302,0.06473273,0.53115665,15.69047677,15.7951297,1,1,100.03564964,1
1014,0.44329108,0.72302875,0.3656823,0.08699282,0.54285937,15.40121011,15.48648383,1,1,101.23864605,1
1015,0.44861671,0.71600794,0.37223665,0.12712734,0.52566252,15.96438288,16.00372329,1,1,1289.90215622,1
1016,0.45947958,0.68428392,0.37772471,0.1676702,0.50550636,15.29834732,15.4421101,1,1,1062.07255618,1
1017,0.47249629,0.66967708,0.37811647,0.13444794,0.48544566,15.60561597,15.60861884,1,1,104.83334751,1
1018,0.47216941,0.65726328,0.37893639,0.10176878,0.50566294,15.68728551,15.71203964,1,1,135.3878611,1
1019,0.48935739,0.65702714,0.37524966,0.14079191,0.50525679,15.32195604,15.43723938,1,1,1480.21871239,1
1020,0.48519695,0.65830126,0.37620935,0.18639886,0.52506389,15.79843259,15.87882663,1,1,102.74842882,1
1021,0.48519006,0.65864559,0.37629693,0.15773043,0.54184291,15.61299431,15.62694495,1,1,1563.47724915,1
1022,0.45874283,0.67465711,0.38399235,0.2045756,0.53828163,15.35821966,15.39574439,1,1,100.00380735,1
1023,0.43954488,0.67404725,0.38397043,0.21528477,0.53189745,15.50237798,15.51292322,1,1,231.12728052,1
1024,0.46719725,0.68125041,0.3862693,0.2609715,0.54488402,15.29554871,15.34309647,1,1,100.00897997,1
1025,0.45907321,0.65849555,0.40284447,0.2932677,0.56094877,15.66472627,15.70299116,1,1,174.29497493,1
1026,0.46492565,0.63690399,0.40589195,0.27394737,0.5397529,15.72074892,15.75619957,1,1,1570.52824,1
1027,0.46984312,0.6308625,0.41276497,0.23946028,0.54994405,15.99451637,16.00117833,1,1,100.07803676,1
1028,0.48390302,0.62951254,0.40718239,0.20728252,0.52895109,15.35633374,15.4361324,1,1,110.83068978,1
1029,0.48401248,0.63016019,0.40723051,0.25313595,0.54830814,15.87352695,15.88100767,1,1,1579.77602377,1
1030,0.44940813,0.6716567,0.432076,0.28037587,0.52862453,16.05558333,16.14269064,1,1,100.00366894,1
1031,0.45639728,0.66420841,0.428493,0.32475284,0.54702861,15.61064906,15.67672132,1,1,100.00021582,1
1032,0.47437282,0.64715135,0.43277896,0.36825544,0.52608928,15.39245598,15.54442794,1,1,100.02273154,1
1033,0.48513895,0.61967601,0.42804299,0.33136317,0.50664239,15.07874306,15.14838972,1,1,109.55115346,1
1034,0.47857718,0.63126178,0.43008037,0.34549872,0.48672299,15.69817527,15.82724655,1,1,484.32488511,1
1035,0.48030312,0.59794559,0.43864005,0.31353074,0.50691509,15.55974862,15.61371468,1,1,1468.02230948,1
1036,0.48039169,0.59775798,0.43891358,0.31708462,0.48680843,15.2464478,15.25652331,1,1,100.08160005,1
1037,0.45923027,0.64661075,0.44924902,0.32595108,0.50077104,15.54101343,15.58881511,1,1,1347.60289015,1
1038,0.46634811,0.61968629,0.46693293,0.36882216,0.49242908,15.41022217,15.53687271,1,1,961.79341186,1
1039,0.474344,0.60950707,0.45064387,0.41143384,0.49459475,16.06973555,16.07328892,1,1,100.05126642,1
1040,0.46493001,0.59229279,0.46192961,0.37661876,0.48452977,16.06507852,16.19142292,1,1,317.48734221,1
1041,0.4870617,0.59358415,0.4683831,0.41696189,0.50483756,15.61568591,15.72855071,1,1,103.3243233,1
1042,0.4919904,0.58965018,0.46280753,0.38514987,0.48513823,15.8578498,15.89655127,1,1,100.03443956,1
1043,0.49160602,0.58946666,0.46278873,0.40426533,0.50542489,15.51920442,15.600623,1,1,100.09076395,1
1044,0.47391914,0.63387868,0.49056084,0.36627439,0.49763325,15.94177842,16.02604927,1,1,1579.92537829,1
1045,0.47858226,0.61069177,0.47346112,0.37566882,0.479386,15.74513771,15.86870934,1,1,746.4905778,1
1046,0.47002199,0.60398909,0.47649575,0.33818278,0.46805005,15.43142334,15.57494476,1,1,103.17476991,1
1047,0.48068086,0.58819139,0.47146161,0.30227427,0.44877534,16.00902982,16.11272513,1,1,591.66851183,1
1048,0.49124132,0.58424598,0.48155093,0.33826291,0.43478765,15.87275922,15.91683308,1,1,1584.61399194,1
1049,0.49140161,0.58469587,0.48136915,0.30685738,0.42168069,15.89441009,15.91266593,1,1,1584.77180706,1
1050,0.46027539,0.60178918,0.50769584,0.33860061,0.40654752,15.75029501,15.79244574,1,1,1551.81322963,1
1051,0.46100373,0.62158051,0.50752988,0.35609232,0.42542843,15.62166017,15.75326288,1,1,100.00209081,1
1052,0.46681923,0.61023519,0.50250417,0.32296967,0.40758704,15.9169789,15.97262573,1,1,990.40146341,1
1053,0.47472628,0.59988028,0.50833243,0.36632515,0.42677712,15.82725291,15.85061428,1,1,1393.19209737,1
1054,0.48245901,0.56877425,0.49746255,0.40885132,0.44822979,15.42068366,15.42087172,1,1,411.89577326,1
1055,0.48228691,0.56885305,0.49732498,0.37091805,0.46716811,16.09306807,16.11319588,1,1,100.72225595,1
1056,0.47418113,0.61516255,0.50580401,0.38311954,0.44782534,15.38758577,15.44227741,1,1,101.64633987,1
1057,0.48036823,0.60914217,0.51502447,0.42545714,0.42887213,15.50902804,15.61636173,1,1,100.52127804,1
1058,0.48612924,0.61740452,0.52468864,0.43414772,0.44686027,15.5258711,15.58649365,1,1,125.96691527,1
1059,0.49763165,0.59264291,0.52803612,0.39793185,0.46684836,15.62298091,15.77865211,1,1,100.1299883,1
1060,0.50424997,0.57917489,0.52818324,0.41298699,0.45094465,15.86789256,15.95217454,1,1,1584.39659507,1
1061,0.50425852,0.57904336,0.52837529,0.43887034,0.43716801,15.68751921,15.78521808,1,1,1426.7180513,1
1062,0.46044168,0.59314973,0.52766668,0.47790564,0.41845077,15.60426256,15.73875161,1,1,103.60970654,1
1063,0.46557529,0.59300038,0.53044014,0.49399051,0.40010016,15.41555873,15.46248976,1,1,100.04831589,1
1064,0.47057904,0.56257316,0.54372748,0.49914807,0.41582524,15.59506492,15.70217481,1,1,1570.15689067,1
1065,0.48174346,0.54966258,0.55047954,0.50718329,0.39763994,15.88258147,15.88982623,1,1,1356.16653166,1
1066,0.48812269,0.55647925,0.52691483,0.53597925,0.41589005,15.73911414,15.78583181,1,1,1535.76382827,1
1067,0.48819221,0.55613719,0.52673123,0.57520006,0.43573619,15.6794106,15.76246659,1,1,100.25174844,1
1068,0.53445201,0.61651227,0.52677855,0.61322483,0.45493351,15.7077435,15.83541367,1,1,104.42027175,1
1069,0.53056466,0.61092378,0.54403352,0.59752695,0.47465269,15.50688895,15.59493477,1,1,106.74394725,1
1070,0.56372331,0.63882837,0.54048905,0.5612937,0.45812356,15.45318054,15.54919115,1,1,100.00710076,1
1071,0.55055763,0.63933598,0.52811638,0.52006784,0.43896435,15.73207462,15.86790693,1,1,1584.615753,1
1072,0.56768994,0.62073089,0.54352317,0.4796687,0.4601669,15.15529137,15.17542668,1,1,124.51298093,1
1073,0.56753859,0.62065472,0.54361287,0.51999398,0.44102749,15.61639564,15.6983817,1,1,804.88980992,1
1074,0.53704612,0.59306965,0.57447941,0.47959431,0.46064425,15.73512881,15.7987435,1,1,277.9664167,1
1075,0.53628684,0.58681783,0.56389295,0.52000233,0.48140907,15.9424739,16.01478669,1,1,1555.29901189,1
1076,0.54716456,0.61077892,0.56174414,0.54934274,0.48335527,15.78250229,15.89933572,1,1,105.51356672,1
1077,0.52248052,0.59914834,0.54316656,0.50986312,0.47024953,15.6719477,15.70414765,1,1,100.9791395,1
1078,0.52048052,0.59060966,0.54237848,0.46979524,0.45771799,15.5965832,15.62716365,1,1,100.1285387,1
1079,0.51452028,0.58875226,0.55988329,0.46815738,0.47853739,15.71739434,15.84934719,1,1,1306.21067418,1
1080,0.52744797,0.59651314,0.56925188,0.43178469,0.45991521,16.09304785,16.09870689,1,1,100.05688126,1
1081,0.52752675,0.59679864,0.56933585,0.39335869,0.4807165,15.87579325,15.986128,1,1,1567.65059436,1
1082,0.5235726,0.5717817,0.58549083,0.35607484,0.46110736,15.34337858,15.48456731,1,1,346.86509128,1
1083,0.51466647,0.58591006,0.57725164,0.32413414,0.46649638,15.93052684,16.07505504,1,1,100.01772451,1
1084,0.50503957,0.56666106,0.57647984,0.30349459,0.44728945,15.80319028,15.93241829,1,1,1563.26947954,1
1085,0.4901701,0.58305906,0.56334254,0.2727498,0.45793798,15.83803707,15.93649902,1,1,1223.1490692,1
1086,0.48635832,0.57231389,0.5658218,0.23736626,0.44330162,15.78357542,15.81435141,1,1,101.18956541,1
1087,0.48597172,0.57285939,0.56567243,0.2030791,0.46380809,15.35079241,15.50190051,1,1,135.85373243,1
1088,0.47890668,0.58958165,0.58120843,0.17571667,0.48449478,16.19940274,16.24205457,1,1,106.75069863,1
1089,0.46244344,0.59115608,0.58587728,0.17864082,0.48681654,16.1140355,16.13056407,1,1,107.2634461,1
1090,0.4875994,0.55883963,0.57216473,0.22015465,0.48117895,15.65458988,15.70190919,1,1,627.61431665,1
1091,0.46953637,0.56925203,0.56549456,0.24111721,0.46155747,15.40886352,15.55077423,1,1,1583.71010044,1
1092,0.48611744,0.55067639,0.57882083,0.20654272,0.44240887,16.05768279,16.14514152,1,1,108.70821664,1
1093,0.48932028,0.54359464,0.56702542,0.25241186,0.42356087,16.14363064,16.19272777,1,1,715.10129981,1
1094,0.48952798,0.54284648,0.56722911,0.21789781,0.40520164,15.75748776,15.87081091,1,1,109.47207677,1
1095,0.47339017,0.54552263,0.56521783,0.20306062,0.38838018,15.38522776,15.43583803,1,1,1095.16523909,1
1096,0.48418056,0.56218683,0.56797498,0.16902458,0.40610146,15.71701393,15.82550723,1,1,100.00806362,1
1097,0.46464652,0.53927554,0.57826559,0.21516651,0.41879211,15.7576506,15.8831997,1,1,1137.64824576,1
1098,0.47753283,0.51944828,0.58030882,0.10140095,0.36465228,15.43244313,15.51276155,1,1,100.0571471,0
1099,0.48394881,0.54181753,0.54779063,0.2115274,0.40375533,15.96296079,16.11524943,1,1,100.10396357,0
1100,0.48354597,0.54171197,0.54793744,0.33624152,0.4644991,15.14296063,15.14551746,1,1,100.05312424,0
1101,0.50348337,0.52432114,0.51500715,0.45620211,0.42579835,15.75037107,15.79298226,1,1,103.34149995,0
1102,0.52452852,0.45639648,0.47539138,0.49371645,0.48233424,16.21451318,16.36514692,1,1,1584.60848969,0
1103,0.60724867,0.39276253,0.40179077,0.37386236,0.42247359,16.03997966,16.04291665,1,1,749.83573627,0
1104,0.63033255,0.32525039,0.34586257,0.41167808,0.41299179,15.83711829,15.95440807,1,1,1584.48057588,1
1105,0.68289675,0.277399,0.31386087,0.45344401,0.42793878,15.41495998,15.53526268,1,1,101.27591194,1
1106,0.68294593,0.27627315,0.31402668,0.41438941,0.44487002,15.32749491,15.46979793,1,1,375.91472515,1
1107,0.72327636,0.22057386,0.33139856,0.4431747,0.4657714,15.53830315,15.62132466,1,1,100.63257104,1
1108,0.69356445,0.2306846,0.3283807,0.40432391,0.48586726,15.66358842,15.72918612,1,1,323.57296512,1
1109,0.68820153,0.24187767,0.32406286,0.42858049,0.46628063,15.87993906,16.02019797,1,1,1584.50526325,1
1110,0.70313745,0.24440613,0.33525433,0.39005966,0.44708073,15.35430896,15.35738764,1,1,1579.75857687,1
1111,0.6717927,0.26228666,0.34187947,0.3527808,0.46087746,15.29439576,15.43806543,1,1,103.80262099,1
1112,0.64183498,0.26048855,0.3359845,0.34595138,0.44166176,16.150248,16.27016248,1,1,1548.64770085,1
1113,0.62807233,0.27170107,0.34484551,0.30964637,0.46263523,15.75086205,15.88928743,1,1,133.54021308,1
1114,0.61960215,0.27360206,0.34614259,0.35344426,0.44955855,15.61815685,15.71024077,1,1,455.73451492,1
1115,0.6388793,0.28343677,0.33903243,0.32137622,0.43072203,15.48306812,15.59802301,1,1,100.0005337,1
1116,0.63908004,0.28412356,0.33891962,0.28495002,0.44500727,16.01982691,16.15819912,1,1,111.08720717,1
1117,0.68764734,0.22684429,0.34710322,0.32905102,0.42621755,15.64385424,15.72611385,1,1,100.00000774,1
1118,0.67523537,0.23464596,0.36025828,0.29257091,0.447643,15.70340047,15.72688487,1,1,1548.09510684,1
1119,0.68309222,0.24560337,0.35943841,0.32907396,0.46866412,15.32567242,15.33126002,1,1,1490.36907592,1
1120,0.63971244,0.25956013,0.35226423,0.36649134,0.45916685,15.59087755,15.67982341,1,1,106.06462472,1
1121,0.64440987,0.26071602,0.36719557,0.32922236,0.44966596,15.80807382,15.86923377,1,1,100.90511846,1
1122,0.61887311,0.28037391,0.36117789,0.36867217,0.46394598,15.69346062,15.75135513,1,1,138.69891966,1
1123,0.61601335,0.28829206,0.36460148,0.33133758,0.47109007,15.98049766,16.11751251,1,1,1577.34245955,1
1124,0.62561545,0.29811154,0.37017617,0.32316419,0.49166689,15.57119018,15.68230747,1,1,102.59541953,1
1125,0.62559007,0.29870291,0.37023739,0.35084713,0.4934525,15.88930693,15.96525547,1,1,1558.89959887,1
1126,0.67476557,0.26087618,0.3896202,0.31383104,0.51358332,15.72682863,15.80351429,1,1,100.79510901,1
1127,0.64377459,0.26104054,0.38857544,0.3551388,0.49338205,15.79552812,15.79656959,1,1,1047.86055175,1
1128,0.66429307,0.28239518,0.38774928,0.32028391,0.50970919,15.79782399,15.84160545,1,1,115.89451132,1
1129,0.63749771,0.28866048,0.39532739,0.360665,0.51253301,15.84008345,15.99024732,1,1,193.54165034,1
1130,0.63280517,0.30217413,0.38177021,0.38385921,0.53227942,15.9613812,16.0993439,1,1,1584.31399702,1
1131,0.59463933,0.30613291,0.39614605,0.34618221,0.54252924,15.48418461,15.61071059,1,1,100.00001773,1
1132,0.5991882,0.31766053,0.40785583,0.38924995,0.55740705,15.49377261,15.62094852,1,1,120.7169086,1
1133,0.60261895,0.32301011,0.39989929,0.36374346,0.53625931,15.79606627,15.8252795,1,1,100.00615187,1
1134,0.60265738,0.32366115,0.4000295,0.40535507,0.51566031,15.5658182,15.59532544,1,1,1584.58093829,1
1135,0.63974662,0.29418804,0.41310127,0.37011222,0.50033097,15.36125033,15.39230829,1,1,306.50191197,1
1136,0.63580849,0.3042192,0.42084135,0.34210528,0.51938807,15.46003806,15.46763543,1,1,173.51036324,1
1137,0.60485237,0.30733335,0.42562977,0.30537141,0.5388356,15.83802885,15.92742597,1,1,100.0003982,1
1138,0.62176361,0.31580492,0.41067105,0.29260769,0.5186671,15.64925394,15.6589639,1,1,1584.86065572,1
1139,0.58704392,0.32378941,0.42047394,0.3366241,0.53828203,15.34844948,15.48857912,1,1,1461.61014556,1
1140,0.59612322,0.3323512,0.41256404,0.30093742,0.55651681,15.93541712,16.0203269,1,1,122.61621581,1
1141,0.56814337,0.3462656,0.43455492,0.34261981,0.53621965,15.57592581,15.67496879,1,1,100.66944759,1
1142,0.55542859,0.35409452,0.41802577,0.30595355,0.53034289,15.23557949,15.34507753,1,1,733.77972853,1
1143,0.55549633,0.35365057,0.41814886,0.33538659,0.51105106,15.53978012,15.56214763,1,1,1584.89034037,1
1144,0.61490161,0.31540418,0.4395357,0.37842062,0.52456779,15.79304868,15.82062908,1,1,102.47433565,1
1145,0.59999754,0.33671848,0.44197032,0.4085704,0.50924907,15.46342389,15.54818675,1,1,100.42258285,1
1146,0.61025715,0.34238665,0.44333882,0.42054011,0.48907784,15.12229533,15.16251914,1,1,1581.0421293,1
1147,0.57243041,0.34754729,0.44279619,0.40107576,0.49261813,15.48185154,15.53436559,1,1,369.70777486,1
1148,0.58963842,0.36626071,0.45335579,0.44304681,0.47284294,15.86087756,15.98410527,1,1,124.50054003,1
1149,0.55572327,0.37885573,0.44185129,0.44002776,0.45352679,15.6079706,15.64471299,1,1,1583.70401405,1
1150,0.56592182,0.37671092,0.45091716,0.48066322,0.47445092,15.29819067,15.4301297,1,1,1495.13679901,1
1151,0.56601471,0.37791394,0.45108445,0.50482851,0.49354282,15.74539938,15.76600579,1,1,100.08142462,1
1152,0.60473776,0.37264475,0.47886366,0.51399263,0.47581094,15.95462825,16.02660534,1,1,603.80979098,1
1153,0.59947242,0.37618233,0.46625995,0.47402944,0.48637281,15.95353001,15.96628838,1,1,100.1711624,1
1154,0.57333587,0.38653058,0.4778625,0.51453416,0.50664516,15.83989674,15.87301739,1,1,1584.70196394,1
1155,0.57543449,0.38614378,0.46794517,0.52526835,0.52651076,15.81762778,15.95070025,1,1,221.20695062,1
1156,0.57698799,0.39024104,0.47782874,0.56139598,0.50747008,16.12260191,16.22515802,1,1,1584.69482197,1
1157,0.5613249,0.40534873,0.46272217,0.60002805,0.4873207,15.62088985,15.66116204,1,1,438.77205583,1
1158,0.56255465,0.41224839,0.47894449,0.63800767,0.46838939,15.95342211,16.06420534,1,1,103.73480879,1
1159,0.56242113,0.41216527,0.47867653,0.60475434,0.45204755,15.94913072,16.02731901,1,1,100.00632953,1
1160,0.58695017,0.36259071,0.50615266,0.569055,0.47234209,15.91393524,15.9956128,1,1,1417.22749941,1
1161,0.55589523,0.3568547,0.50511741,0.52767411,0.49135037,15.81648375,15.97157659,1,1,101.64437596,1
1162,0.54487134,0.36689021,0.49369998,0.54676004,0.50299842,15.95720239,16.06166591,1,1,109.35878291,1
1163,0.5448033,0.38998243,0.48974197,0.58496092,0.48307045,15.19492064,15.25726823,1,1,100.01987739,1
1164,0.54213508,0.38606182,0.50925322,0.62314367,0.50322778,15.69690793,15.76937745,1,1,106.70359949,1
1165,0.54176429,0.38538944,0.50926294,0.65434025,0.51848501,16.08239599,16.10557556,1,1,114.43276447,1
1166,0.60884925,0.37907149,0.53448246,0.61130841,0.53807787,15.54469207,15.63529445,1,1,634.00137812,1
1167,0.57610189,0.38501527,0.53556642,0.56913755,0.5573162,15.35971635,15.40313673,1,1,100.19608795,1
1168,0.57669488,0.38870766,0.51364796,0.59365209,0.5743069,15.76267538,15.80517014,1,1,1584.89153197,1
1169,0.5861289,0.408024,0.53452632,0.62567167,0.57838724,15.42136222,15.51642467,1,1,107.27618357,1
1170,0.56601415,0.40513699,0.52908428,0.58350605,0.55943784,15.982176,16.00533558,1,1,100.28739529,1
1171,0.56899003,0.42630264,0.53305722,0.56556976,0.53824932,15.94428993,16.10109938,1,1,100.28415769,1
1172,0.56261227,0.41536572,0.5280941,0.52537581,0.51767242,16.50494902,16.56321473,1,1,333.43448322,1
1173,0.56269665,0.41577624,0.52813488,0.56486829,0.53709517,16.05620549,16.11878854,1,1,109.43878715,1
1174,0.60773543,0.36891725,0.55502519,0.57000375,0.5170309,15.72261333,15.75584555,1,1,1582.87270635,1
1175,0.60321336,0.37582397,0.53777117,0.58211819,0.52019352,15.35308864,15.38883427,1,1,108.95855436,1
1176,0.58876952,0.3868065,0.55022567,0.54125092,0.51466048,15.34187752,15.38347984,1,1,1583.09470188,1
1177,0.56965592,0.39780427,0.54413377,0.58019322,0.53353687,16.05481515,16.12687919,1,1,100.00128107,1
1178,0.56058345,0.40553085,0.525369,0.59537421,0.55282828,15.76470881,15.91949017,1,1,1584.89036588,1
1179,0.5416272,0.40121676,0.52541237,0.61303229,0.57174858,15.58230591,15.65867095,1,1,100.00008365,1
1180,0.54181892,0.402841,0.52548118,0.57099579,0.55084709,16.01278059,16.08679589,1,1,101.79008822,1
1181,0.53060842,0.339213,0.52718844,0.52959311,0.53499089,15.85963111,15.93751421,1,1,1584.87228336,1
1182,0.54569823,0.34197567,0.5291198,0.49419425,0.51681488,15.5046562,15.56160817,1,1,117.38458098,1
1183,0.51227317,0.33577657,0.52413822,0.50105618,0.49663037,15.35781618,15.47891627,1,1,100.96600132,1
1184,0.52241866,0.35663389,0.54756325,0.46108487,0.5166421,15.81965151,15.8740141,1,1,1584.59885303,1
1185,0.51197791,0.35912239,0.5256936,0.49995617,0.49780991,15.85659648,15.95215692,1,1,1584.26756426,1
1186,0.51198095,0.36028626,0.52589978,0.53901298,0.51785332,15.52696148,15.67104113,1,1,100.00632461,1
1187,0.58292739,0.38066706,0.52594393,0.57479191,0.53594407,16.31714508,16.36319792,1,1,103.79747541,1
1188,0.60008044,0.38980559,0.54700013,0.53330066,0.51568204,15.53704207,15.65481401,1,1,480.59868901,1
1189,0.58161899,0.38894375,0.5312215,0.57103206,0.53300017,15.47306074,15.53160775,1,1,1234.87750765,1
1190,0.56332625,0.39292524,0.5368045,0.53351588,0.55224444,15.68851589,15.78973126,1,1,1577.55180848,1
1191,0.57381867,0.41212313,0.54756004,0.57249355,0.53124405,15.45887652,15.55699289,1,1,100.10062857,1
1192,0.57084536,0.4138679,0.53460925,0.53797772,0.52796983,15.72984273,15.75145965,1,1,1392.35689529,1
1193,0.55107917,0.43873833,0.53894685,0.49721856,0.54741003,15.30512881,15.31022506,1,1,259.23287318,1
1194,0.55494408,0.42614043,0.53705992,0.46076653,0.5661478,15.90820581,16.04272827,1,1,131.53396624,1
1195,0.55441356,0.4245094,0.53703208,0.42189426,0.58086626,15.72499073,15.79798535,1,1,1574.42184477,1
1196,0.58033275,0.37289106,0.55122585,0.38674633,0.59474853,15.76192203,15.91007337,1,1,109.99535945,1
1197,0.58945179,0.37817362,0.54298783,0.40211069,0.58843301,15.70211612,15.73837558,1,1,1469.47791877,1
1198,0.58133329,0.40055463,0.54371156,0.36450918,0.59025156,15.84636337,15.89944352,1,1,100.03421828,1
1199,0.57147298,0.39815729,0.53900564,0.34695691,0.56845133,15.83565025,15.94327348,1,1,1241.21380593,1
1200,0.55975061,0.40969593,0.53719323,0.31007759,0.5864642,16.02782121,16.06249581,1,1,101.31625178,1
1201,0.52836695,0.41171396,0.54575786,0.27769008,0.60470131,16.28997014,16.35723527,1,1,1553.65132237,1
1202,0.52834025,0.41129423,0.54584545,0.32199456,0.58268392,15.41940671,15.50587058,1,1,1547.67757959,1
1203,0.56876513,0.38224084,0.54649432,0.36496549,0.60079254,15.79673547,15.8032194,1,1,1472.27351522,1
1204,0.5606588,0.39793538,0.56628974,0.39602775,0.61870732,15.23619891,15.28328605,1,1,142.80012179,1
1205,0.55226452,0.39785514,0.54473345,0.35879406,0.59824171,15.85837543,15.9875974,1,1,102.76323751,1
1206,0.55460596,0.41310424,0.56530097,0.39976624,0.6162713,15.56324857,15.61589679,1,1,113.85791868,1
1207,0.53649526,0.42715901,0.55920513,0.44144342,0.63329596,15.69552753,15.76412559,1,1,100.50549576,1
1208,0.53670903,0.42661296,0.55920767,0.40261563,0.6504409,16.11755763,16.16881697,1,1,100.00003476,1
1209,0.58840568,0.43412071,0.56509255,0.44432709,0.62743278,15.68387716,15.78241409,1,1,107.848845,1
1210,0.59342998,0.43433814,0.5849347,0.32590172,0.66853451,15.36932876,15.42736438,1,1,126.66784007,0
1211,0.57590726,0.44937458,0.58249085,0.38553161,0.64556096,15.36792271,15.50252401,1,1,963.43753562,0
1212,0.56847518,0.44417682,0.55611551,0.30668654,0.61111185,15.68371866,15.74721373,1,1,255.67967443,0
1213,0.55728083,0.4711777,0.58251229,0.43054145,0.56331004,15.44176292,15.54945321,1,1,1491.49302193,0
1214,0.54849894,0.46052339,0.56456219,0.3119757,0.50802954,15.8252054,15.93788441,1,1,100.00005425,0
1215,0.54011121,0.48355872,0.57736475,0.43529047,0.56290858,15.45418194,15.48771249,1,1,102.84001451,0
1216,0.54006496,0.48357015,0.57725375,0.3165987,0.53822164,15.37035229,15.41419223,1,1,120.78474901,0
1217,0.54997709,0.55142276,0.52475332,0.43161121,0.58930425,16.08090928,16.20055293,1,1,100.12777091,0
1218,0.52378919,0.60349854,0.46282644,0.32643957,0.54397073,15.55202586,15.69447799,1,1,1442.65204223,0
1219,0.50640801,0.72081721,0.37367236,0.44923229,0.48814596,15.51479126,15.53832253,1,1,1072.20250085,0
1220,0.46004186,0.75203613,0.29632587,0.33539727,0.44977543,15.39267691,15.50871395,1,1,1402.64603901,0
1221,0.46157956,0.82055227,0.25242654,0.45868919,0.39308333,15.79257913,15.8890327,1,1,114.58070729,0
1222,0.4615603,0.8201026,0.25227374,0.33959223,0.33521907,16.04021102,16.18666931,1,1,100.0207403,0
1223,0.41065244,0.76904443,0.3096938,0.43001601,0.33406004,15.97374231,16.02369099,1,1,1210.89629062,0
1224,0.44218337,0.71868402,0.36672071,0.5415991,0.31994956,15.58391757,15.71316104,1,1,346.263406,0
1225,0.4491148,0.62365167,0.43367325,0.65704323,0.37802798,16.06424472,16.10678315,1,1,219.06913914,0
1226,0.46700456,0.51833909,0.52063499,0.77388617,0.42569114,15.86994232,15.94077267,1,1,1512.11499028,0
1227,0.5028233,0.42598715,0.58822875,0.88316921,0.46783711,15.44355273,15.55648571,1,1,108.59774563,0
1228,0.5112212,0.36817599,0.65124326,0.75656279,0.51980635,15.83741284,15.9017031,1,1,100.00830535,0
1229,0.51344947,0.32505601,0.68813967,0.87143087,0.56021426,15.82684052,15.83528985,1,1,1584.83624653,0
1230,0.51315888,0.32522445,0.68814652,0.98355502,0.49332745,16.01636413,16.12672066,1,1,683.44097381,0
1231,0.5721039,0.40141692,0.6134618,1,0.54120689,15.73580494,15.88538435,1,1,100.14819505,0
1232,0.56918088,0.45086508,0.53254606,1,0.55967754,15.51026071,15.64245164,1,1,101.3910769,1
1233,0.54712856,0.54680682,0.43191526,0.9501244,0.53848414,15.62035508,15.69577104,1,1,491.37823828,1
1234,0.55760044,0.61978555,0.34100096,0.97372311,0.55756396,15.77280829,15.88656847,1,1,124.51291652,1
1235,0.54058812,0.65992479,0.30095918,0.92502067,0.576399,15.90972177,16.05882417,1,1,105.56847172,1
1236,0.54094189,0.65907259,0.30099856,0.95279933,0.56631606,15.89196793,15.98785792,1,1,699.02121431,1
1237,0.51373326,0.63692952,0.30592759,0.98313331,0.56784519,15.53516371,15.57273935,1,1,888.22614049,1
1238,0.50948894,0.62987879,0.3100959,0.9339531,0.54665064,16.27699586,16.37106222,1,1,1584.69644524,1
1239,0.50579232,0.65383196,0.31319102,0.96522659,0.56502842,15.50588659,15.65119394,1,1,1577.83075314,1
1240,0.5208882,0.63615397,0.32810136,0.99471318,0.5437291,15.88804201,16.01601869,1,1,100.22849948,1
1241,0.49749688,0.61699214,0.32251927,0.94488096,0.52465299,16.15785366,16.18815755,1,1,100.50961355,1
1242,0.51515095,0.63554256,0.32465412,0.91669352,0.5186935,15.69654704,15.79771295,1,1,1582.7668253,1
1243,0.50991712,0.62259001,0.34588173,0.91668752,0.49831972,15.51930651,15.56007151,1,1,212.07015281,1
1244,0.50965846,0.62297662,0.34599344,0.9472655,0.51747157,15.90589677,15.97827824,1,1,100.5056671,1
1245,0.49530737,0.63295316,0.37042762,0.89838685,0.51648495,15.4962805,15.55614373,1,1,100.60256789,1
1246,0.49312214,0.61413915,0.35465441,0.85695873,0.5361382,15.87913395,16.00985284,1,1,1576.85411354,1
1247,0.47724611,0.61262191,0.37901704,0.88980756,0.55482673,15.76238727,15.7873609,1,1,1017.53563274,1
1248,0.49047602,0.59988691,0.38060666,0.84942996,0.53392842,15.42231578,15.4311491,1,1,1584.53071165,1
1249,0.49128667,0.60008542,0.3747186,0.80261512,0.52683451,15.74484611,15.82542223,1,1,108.13134584,1
1250,0.49750376,0.61270316,0.37745962,0.76032291,0.52534072,15.5837026,15.71004952,1,1,1566.28641971,1
1251,0.49750866,0.61277556,0.37726832,0.79511601,0.54473262,15.81499975,15.91872946,1,1,147.78581641,1
1252,0.46531304,0.62628549,0.38663685,0.74921642,0.54330459,15.86969795,15.95632719,1,1,1497.29937296,1
1253,0.46504113,0.61706983,0.38234552,0.78419737,0.52617363,15.01314341,15.06947369,1,1,1584.7415875,1
1254,0.46997239,0.61182647,0.4035028,0.7386828,0.50871052,15.43583605,15.44202479,1,1,118.87537352,1
1255,0.47203559,0.61110028,0.40087925,0.7738752,0.51663247,15.59156176,15.74550572,1,1,1549.20404073,1
1256,0.48389746,0.59366118,0.3942257,0.77188397,0.49631443,15.66385134,15.79465611,1,1,1579.41908764,1
1257,0.47143461,0.59312021,0.40725155,0.79288676,0.47639167,15.54747308,15.60539116,1,1,109.58982098,1
1258,0.48914799,0.56680772,0.39840268,0.74702909,0.4574202,15.56280345,15.7137764,1,1,100.01046995,1
1259,0.48887101,0.56660714,0.39833327,0.702111,0.47802795,15.1389601,15.17540792,1,1,104.47072441,1
1260,0.48168632,0.59517411,0.40608158,0.72565466,0.49477341,15.66585436,15.75217226,1,1,421.56678123,1
1261,0.46811824,0.56921465,0.41998139,0.68173989,0.51441831,15.89195879,15.99004696,1,1,108.83963152,1
1262,0.46708784,0.56669252,0.43192623,0.64340277,0.53410508,15.39396949,15.4538693,1,1,100.49527387,1
1263,0.47075362,0.55580031,0.42318414,0.62909722,0.51342918,16.08778272,16.13627784,1,1,1583.11917351,1
1264,0.48714606,0.55361361,0.42598658,0.65938407,0.5330667,15.19557923,15.30038112,1,1,100.00022943,1
1265,0.47776559,0.56153875,0.44655955,0.61627001,0.5513833,15.7660958,15.84011942,1,1,166.94003879,1
1266,0.47768592,0.56139254,0.44624967,0.6335051,0.5702007,15.43570827,15.4687582,1,1,103.20251659,1
1267,0.45891177,0.63781203,0.4618422,0.59083854,0.58875853,15.63938225,15.78386594,1,1,104.94693552,1
1268,0.46126425,0.6108455,0.47076999,0.57773001,0.57179079,16.21695272,16.33714331,1,1,112.04117128,1
1269,0.48111484,0.61522896,0.46728896,0.53619959,0.58994102,15.53510684,15.57064342,1,1,1558.4590347,1
1270,0.4807271,0.59453188,0.47970965,0.57527106,0.60814195,15.22356079,15.32689429,1,1,100.00341627,1
1271,0.49686202,0.576702,0.4928263,0.53682025,0.62595402,16.0128202,16.02221057,1,1,1544.40631195,1
1272,0.49696082,0.57607622,0.49293493,0.56998795,0.61242333,15.75175269,15.85181294,1,1,1549.15245753,1
1273,0.47485421,0.61029475,0.52015796,0.53123377,0.59026692,15.44004359,15.50269641,1,1,1233.91394906,1
1274,0.47950604,0.59738129,0.51930784,0.5679784,0.56849799,15.87351244,15.91467222,1,1,100.00015497,1
1275,0.47027001,0.5745483,0.49787153,0.60652834,0.5521193,15.34741767,15.36380732,1,1,525.51474022,1
1276,0.49520455,0.56100179,0.51471569,0.6094975,0.55945067,16.28851051,16.34952693,1,1,113.54872108,1
1277,0.50077234,0.58300873,0.52045485,0.56972801,0.538396,15.68096911,15.69067493,1,1,1584.81404053,1
1278,0.50054203,0.58306622,0.52048133,0.52985428,0.51849491,15.48721063,15.61787993,1,1,100.0104088,1
1279,0.47624443,0.60993626,0.5212538,0.52563403,0.52270227,15.62192069,15.76904172,1,1,138.31540287,1
1280,0.47763738,0.6014093,0.5232229,0.4851231,0.53821586,15.47332534,15.56442243,1,1,121.53608824,1
1281,0.48199047,0.5898078,0.53854705,0.52466427,0.51745157,15.33319188,15.43049172,1,1,333.93244092,1
1282,0.49089509,0.5808137,0.5246662,0.5640356,0.50169283,15.61807771,15.74232315,1,1,1583.27011516,1
1283,0.49733365,0.56270901,0.52803695,0.58467024,0.48166334,15.47515409,15.51332453,1,1,100.01330941,1
1284,0.49611889,0.55553729,0.52663208,0.56541335,0.49334209,15.1249353,15.14629284,1,1,1584.22262251,1
1285,0.49613644,0.55522124,0.5268442,0.57909715,0.50782772,15.65349613,15.67727875,1,1,1584.74145531,1
1286,0.56611383,0.61019821,0.51287767,0.57296794,0.51920449,16.0649666,16.15247987,1,1,1576.38190743,1
1287,0.56014103,0.60391125,0.50559538,0.59324337,0.53394552,15.86454464,15.95067468,1,1,1572.89447788,1
1288,0.54678503,0.60522064,0.48015932,0.57645674,0.51407771,15.99889412,16.11622335,1,1,1577.99473167,1
1289,0.54611085,0.61302765,0.48567619,0.5349277,0.52760781,15.48792813,15.51606055,1,1,1548.01627534,1
1290,0.54624525,0.61279981,0.48580221,0.49433235,0.53878822,15.60439878,15.68579181,1,1,1578.21251817,1
1291,0.51768923,0.61148533,0.48988878,0.45444653,0.55683185,15.8277292,15.97280759,1,1,108.79192884,1
1292,0.51412057,0.61250209,0.48850369,0.41535778,0.57564801,16.00533448,16.13849344,1,1,100.82197952,1
1293,0.50856723,0.60882318,0.48972075,0.44202365,0.594121,15.64217042,15.76111448,1,1,1584.88934495,1
1294,0.52376361,0.59101712,0.49491763,0.46026307,0.58306322,15.34250766,15.40107261,1,1,114.64987068,1
1295,0.5278222,0.5677769,0.50162941,0.42106131,0.60137428,15.82473858,15.86734219,1,1,116.44284327,1
1296,0.51748081,0.57199941,0.50928777,0.46263309,0.58023288,15.73304367,15.77077888,1,1,134.34263006,1
1297,0.51734831,0.57228507,0.50905964,0.42355895,0.58679784,15.74393581,15.77039326,1,1,159.22518398,1
1298,0.47044212,0.56227415,0.51273525,0.45831752,0.60490394,15.98330183,16.06596116,1,1,353.70083034,1
1299,0.4729012,0.56041628,0.52223888,0.43202481,0.59009051,15.57048762,15.59593763,1,1,100.10374921,1
1300,0.47688307,0.54848078,0.5341896,0.47203337,0.60784085,15.90357157,15.93290509,1,1,120.13119447,1
1301,0.47223898,0.55228904,0.53747137,0.51210133,0.58669216,16.01922791,16.08715521,1,1,107.57409486,1
1302,0.48930091,0.54191342,0.50913251,0.55153824,0.59240442,15.7756694,15.88323004,1,1,1584.80868698,1
1303,0.47471273,0.54131029,0.51100928,0.52549139,0.61052979,15.67061648,15.67846951,1,1,1584.59247261,1
1304,0.47490937,0.54066392,0.51113886,0.48920326,0.6282784,15.83714185,15.97282829,1,1,1136.16125912,1
1305,0.46156946,0.62603287,0.53383213,0.52941762,0.6456985,15.68765702,15.83360688,1,1,100.56189517,1
1306,0.46979369,0.59284611,0.5160443,0.48882947,0.62372927,15.34917088,15.4158358,1,1,166.19503847,1
1307,0.47619122,0.57956401,0.51390601,0.52561014,0.6404225,15.47532917,15.60850898,1,1,108.79465423,1
1308,0.49099206,0.59291828,0.52357698,0.56434302,0.61784528,15.81580537,15.8825712,1,1,1442.9032156,1
1309,0.48926525,0.5567167,0.52705746,0.60305433,0.62020034,15.36106974,15.39678107,1,1,102.93520162,1
1310,0.48920082,0.55705449,0.52680244,0.56099331,0.59842779,15.93801081,16.08327994,1,1,100.00077255,1
1311,0.46718334,0.58593259,0.54317948,0.5206017,0.61625508,16.36531348,16.48477246,1,1,1159.40016301,1
1312,0.47016225,0.57672848,0.55095557,0.56017088,0.62501911,15.89853281,15.96943094,1,1,107.49254123,1
1313,0.47869984,0.55995872,0.52611666,0.59725192,0.63929038,15.43113986,15.47161659,1,1,1446.25960584,1
1314,0.47537392,0.55632296,0.53554216,0.63186953,0.61651846,15.23158791,15.37569693,1,1,100.01172262,1
1315,0.50281709,0.54038725,0.52283571,0.65145142,0.59554801,16.0613471,16.06948378,1,1,103.75042395,1
1316,0.50297694,0.54049987,0.5227672,0.68821412,0.61328086,15.34975175,15.38237622,1,1,103.74028484,1
1317,0.46966675,0.53255223,0.5236465,0.67726917,0.63101524,15.83477523,15.96544372,1,1,101.68513843,1
1318,0.49294179,0.5276506,0.53960342,0.67583938,0.61800457,15.97000409,16.05294895,1,1,100.30748788,1
1319,0.49561316,0.51912959,0.51795565,0.63296895,0.59591951,15.84892319,15.92001707,1,1,133.12812439,1
1320,0.47959491,0.50961812,0.54490845,0.65285077,0.61368863,15.75918419,15.85011581,1,1,123.47775674,1
1321,0.48365599,0.53163412,0.52733239,0.62359813,0.59161962,15.9657969,16.06861704,1,1,111.85628006,1
1322,0.48384717,0.53056399,0.52714274,0.5876541,0.5920845,15.79309707,15.87506516,1,1,100.13725031,1
1323,0.55022916,0.57816636,0.55393037,0.54858586,0.57552073,15.91609475,15.94563533,1,1,1175.95436263,1
1324,0.55480441,0.5910317,0.53739979,0.50774388,0.55521456,15.62815477,15.69641861,1,1,100.03379361,1
1325,0.52839388,0.59165568,0.53463605,0.49096008,0.53433971,15.74563666,15.85772995,1,1,100.09638651,1
1326,0.53938256,0.58631004,0.54494772,0.49783095,0.52174166,15.1457622,15.17634635,1,1,810.47253343,1
1327,0.52667243,0.59955278,0.54109193,0.5378073,0.50137433,15.7474818,15.88688588,1,1,111.84781007,1
1328,0.52655968,0.60161084,0.54109291,0.51753586,0.4813694,15.98931168,16.05325045,1,1,1495.93652294,1
1329,0.4981551,0.57429839,0.55429235,0.50097805,0.50171813,16.01212791,16.01612371,1,1,150.68040216,1
1330,0.48871491,0.57846215,0.5392018,0.49438393,0.52098831,15.35765016,15.36498013,1,1,1578.56808142,1
1331,0.48924181,0.5673654,0.5394166,0.51098348,0.50354359,15.64503514,15.65765614,1,1,732.15816091,1
1332,0.48784571,0.57433618,0.53550058,0.51971632,0.52334935,15.55552931,15.65922107,1,1,1584.57994658,1
1333,0.49547633,0.57135495,0.5362618,0.55808246,0.51217314,15.89815158,16.01518365,1,1,100.00001288,1
1334,0.49517791,0.57142939,0.53602305,0.5173641,0.53169694,15.97965193,16.11661444,1,1,1500.20781189,1
1335,0.46978835,0.58150388,0.55293026,0.47701824,0.51129623,15.96182285,16.09533784,1,1,1560.17449328,1
1336,0.47456947,0.57173409,0.53955356,0.51737295,0.53095015,15.50236859,15.538697,1,1,1584.89037451,1
1337,0.47867118,0.56897107,0.54816178,0.55698277,0.52197772,15.67089043,15.78534636,1,1,1521.74979419,1
1338,0.49977666,0.55056747,0.55058186,0.51584746,0.53296416,15.79611944,15.88220225,1,1,347.02157724,1
1339,0.49052832,0.55230335,0.54066304,0.55552669,0.54953766,15.34805296,15.37035493,1,1,1534.24702755,1
1340,0.490717,0.55240227,0.54072529,0.57620647,0.52856742,15.94592336,15.96932215,1,1,1570.38925346,1
1341,0.459614,0.5519746,0.56636479,0.53639644,0.50800161,16.04152821,16.16462776,1,1,100.32553585,1
1342,0.46619537,0.54946545,0.54991389,0.51233579,0.52760222,15.24029708,15.26741914,1,1,109.09007967,1
1343,0.4571339,0.54461416,0.55624768,0.55207607,0.54704998,15.66180332,15.80578273,1,1,107.17540796,1
1344,0.48183549,0.55128844,0.55408379,0.5331522,0.56278659,15.74654283,15.78700578,1,1,101.97895572,1
1345,0.48059955,0.53849748,0.55324282,0.57248914,0.58085191,15.68677909,15.79625638,1,1,100.51422948,1
1346,0.4804731,0.53815209,0.55339365,0.53265688,0.55935544,15.54968785,15.57066986,1,1,100.00276289,1
1347,0.43893888,0.58333349,0.55316571,0.5657529,0.56361898,16.04229093,16.1606492,1,1,100.52699263,1
1348,0.45485183,0.57045891,0.56772645,0.6025009,0.56479384,15.78037491,15.91084237,1,1,100.02624073,1
1349,0.47179453,0.58619927,0.55744499,0.62233399,0.55793973,15.72655685,15.80399812,1,1,1584.61309545,1
1350,0.48918899,0.55935716,0.55848246,0.6216823,0.53716812,16.15418767,16.29807207,1,1,1566.7365694,1
1351,0.49931632,0.55211416,0.54905363,0.65924522,0.51657487,15.24388905,15.3531629,1,1,1493.5261976,1
1352,0.49965094,0.55265952,0.54901152,0.61606594,0.4962435,15.9836433,16.00841888,1,1,100.7866662,1
1353,0.44503381,0.55437974,0.55915446,0.65365542,0.48008396,15.30965169,15.33884939,1,1,149.90049104,1
1354,0.45904289,0.55965143,0.57581379,0.6162856,0.46496401,15.56075861,15.70360089,1,1,1584.89008393,1
1355,0.460106,0.55498714,0.56606734,0.57397564,0.45349281,15.53751743,15.57668669,1,1,1123.33538662,1
1356,0.46251203,0.52166853,0.55812411,0.55481803,0.44265987,15.99372062,16.09252462,1,1,805.59510824,1
1357,0.47895496,0.5441558,0.56047446,0.56206712,0.44327574,16.1280007,16.18070926,1,1,108.08739776,1
1358,0.47876133,0.54472237,0.56043497,0.60074771,0.46389374,16.09709828,16.22327351,1,1,123.71170172,1
1359,0.44807523,0.58422897,0.57910677,0.59266714,0.44622652,15.3564552,15.4160126,1,1,125.86389347,1
1360,0.45457434,0.57337797,0.55649858,0.59904241,0.4335581,15.47670022,15.52660023,1,1,1235.86501175,1
1361,0.47128779,0.57624243,0.58083747,0.55706188,0.41493545,15.56768718,15.59774019,1,1,1437.59555753,1
1362,0.4636705,0.56611902,0.55202229,0.5932986,0.41110853,16.03749979,16.17130721,1,1,178.73634813,1
1363,0.478331,0.54158191,0.54670398,0.55765375,0.39291072,16.04302178,16.09496518,1,1,983.23962315,1
1364,0.47884249,0.54265046,0.54687741,0.51690893,0.37520252,15.91624462,16.05159983,1,1,108.2088104,1
1365,0.47110305,0.60850478,0.57065748,0.47677522,0.38130068,15.96391678,16.11969995,1,1,653.46191482,1
1366,0.45858018,0.5915031,0.57158204,0.51248967,0.40361848,16.19424182,16.22875061,1,1,118.59810454,1
1367,0.48507755,0.58663681,0.54140591,0.55006426,0.38815639,15.67450243,15.81214086,1,1,207.17961167,1
1368,0.49932126,0.55986984,0.55800076,0.50930318,0.37068825,15.60246843,15.71511188,1,1,100.02169115,1
1369,0.49801205,0.55445143,0.56473988,0.46911712,0.39321516,15.67443249,15.7185201,1,1,1441.50792451,1
1370,0.49792264,0.55430097,0.56454989,0.43123111,0.40959545,15.9306669,16.05737112,1,1,100.0000082,1
1371,0.46936178,0.61721532,0.58205436,0.47254171,0.43131083,15.95336037,16.08660241,1,1,760.71228121,1
1372,0.50193134,0.60064792,0.56459063,0.43493748,0.45266406,15.92495345,16.02783757,1,1,1231.69767681,1
1373,0.4969462,0.59865565,0.55273315,0.47495744,0.45253624,15.63602003,15.70848947,1,1,198.42090926,1
1374,0.50277916,0.58247027,0.55266189,0.43546065,0.43547813,15.6836009,15.70879276,1,1,100.00002238,1
1375,0.53228307,0.55600183,0.5454751,0.47634876,0.41677083,15.23574278,15.24450769,1,1,100.00072849,1
1376,0.53230909,0.55482354,0.54555468,0.45372118,0.43841531,15.54484175,15.66296721,1,1,1499.28089201,1
1377,0.52468208,0.52663588,0.55134764,0.43757369,0.4203127,15.52416084,15.53256127,1,1,414.32268549,1
1378,0.5070771,0.51867098,0.55188844,0.47861698,0.44063622,15.64299938,15.70130687,1,1,1570.99628849,1
1379,0.51765777,0.52534485,0.55602763,0.51586234,0.42578493,15.97093971,16.12012463,1,1,114.10266619,1
1380,0.50110963,0.53092425,0.56204842,0.55545935,0.40727008,15.48382609,15.49511391,1,1,1220.52174991,1
1381,0.50727052,0.51387082,0.54467768,0.5323237,0.42909512,15.21598707,15.35594813,1,1,103.35405904,1
1382,0.50730241,0.51426409,0.54461886,0.56883542,0.41415703,15.88597935,15.89759602,1,1,115.55166999,1
1383,0.47189956,0.52021735,0.54857669,0.60732172,0.43583192,15.41477461,15.56724053,1,1,100.00486834,1
1384,0.4584522,0.52810798,0.56823198,0.56892047,0.44291208,15.67440446,15.7638171,1,1,1028.14155618,1
1385,0.48130815,0.50982232,0.53878048,0.52757561,0.424054,15.70592819,15.7581612,1,1,100.0147937,1
1386,0.47697185,0.5141773,0.54549383,0.48733418,0.44556668,16.00824704,16.15679341,1,1,118.94111631,1
1387,0.49055396,0.50744836,0.55794144,0.44853824,0.46049028,15.59671251,15.71656179,1,1,102.45174663,1
1388,0.49046099,0.50691404,0.55811211,0.41407393,0.48128041,16.11250054,16.12298483,1,1,1584.63888294,1
1389,0.46816599,0.51929577,0.56251906,0.45542389,0.49963688,15.75619492,15.84091783,1,1,131.53651416,1
1390,0.47355162,0.51648942,0.54938031,0.49596935,0.47964801,15.43693822,15.5820864,1,1,376.54738728,1
1391,0.50081311,0.52684041,0.55389875,0.45666176,0.46025056,15.29095809,15.32092852,1,1,101.36607451,1
1392,0.508451,0.49724342,0.56310214,0.44150152,0.44257111,15.57441589,15.61684049,1,1,495.60152582,1
1393,0.50962215,0.50677934,0.53727289,0.48016119,0.46371867,15.71860184,15.7245746,1,1,104.63945588,1
1394,0.50971765,0.50700511,0.53702641,0.44130219,0.44482917,15.45996964,15.57041107,1,1,901.83089676,1
1395,0.47805115,0.49944963,0.54753948,0.40314108,0.46592962,15.72484222,15.87479235,1,1,100.00011069,1
1396,0.47352871,0.48736097,0.55579717,0.44468894,0.44795325,15.64341831,15.7963411,1,1,100.02904566,1
1397,0.47581432,0.48730668,0.55830538,0.41164996,0.42901473,16.05353736,16.07850307,1,1,100.02103696,1
1398,0.47502771,0.47628584,0.54211454,0.377052,0.45043291,15.92294861,16.06282693,1,1,100.00128034,1
1399,0.48590694,0.46509174,0.54002019,0.3406383,0.43142665,16.09470966,16.14688929,1,1,231.26135162,1
1400,0.49680891,0.47018283,0.54672795,0.3038358,0.41713899,15.60866544,15.65402347,1,1,124.44619186,1
1401,0.4967154,0.46959757,0.54660872,0.34772073,0.43876243,16.0134692,16.11861171,1,1,103.23225553,1
1402,0.55649999,0.49808908,0.56292777,0.31567299,0.45883084,15.7672471,15.88664247,1,1,100.0006997,1
1403,0.56687639,0.51057016,0.55707958,0.28732956,0.43965975,15.90147089,15.96091169,1,1,553.13207721,1
1404,0.56399661,0.52168414,0.54464519,0.27805508,0.45834025,15.76631017,15.83252819,1,1,266.2508443,1
1405,0.56256155,0.5286418,0.54610676,0.32245912,0.47909623,15.74010199,15.88943413,1,1,277.81490628,1
1406,0.53605847,0.50927222,0.55535354,0.3187652,0.49429456,15.08149785,15.22595284,1,1,1142.49097459,1
1407,0.53560709,0.50918186,0.55520311,0.28239037,0.50489453,15.51797836,15.61599353,1,1,101.00547828,1
1408,0.57142358,0.45654161,0.55331775,0.2831806,0.49056011,15.95336213,16.03414794,1,1,103.56312241,1
1409,0.56293382,0.46636597,0.57566697,0.25071106,0.47230331,15.59063572,15.73652795,1,1,105.36716935,1
1410,0.53284145,0.47207683,0.56176346,0.29190019,0.49173719,16.06292322,16.21830114,1,1,106.30081222,1
1411,0.51965874,0.48101195,0.55471528,0.34607876,0.55589896,15.60339305,15.61810919,1,1,101.27822866,0
1412,0.51277414,0.48265808,0.55127414,0.46914116,0.61896205,15.98193432,16.12711447,1,1,674.9085216,0
1413,0.51277523,0.48432468,0.55133599,0.35508588,0.60571333,15.75275215,15.76806836,1,1,1565.10006861,0
1414,0.49601554,0.44149683,0.43857521,0.47779461,0.66853191,15.98100804,16.12267108,1,1,100.00146593,0
1415,0.4925516,0.37105485,0.31332458,0.57580923,0.60898973,15.97786003,16.04078481,1,1,1266.04113691,0
1416,0.51028904,0.31805881,0.18984605,0.55960358,0.66630809,15.9397337,15.9767373,1,1,474.23110893,0
1417,0.53469265,0.27122633,0.10727985,0.43854934,0.61262536,15.53476302,15.6765512,1,1,100.12029406,0
1418,0.5346232,0.27078731,0.1074246,0.46912132,0.55385626,15.91767844,15.92155195,1,1,130.29331674,0
1419,0.5965495,0.33213272,0.20701783,0.58923642,0.55415124,15.66064432,15.67141618,1,1,1433.97322709,0
1420,0.58379656,0.40407876,0.30209482,0.70743769,0.61229841,15.51811936,15.58027902,1,1,100.30356231,0
1421,0.57710478,0.4834524,0.43014053,0.58504759,0.66767518,15.61406083,15.73008531,1,1,111.17304923,0
1422,0.56593479,0.5999791,0.55718451,0.46348196,0.7222439,16.02109654,16.02514197,1,1,105.88965065,0
1423,0.54266309,0.67180381,0.65709041,0.34421249,0.68957303,15.71499581,15.77242571,1,1,100.71328269,0
1424,0.5479284,0.70171571,0.69860164,0.46453829,0.63271053,16.22244527,16.33194102,1,1,1562.41104624,0
1425,0.54812365,0.70281073,0.69849472,0.58045743,0.57341994,16.02316145,16.10568605,1,1,100.07232484,0
1426,0.47921883,0.62586886,0.6155658,0.51142592,0.6194715,16.11989671,16.18934123,1,1,284.57652747,0
1427,0.46218779,0.57849497,0.51935982,0.62819163,0.67924274,15.67556162,15.72241165,1,1,100.03272902,0
1428,0.39658304,0.4974194,0.40625289,0.74088338,0.73535556,15.99088087,16.00429346,1,1,100.10281785,0
1429,0.35436352,0.4378089,0.28549423,0.74650295,0.68628741,15.68479757,15.83243315,1,1,1204.04523089,0
1430,0.33230517,0.37803723,0.19634667,0.85903692,0.62357111,15.74506304,15.85008526,1,1,100.00058874,0
1431,0.30560792,0.34748961,0.12942278,0.97116477,0.55733314,15.11347883,15.12681552,1,1,142.86260483,0
1432,0.30582998,0.34793178,0.12927002,1,0.4908384,15.75116993,15.77411734,1,1,101.68730651,0
1433,0.41004415,0.44533998,0.25393841,1,0.42105684,15.82126796,15.84456461,1,1,100.02578894,0
1434,0.48434577,0.48417093,0.36852498,0.87336855,0.43944066,15.72216106,15.76926948,1,1,100.00028652,0
1435,0.57853957,0.54867363,0.5525026,0.74616446,0.37201599,15.65811984,15.72041993,1,1,102.60765371,0
1436,0.69117906,0.57706643,0.70375923,0.78114615,0.36301801,15.01466414,15.15240078,1,1,151.78872472,1
1437,0.743541,0.62117203,0.83913804,0.74480079,0.38253092,15.2806133,15.39693398,1,1,1583.63527737,1
1438,0.79155364,0.6522324,0.92358308,0.70482148,0.40486842,15.92870374,15.94857619,1,1,1529.53546032,1
1439,0.79139724,0.65394027,0.92365526,0.67365422,0.42140356,15.4838238,15.58731657,1,1,968.79814008,1
1440,0.77622626,0.60584328,0.93241805,0.63018148,0.41743141,15.61927404,15.74004223,1,1,144.98214829,1
1441,0.76406749,0.62479607,0.96928855,0.6338753,0.40791416,15.99466164,16.08834455,1,1,498.76122614,1
1442,0.77888895,0.62146428,0.955303,0.66875383,0.42518046,15.82344015,15.88894489,1,1,1583.19481637,1
1443,0.74890067,0.62685609,0.94897409,0.62541058,0.44646005,15.76743898,15.82305434,1,1,113.22963499,1
1444,0.72214183,0.61464202,0.92628023,0.58308075,0.42753623,15.4253182,15.53620533,1,1,190.08713616,1
1445,0.73539427,0.60045037,0.91403717,0.54246776,0.43839808,15.40645507,15.54811216,1,1,144.69413175,1
1446,0.70509717,0.60661865,0.91483419,0.5016289,0.42035911,15.40034617,15.44313428,1,1,291.99593121,1
1447,0.71437535,0.60919607,0.91206201,0.49975173,0.40606719,15.96445053,15.97746784,1,1,100.10513797,1
1448,0.68743036,0.62081825,0.92962724,0.45975731,0.42678788,15.6699807,15.70470706,1,1,540.41019911,1
1449,0.6619647,0.61711532,0.90782074,0.42082103,0.44824091,15.67292317,15.69775473,1,1,1555.2193364,1
1450,0.65230046,0.5943618,0.90468373,0.46196016,0.46216581,15.747842,15.80124318,1,1,114.84009315,1
1451,0.65193231,0.59446662,0.9045947,0.50132928,0.44292254,15.90167821,16.04463654,1,1,157.26979517,1
1452,0.63680538,0.5227017,0.93339307,0.47902456,0.42407434,15.87659456,15.98820944,1,1,748.13711763,1
1453,0.62066996,0.52730769,0.89585149,0.51269116,0.40943697,16.08701251,16.11127085,1,1,173.451773,1
1454,0.62270351,0.5366158,0.88951306,0.55086271,0.40576405,15.63930796,15.76002117,1,1,461.60504103,1
1455,0.61480639,0.5418963,0.91495496,0.50996381,0.42733538,15.75695042,15.87704583,1,1,1578.32880217,1
1456,0.5868123,0.54424446,0.88492647,0.54944735,0.44877725,15.77310318,15.85467543,1,1,119.77122395,1
1457,0.57450121,0.52299678,0.87804136,0.50846627,0.4698017,15.52764013,15.62432576,1,1,1584.73459696,1
1458,0.58708778,0.54998011,0.89942989,0.46854386,0.45078581,15.62364378,15.7614569,1,1,1584.73592789,1
1459,0.58258709,0.55553002,0.86944962,0.42917691,0.43177887,15.75450732,15.87154191,1,1,1584.89312962,1
1460,0.58273695,0.555,0.86937027,0.3941815,0.42415005,15.82685097,15.88939722,1,1,1059.93041961,1
1461,0.57106665,0.5195277,0.90048982,0.4360198,0.40576122,15.67628721,15.67898462,1,1,1117.72409043,1
1462,0.5514377,0.52840621,0.88989189,0.40602836,0.41714939,15.84387833,15.88353561,1,1,100.01005813,1
1463,0.57087475,0.52886817,0.88483591,0.38122112,0.43719932,15.36343643,15.38667678,1,1,1581.54174633,1
1464,0.54361528,0.50612876,0.86852863,0.41187566,0.4193296,15.39132168,15.42714484,1,1,100.00766572,1
1465,0.54682557,0.52276737,0.85178846,0.43786288,0.42761587,15.94502009,16.009562,1,1,1307.79477844,1
1466,0.52567557,0.52586255,0.81736,0.4791039,0.40906382,15.773127,15.87568812,1,1,100.2846442,1
1467,0.53498104,0.50827753,0.80988174,0.51895582,0.43070593,15.44243888,15.4483488,1,1,492.09719519,1
1468,0.53506842,0.50812847,0.8097814,0.52650536,0.41209298,16.13238458,16.18846652,1,1,100.00073067,1
1469,0.55384574,0.43853929,0.79761123,0.49032606,0.43385086,15.70568521,15.74535669,1,1,119.62710616,1
1470,0.53416277,0.46442117,0.80967592,0.53051933,0.41558181,15.49359844,15.51054367,1,1,690.80070631,1
1471,0.51617438,0.46041186,0.75329709,0.49193397,0.40447775,15.60423074,15.73846149,1,1,1016.53689922,1
1472,0.50962465,0.47552086,0.7459853,0.53024544,0.42636645,15.61598203,15.74191396,1,1,228.40217774,1
1473,0.49944204,0.48860413,0.7541347,0.4901868,0.40819349,16.06795924,16.07535661,1,1,101.37296147,1
1474,0.49937017,0.48850108,0.75427672,0.53026187,0.42995576,16.09128371,16.15310784,1,1,1459.60045892,1
1475,0.45799529,0.51897065,0.7098189,0.56816147,0.45134157,16.05454185,16.13569996,1,1,176.22090529,1
1476,0.48416585,0.51805235,0.64987599,0.53156602,0.43700864,15.49814812,15.60918242,1,1,1584.87492294,1
1477,0.49975533,0.5001421,0.60247369,0.65047446,0.48275195,16.05508919,16.18001552,1,1,117.93031849,0
1478,0.47968109,0.48743212,0.58614163,0.62458693,0.53731875,15.66651791,15.82116533,1,1,148.41438468,0
1479,0.47983371,0.48744804,0.58593368,0.72469922,0.47482812,15.58784823,15.735459,1,1,255.47214353,0
1480,0.60306669,0.60260356,0.30445267,0.84020329,0.41204185,15.66573915,15.75752815,1,1,109.19966379,0
1481,0.67417182,0.60490296,0.9921992,0.71390709,0.38104136,15.73387266,15.80800468,1,1,930.96954411,0
1482,0.78281765,0.5949108,0.68539065,0.60967392,0.4270213,15.05576271,15.11915796,1,1,503.31029327,0
1483,0.82167944,0.60984234,0.46989409,0.48766497,0.36496214,15.60873343,15.66176818,1,1,135.465506,0
1484,0.82158086,0.60893756,0.47003259,0.56798097,0.3405298,15.50171269,15.58407302,1,1,266.83272837,0
1485,0.7688022,0.57469969,0.4848971,0.4960189,0.34404849,15.82778653,15.83190943,1,1,1458.99598318,0
1486,0.67973818,0.55735308,0.49550607,0.3761671,0.28692074,15.92746853,16.02109613,1,1,1561.66873946,0
1487,0.53987708,0.53753201,0.51012956,0.25886688,0.23353158,15.96858305,15.9717159,1,1,101.44485795,0
1488,0.43436827,0.49993893,0.50940043,0.14381181,0.28001483,15.26255731,15.27768934,1,1,177.20111071,0
1489,0.34970584,0.50108562,0.54476456,0.15525515,0.27973019,15.66603474,15.79949345,1,1,157.28168096,0
1490,0.29343551,0.47115438,0.5402527,0.04215144,0.32332087,15.43413491,15.54931215,1,1,131.58476628,0
1491,0.29348492,0.47218264,0.5403434,0,0.32517009,15.90719379,16.05258823,1,1,101.47154612,0
1492,0.39801025,0.56461178,0.54055704,0,0.30938248,15.97781342,16.08204205,1,1,100.04070298,0
1493,0.4856379,0.55647576,0.52184249,0.12941482,0.26071977,15.48365768,15.6236783,1,1,101.13639604,0
1494,0.58933055,0.5936517,0.49721693,0.01686232,0.32187637,15.73530434,15.75447829,1,1,144.43172649,0
1495,0.69871374,0.5861595,0.49320064,0.14348659,0.28807593,16.18254238,16.33032662,1,1,100.20762935,0
1496,0.73262049,0.6044637,0.47171133,0.03191768,0.23520624,15.66619786,15.73490481,1,1,100.50121169,0
1497,0.73241097,0.60489662,0.47138837,0,0.21495258,15.37645814,15.38216065,1,1,919.15929792,0
1498,0.63882717,0.54647156,0.50774834,0.12999806,0.16495259,16.16687585,16.20127469,1,1,100.00743156,0
1499,0.56363882,0.49659956,0.49938031,0.01739934,0.23233296,15.67382488,15.70332053,1,1,1582.96845941,0
1500,0.46186446,0.46514503,0.52116725,0,0.2497718,15.41912627,15.4444648,1,1,161.24865041,0
1501,0.35628808,0.43092009,0.53155659,0.04538272,0.19981744,15.82097923,15.83246041,1,1,105.24987786,0
1502,0.2776623,0.39526171,0.5357658,0,0.25966845,16.02496623,16.08895324,1,1,1578.97316823,0
1503,0.22318746,0.3882135,0.54508757,0,0.21169022,15.84550824,15.90444061,1,1,100.42682612,0
1504,0.2230893,0.3887142,0.54503779,0,0.28166544,16.22371884,16.28890573,1,1,101.56909593,0
1505,0.33734482,0.50150678,0.53055557,0.08367889,0.23167703,15.68580558,15.71810209,1,1,1195.00001518,0
1506,0.41813326,0.50775003,0.53469888,0.14712161,0.29994906,16.06219352,16.13572559,1,1,100.59329801,0
1507,0.53419492,0.51758885,0.51297827,0.03901661,0.36700575,15.62512484,15.73147572,1,1,1059.74737264,0
1508,0.67394223,0.51468581,0.46051166,0.16072876,0.43619582,15.05242623,15.08861383,1,1,100.00084551,0
1509,0.75039667,0.53600054,0.44633589,0.28683807,0.38305999,15.03652499,15.05110192,1,1,100.01375645,0
1510,0.79406169,0.53364433,0.45123485,0.36753712,0.41206486,15.54199572,15.61988274,1,1,1371.50983382,0
1511,0.79389935,0.53297194,0.45128125,0.26353109,0.47470151,15.39299248,15.51979339,1,1,1556.82386131,0
1512,0.7321009,0.47379903,0.48170277,0.23643823,0.42293558,15.65958445,15.76604011,1,1,529.21463289,0
1513,0.60935695,0.46010852,0.48711094,0.20339448,0.44447429,15.56821286,15.70068709,1,1,126.37698898,1
1514,0.50923498,0.46061631,0.50748878,0.24241661,0.46558431,15.69788622,15.75658871,1,1,100.9016636,1
1515,0.37900635,0.45095789,0.54379518,0.20923161,0.48165445,15.66467333,15.76634638,1,1,929.24013188,1
1516,0.28628293,0.43281453,0.54499325,0.25492565,0.46527094,15.8933032,16.04633142,1,1,845.60475352,1
1517,0.2274273,0.42901333,0.57285072,0.27644363,0.44596584,15.45325401,15.52235589,1,1,1547.65251778,1
1518,0.22738171,0.428797,0.57295487,0.24363746,0.45511762,15.96798898,16.12002717,1,1,102.56052067,1
1519,0.2444845,0.4884911,0.58049708,0.21639036,0.4663328,15.78674274,15.94290794,1,1,953.13264889,1
1520,0.25822171,0.50106207,0.57989539,0.26199201,0.45346919,15.80325335,15.89807647,1,1,1582.7653564,1
1521,0.26361028,0.50411618,0.5798578,0.30673871,0.47423321,15.72837706,15.81271502,1,1,1561.22238614,1
1522,0.28594502,0.49464954,0.5949415,0.27248065,0.48862972,16.21065161,16.36317542,1,1,325.73680228,1
1523,0.29805075,0.50135001,0.5813591,0.2460706,0.50884548,15.98340371,16.08088813,1,1,108.78116024,1
1524,0.31980699,0.49895868,0.59207839,0.21621655,0.52866853,15.87686955,15.97094479,1,1,119.28645595,1
1525,0.33050577,0.48570375,0.58570351,0.25190614,0.54639628,16.08067979,16.14001577,1,1,1582.47876411,1
1526,0.3629662,0.50149144,0.58836094,0.21701649,0.5654059,15.71155128,15.8150342,1,1,1371.80087533,1
1527,0.37317197,0.48050378,0.59302208,0.23714772,0.54410317,15.55648255,15.71010118,1,1,1584.89152206,1
1528,0.38309206,0.4874664,0.59676276,0.20402707,0.56053079,15.54339475,15.69684708,1,1,408.66878865,1
1529,0.38936285,0.48371036,0.58616825,0.24989159,0.57902057,15.31839285,15.44782033,1,1,798.55236665,1
1530,0.3896151,0.48132855,0.58615579,0.21699849,0.56151511,15.64682503,15.69116595,1,1,248.84099242,1
1531,0.41114266,0.56503809,0.60585916,0.23703195,0.56559806,15.89127656,15.96890982,1,1,1518.5430449,1
1532,0.40536498,0.53148192,0.58729089,0.23450144,0.57180916,15.69011179,15.84093116,1,1,1464.60483663,1
1533,0.43305482,0.53647489,0.60627602,0.24610814,0.59030779,16.14620272,16.27033433,1,1,123.14344272,1
1534,0.44409934,0.52758036,0.5960331,0.21174822,0.60850035,15.86105282,15.96163803,1,1,100.0000691,1
1535,0.46913635,0.54142945,0.58744372,0.17751641,0.60563737,15.44674904,15.54548655,1,1,1045.7277978,1
1536,0.47290915,0.52711563,0.58425013,0.22395709,0.60314445,15.53227083,15.59376473,1,1,100.01738567,1
1537,0.48120161,0.52082056,0.58923375,0.19310526,0.58908692,15.34104928,15.44641201,1,1,1584.88423465,1
1538,0.4811244,0.52099932,0.58919503,0.23920338,0.60730498,15.39843921,15.41508776,1,1,1342.21469694,1
1539,0.52063833,0.56608632,0.60074507,0.27625009,0.62411039,15.91914072,15.94186055,1,1,1495.58872726,1
1540,0.52546915,0.57937677,0.59491084,0.32066461,0.6017744,16.00614363,16.15812279,1,1,155.922803,1
1541,0.53327888,0.58257887,0.59891302,0.36395156,0.57974832,16.12980355,16.25288223,1,1,374.78419039,1
1542,0.53630272,0.5807026,0.59462912,0.32716226,0.57158552,15.28220203,15.39042678,1,1,100.30434608,1
1543,0.55184746,0.59165865,0.58121174,0.29067418,0.58733382,15.55401262,15.55936112,1,1,101.43291561,1
1544,0.55159836,0.59169739,0.58119062,0.29486113,0.6054938,15.61518017,15.65253878,1,1,100.01619007,1
1545,0.53625749,0.59016806,0.61156139,0.26099264,0.61700514,15.47010258,15.52209151,1,1,1520.21373333,1
1546,0.51462545,0.55793097,0.60392593,0.22741094,0.59466761,15.71354357,15.85971696,1,1,264.93819568,1
1547,0.53429046,0.56290231,0.59550689,0.27285897,0.60365319,15.60056241,15.74878576,1,1,585.29587215,1
1548,0.50779364,0.55664965,0.57575101,0.31718678,0.61494423,15.93118457,16.02548456,1,1,1567.93759558,1
1549,0.52109205,0.55491022,0.58757215,0.36084257,0.63261969,15.73271359,15.825129,1,1,727.1072203,1
1550,0.52420735,0.55974664,0.57139642,0.40361338,0.60996732,15.72025157,15.75073791,1,1,1328.68549926,1
1551,0.51609518,0.53787382,0.60163815,0.39625736,0.6177854,16.03583675,16.05080535,1,1,100.00822972,1
1552,0.51629517,0.5389334,0.60152842,0.36035751,0.59558901,15.97240104,16.03938283,1,1,495.49345815,1
1553,0.592142,0.5040434,0.59719378,0.40305466,0.58236,15.5790161,15.69813074,1,1,196.6549522,1
1554,0.55399955,0.50774334,0.59911683,0.36499699,0.56072093,15.54485977,15.60515271,1,1,102.10676854,1
1555,0.56467808,0.53838723,0.58751576,0.40753292,0.55860415,15.31146334,15.34676896,1,1,100.26136312,1
1556,0.54025976,0.55134436,0.59250888,0.37754298,0.53750931,15.62807921,15.63757185,1,1,1521.13417645,1
1557,0.52310275,0.53973489,0.56421604,0.41997811,0.51773571,15.99674557,16.05910452,1,1,246.84400893,1
1558,0.52265825,0.54000169,0.56435467,0.46149975,0.52972739,15.62226542,15.62716485,1,1,740.9658631,1
1559,0.50044291,0.52160727,0.58045713,0.50226975,0.54420228,16.38731834,16.52393903,1,1,828.43707039,1
1560,0.49307762,0.516776,0.58391345,0.46223994,0.5629497,15.39832504,15.51686053,1,1,999.05242851,1
1561,0.5069533,0.52587468,0.57169094,0.42299836,0.58048215,15.73000628,15.8423548,1,1,1582.21473032,1
1562,0.49190643,0.50968233,0.56863931,0.46162551,0.5986695,15.56112343,15.68951057,1,1,100.00223992,1
1563,0.48652861,0.51090528,0.55433749,0.4224045,0.58495547,15.38121605,15.41994788,1,1,1191.05754888,1
1564,0.51066228,0.51735714,0.55662448,0.38396404,0.56456933,15.34385149,15.38045019,1,1,866.57615359,1
1565,0.51067294,0.51671364,0.55648813,0.42620186,0.54333282,15.8408678,15.87891385,1,1,262.43442345,1
1566,0.49002242,0.51044731,0.56762,0.45198831,0.52248477,15.46090333,15.52760842,1,1,116.73710178,1
1567,0.48845744,0.51375569,0.5343106,0.44181437,0.53944819,15.73270116,15.7727293,1,1,100.00531923,1
1568,0.49917922,0.50617201,0.51321777,0.40338058,0.5194052,15.81214569,15.9513119,1,1,108.35091673,1
1569,0.50059718,0.5091104,0.50869045,0.36531647,0.49911023,16.02404973,16.16661539,1,1,110.7777234,1
1570,0.50061001,0.50964443,0.50860589,0.32828564,0.48457458,15.70141708,15.79829349,1,1,100.00802097,1
1571,0.47955298,0.52774782,0.50834612,0.35953076,0.46488443,15.74608465,15.87902715,1,1,100.07179952,1
1572,0.48317632,0.50594804,0.53815478,0.32234304,0.44584668,15.48640229,15.53895923,1,1,185.1586513,1
1573,0.49407213,0.51473879,0.5279089,0.36575262,0.46315192,15.49398054,15.56363892,1,1,101.11988023,1
1574,0.47967021,0.48632462,0.51473782,0.40837794,0.48373336,15.75699713,15.7861996,1,1,135.15292637,1
1575,0.49347732,0.49475949,0.53549636,0.3706188,0.46406679,15.55730352,15.65156139,1,1,188.82287934,1
1576,0.50484542,0.47953823,0.52087014,0.34088796,0.48477586,15.28825248,15.39317933,1,1,1123.86681265,1
1577,0.50460434,0.47789577,0.52090464,0.30452074,0.50506715,15.4605056,15.59412663,1,1,103.33906162,1
1578,0.56269363,0.46179214,0.52013617,0.27048106,0.50935383,16.01696558,16.08952787,1,1,252.36859288,1
1579,0.55103982,0.46384564,0.52462213,0.24275244,0.48918143,15.91926374,16.02347798,1,1,100.1679684,1
1580,0.54814744,0.47384696,0.53861389,0.20795764,0.50746705,15.14721306,15.28646872,1,1,1561.09592222,1
1581,0.54282103,0.48016702,0.53242541,0.25362233,0.52331869,15.39884543,15.45693562,1,1,538.69610376,1
1582,0.52259036,0.49827062,0.52602822,0.21942327,0.50355152,15.7329049,15.83121443,1,1,526.75228981,1
1583,0.52259982,0.49806623,0.52607624,0.18503489,0.52316672,15.50638991,15.54157407,1,1,100.10108389,1
1584,0.5181862,0.43299478,0.53602433,0.1518927,0.50664822,15.38328411,15.46841683,1,1,132.88243014,1
1585,0.50547896,0.43582906,0.54081694,0.1941403,0.52449004,15.70287312,15.8531293,1,1,1584.57564843,1
1586,0.49102043,0.44641196,0.53826877,0.19861624,0.54397072,15.98781578,15.99187367,1,1,1584.25405055,1
1587,0.4940753,0.44216561,0.53124526,0.24397137,0.52328471,15.24680751,15.34147516,1,1,569.09087239,1
1588,0.48063026,0.46954472,0.51807209,0.21208306,0.54281263,16.04151971,16.13538271,1,1,1326.88184136,1
1589,0.48044746,0.46893949,0.51840456,0.17808947,0.5606222,15.51310999,15.62271562,1,1,1269.45721817,1
1590,0.53633302,0.53170335,0.52494912,0.14452793,0.57940976,15.50511292,15.51792893,1,1,1584.89136121,1
1591,0.5300357,0.51324209,0.51517834,0.17785596,0.57234839,15.37524954,15.40272612,1,1,1087.07295806,1
1592,0.55707254,0.51696345,0.52426074,0.22276053,0.59065508,15.88522489,15.97647896,1,1,1584.85956166,1
1593,0.54417325,0.5360122,0.51180572,0.19708054,0.56888526,15.15132231,15.19677498,1,1,542.58025099,1
1594,0.53370239,0.52420943,0.52440107,0.24240577,0.58750142,15.7245246,15.8399423,1,1,1584.86805944,1
1595,0.53355607,0.52445281,0.52422945,0.2875576,0.58711872,15.96831171,16.06294233,1,1,740.07654514,1
1596,0.50621026,0.51486787,0.54415339,0.25319652,0.56537877,16.30853912,16.40699185,1,1,1584.88427099,1
1597,0.49675706,0.49568089,0.52864931,0.29807793,0.5440712,15.75262242,15.77855583,1,1,129.43771182,1
1598,0.50370309,0.49006657,0.53910474,0.34156136,0.56266659,15.86500783,15.92940643,1,1,103.99906686,1
1599,0.4890423,0.4956373,0.53916406,0.35988338,0.56441946,15.80589407,15.95584862,1,1,100.50259178,1
1600,0.51385171,0.50027908,0.52201123,0.39832255,0.57234562,15.48306345,15.48922739,1,1,101.37884152,1
1601,0.51356359,0.50040984,0.52195725,0.36159023,0.57977585,15.53618102,15.57065125,1,1,100.37665578,1
1602,0.50739541,0.47352745,0.55094669,0.34532302,0.55959232,15.56817445,15.68018592,1,1,1561.41559698,1
1603,0.49486006,0.46161255,0.54163194,0.31773182,0.57641363,16.00049632,16.08368449,1,1,102.16938944,1
1604,0.48817329,0.45612907,0.52506571,0.35946023,0.59434812,16.31230947,16.36504797,1,1,227.97541459,1
1605,0.48333422,0.47979026,0.53883026,0.40080726,0.58928799,16.07868276,16.19958963,1,1,100.01825975,1
1606,0.49093684,0.48294702,0.53977865,0.36279118,0.56750357,15.66236941,15.79785336,1,1,100.43647148,1
1607,0.49103688,0.48369566,0.53963919,0.36691775,0.58487066,15.54830248,15.55157663,1,1,706.91644636,1
1608,0.53688016,0.5124304,0.53904183,0.40265667,0.59657069,15.81396982,15.97066161,1,1,127.90846037,1
1609,0.52827296,0.508356,0.53794809,0.36460356,0.61376451,15.919292,15.95580097,1,1,1490.23395161,1
1610,0.52632524,0.51481302,0.53677227,0.34272909,0.59171125,15.65278777,15.67824089,1,1,114.39242866,1
1611,0.52823566,0.53236095,0.54938129,0.38586301,0.59593255,15.47785785,15.5182092,1,1,1584.14092798,1
1612,0.53908561,0.54251894,0.55685887,0.42747356,0.61284295,15.46193282,15.58214148,1,1,1575.10541446,1
1613,0.53941975,0.54278649,0.55666525,0.46883319,0.59062327,16.14984752,16.22543116,1,1,779.63617986,1
1614,0.53598742,0.52165902,0.56883152,0.43024254,0.56927243,15.32912048,15.39244351,1,1,100.22049508,1
1615,0.51002216,0.50977856,0.56480468,0.47150777,0.54789281,15.81583666,15.84302947,1,1,150.6857428,1
1616,0.50342595,0.50371625,0.57673283,0.4858783,0.56693251,15.6611493,15.66641547,1,1,100.0130929,1
1617,0.51299068,0.51552946,0.57762844,0.5158598,0.58557367,15.95167672,16.05893019,1,1,969.86250154,1
1618,0.49650621,0.52637575,0.56398451,0.53326096,0.5638985,15.97180982,16.09755966,1,1,1570.53090548,1
1619,0.49665352,0.52643867,0.56393569,0.57256507,0.55122589,15.53006544,15.63305437,1,1,314.68765314,1
1620,0.45980853,0.54136,0.56275053,0.61106837,0.53082471,15.67279432,15.82202445,1,1,101.52900754,1
1621,0.47068528,0.52351047,0.56170989,0.64387441,0.51091939,15.96845775,15.99611719,1,1,104.49079157,1
1622,0.46508372,0.52371855,0.55246846,0.67912696,0.50971798,15.4955586,15.54407347,1,1,1524.07060242,1
1623,0.4754031,0.51220839,0.56243797,0.71485014,0.52951112,15.46584772,15.47693598,1,1,187.66779138,1
1624,0.47465848,0.51283261,0.55066441,0.72021825,0.51314804,15.53962672,15.64831059,1,1,1568.44686061,1
1625,0.47462251,0.51223935,0.5506175,0.74786764,0.49289314,15.10712897,15.24998019,1,1,538.31508716,1
1626,0.47852251,0.58701735,0.5537539,0.77835713,0.47384537,16.31767767,16.36949735,1,1,136.29882686,1
1627,0.49780393,0.59590216,0.54224985,0.8126434,0.49158148,15.28335691,15.35947934,1,1,745.03851467,1
1628,0.51120553,0.56510083,0.55688326,0.83971311,0.47470904,15.74876031,15.78815039,1,1,100.00790258,1
1629,0.53230921,0.54877662,0.55492653,0.87287028,0.462972,15.72701884,15.76093987,1,1,1477.68576429,1
1630,0.53584772,0.56398592,0.53099527,0.89253287,0.48196418,15.67685522,15.75580996,1,1,1584.80914961,1
1631,0.53558783,0.56397273,0.53111987,0.92449119,0.46232534,15.87544065,16.00905683,1,1,182.33391876,1
1632,0.528394,0.56644132,0.56059011,0.95535905,0.44365404,15.78379438,15.93402172,1,1,1584.738132,1
1633,0.52159754,0.55313397,0.55347512,0.98623436,0.42931439,15.79970159,15.95473438,1,1,1568.29425018,1
1634,0.50150129,0.52973384,0.55598767,0.93651956,0.45000669,15.59976982,15.63963332,1,1,131.29609751,1
1635,0.49517028,0.54979669,0.53732291,0.95928924,0.4710057,15.53215317,15.68312637,1,1,1208.56185681,1
1636,0.50807612,0.52339918,0.53336858,0.97495634,0.49152816,15.30317053,15.30560659,1,1,1542.12238227,1
1637,0.50553397,0.53585907,0.54170096,1,0.51127376,15.79169167,15.82758358,1,1,831.25050992,1
1638,0.50570463,0.5362173,0.54189393,1,0.49733604,15.64938488,15.7702542,1,1,101.97976022,1
1639,0.45251303,0.5166474,0.5681351,1,0.49870039,15.8740168,15.89923206,1,1,231.51426583,1
1640,0.45263398,0.50906217,0.54016884,0.95018344,0.4835315,15.70393975,15.82590979,1,1,100.16876335,1
1641,0.47236998,0.51824351,0.5352967,0.9810965,0.46747218,15.91345444,15.93783556,1,1,139.49444945,1
1642,0.47423332,0.5170394,0.56018545,0.93147476,0.48456807,15.77692236,15.88215972,1,1,1193.25002032,1
1643,0.47543418,0.51880255,0.55615884,0.88285324,0.50421648,15.94698836,16.08416306,1,1,1577.61975102,1
1644,0.47558521,0.51959722,0.55612001,0.83524339,0.50521183,15.71413238,15.75464415,1,1,238.44230628,1
1645,0.4851085,0.61110204,0.57558897,0.85245992,0.48585297,15.21883163,15.24745332,1,1,1554.03007401,1
1646,0.50251014,0.59318586,0.57421085,0.805412,0.50556931,16.092982,16.19166345,1,1,784.68815733,1
1647,0.49598726,0.5884706,0.56541997,0.759306,0.50013089,16.05064919,16.18316948,1,1,1582.54827185,1
1648,0.53455941,0.57598463,0.55089256,0.71460692,0.51527613,15.73937468,15.88830265,1,1,128.70298334,1
1649,0.54187778,0.57259322,0.55847081,0.70073935,0.49497607,16.10219954,16.24042462,1,1,100.05984957,1
1650,0.54179264,0.57262445,0.55825931,0.72946339,0.47565848,15.71368809,15.85888599,1,1,100.03781572,1
1651,0.54088949,0.52356765,0.58346097,0.69022589,0.45688632,15.34278815,15.46906733,1,1,117.97261598,1
1652,0.53919852,0.52763828,0.58044305,0.65178679,0.47764641,16.11458849,16.21107082,1,1,1582.97216106,1
1653,0.50905575,0.53045096,0.57103343,0.6745029,0.49805779,15.79858895,15.88035196,1,1,100.00032382,1
1654,0.51739217,0.51473778,0.54490815,0.64499935,0.49249991,16.02678752,16.03668661,1,1,100.01632218,1
1655,0.49814597,0.53354883,0.54364705,0.63716351,0.47380475,15.58379109,15.65207767,1,1,1584.89293981,1
1656,0.49792531,0.53259933,0.54354306,0.59639973,0.45438008,15.73739551,15.86061587,1,1,220.46281086,1
1657,0.45285568,0.54081463,0.55467803,0.6126685,0.43673942,15.66828243,15.72178402,1,1,1195.04833193,1
1658,0.46053851,0.56163188,0.54408354,0.64971408,0.41800653,15.56097609,15.66226625,1,1,100.14879029,1
1659,0.47305974,0.54960566,0.5461211,0.60681165,0.4258148,15.77891176,15.90165359,1,1,817.40053208,1
1660,0.49185304,0.518592,0.54568819,0.64466815,0.43371928,15.70332629,15.77121726,1,1,100.00010369,1
1661,0.48297367,0.53322993,0.54956029,0.68177128,0.41944394,15.41564413,15.42131243,1,1,1584.87922894,1
1662,0.48269795,0.53250911,0.54964328,0.69753543,0.43709332,15.83410084,15.94310923,1,1,1310.22980013,1
1663,0.46970299,0.55593126,0.56572297,0.72005878,0.45307218,15.93567103,16.0443123,1,1,100.00000002,1
1664,0.48414083,0.56552081,0.56267204,0.67804989,0.43722845,15.45765589,15.59661236,1,1,1335.94385296,1
1665,0.4928295,0.54179947,0.55886833,0.63480161,0.41851466,15.86938709,16.0235489,1,1,110.90638334,1
1666,0.50003662,0.55503156,0.54657367,0.59476844,0.40014744,15.34768013,15.42297676,1,1,106.10227438,1
1667,0.48637816,0.5217558,0.54455453,0.63166142,0.42212635,16.09482553,16.23616264,1,1,1584.54596898,1
1668,0.48647034,0.52226894,0.54444033,0.66900012,0.40378439,15.35906918,15.40375583,1,1,1148.27734138,1
1669,0.5011562,0.59314587,0.54221204,0.67404514,0.42465379,15.98808602,16.07980134,1,1,100.81988658,1
1670,0.53329639,0.58886748,0.56214182,0.71050715,0.412877,16.39484902,16.47244381,1,1,1584.87164407,1
1671,0.52760266,0.59131255,0.55132079,0.74629696,0.42664537,15.76622298,15.83107504,1,1,1121.85932624,1
1672,0.55329215,0.56110713,0.54677284,0.76425515,0.40816373,15.85198357,15.86503777,1,1,1443.55621089,1
1673,0.53176293,0.55583993,0.52510069,0.71897009,0.42998663,15.82667423,15.8441731,1,1,100.48797375,1
1674,0.53150447,0.55564103,0.52517193,0.75399284,0.45100091,14.96190331,15.02185031,1,1,1584.86812901,1
1675,0.50703431,0.54164751,0.52746888,0.78747774,0.47192504,15.72917417,15.87096452,1,1,101.21989679,1
1676,0.50294241,0.5249173,0.52899654,0.744602,0.49245676,15.49923819,15.55540995,1,1,100.05169044,1
1677,0.51700749,0.52480509,0.54733093,0.70039425,0.51260762,15.88732616,15.91470043,1,1,100.00105955,1
1678,0.49980793,0.5288483,0.53906859,0.70706404,0.49469908,15.43035955,15.56898938,1,1,161.38409286,1
1679,0.48964172,0.53322561,0.5302739,0.72169083,0.51091325,16.04932053,16.13149498,1,1,104.30199957,1
1680,0.51139125,0.51759302,0.53196936,0.67757667,0.52595409,15.75791303,15.81580985,1,1,1584.75292617,1
1681,0.51139922,0.51879049,0.53183985,0.71326544,0.50739355,15.54698366,15.63369209,1,1,727.60694863,1
1682,0.49999067,0.5232223,0.56205607,0.66981752,0.48725471,15.86255968,15.88411955,1,1,239.38131393,1
1683,0.48008401,0.52266215,0.54956662,0.70303998,0.50705012,15.22236606,15.28409209,1,1,1423.92676925,1
1684,0.50447769,0.49777531,0.52902735,0.65958191,0.51280148,15.54032995,15.56478009,1,1,1584.81947838,1
1685,0.48392352,0.49242982,0.5280648,0.69638967,0.49376684,15.53757761,15.58945095,1,1,100.02322774,1
1686,0.49532344,0.50189329,0.54009728,0.70500198,0.51384111,15.83211065,15.94598566,1,1,100.00830695,1
1687,0.49522264,0.50218811,0.53994863,0.66135843,0.49362917,15.85939539,15.86495279,1,1,1543.03557351,1
1688,0.47750097,0.52841307,0.55177023,0.64143201,0.50296676,15.93720919,16.05694683,1,1,105.29181853,1
1689,0.48288246,0.52652918,0.56213959,0.65474356,0.48773053,15.76392957,15.86281016,1,1,147.45690242,1
1690,0.49155169,0.53415097,0.54756096,0.68282092,0.46809075,15.8496688,15.8996411,1,1,100.59178179,1
1691,0.48851805,0.52698866,0.5497792,0.69950466,0.45008389,15.68357619,15.70341934,1,1,115.88757161,1
1692,0.51449146,0.51192008,0.54182474,0.70065066,0.43292897,15.93256434,16.04140184,1,1,591.5239964,1
1693,0.51419823,0.51131079,0.54176057,0.71796045,0.4297103,15.10235963,15.10934312,1,1,100.98590125,1
1694,0.48579671,0.46626414,0.56001419,0.75273061,0.45111609,15.48190221,15.57332072,1,1,168.89857365,1
1695,0.49090212,0.4851582,0.54905069,0.70895036,0.43316486,15.44232136,15.5882869,1,1,121.73763613,1
1696,0.47250775,0.47240786,0.53394373,0.66487537,0.43641674,15.35203343,15.38650626,1,1,100.2118963,1
1697,0.46911986,0.48749631,0.52566577,0.6215828,0.4380636,15.41569841,15.51978646,1,1,1583.44711086,1
1698,0.46399743,0.48102899,0.52628562,0.57969316,0.419509,15.72639292,15.73020552,1,1,130.48992776,1
1699,0.46438836,0.4805234,0.52621137,0.5752824,0.44111862,15.46971285,15.58467199,1,1,1426.68112232,1
1700,0.47968934,0.54434911,0.55434198,0.53666524,0.43821039,15.7455106,15.75776821,1,1,100.56844096,1
1701,0.50055468,0.54518252,0.54337172,0.56294895,0.45944089,15.51148067,15.55359141,1,1,1470.54671862,1
1702,0.49605334,0.52773953,0.52872535,0.55724402,0.48005203,15.60181411,15.60194145,1,1,422.10029675,1
1703,0.52134997,0.5266992,0.52612594,0.53036095,0.49779918,15.82534818,15.82777136,1,1,938.17929005,1
1704,0.52301833,0.51497497,0.54651677,0.56384151,0.49203549,15.50699324,15.61631555,1,1,100.00017106,1
1705,0.52280947,0.51540168,0.54646325,0.58523262,0.47341026,15.66388061,15.69507375,1,1,401.93825066,1
1706,0.53861995,0.47539177,0.55263719,0.54353201,0.46409427,15.3562377,15.4043891,1,1,108.83664794,1
1707,0.54662306,0.4845583,0.56191222,0.50620233,0.48479157,15.68976847,15.76025748,1,1,113.34282525,1
1708,0.54120366,0.49450895,0.54350937,0.46781661,0.4651861,15.29473206,15.2991921,1,1,101.33511382,1
1709,0.52581809,0.48070301,0.5362452,0.50825727,0.48583703,15.75643553,15.80285722,1,1,106.6817209,1
1710,0.51359496,0.50095121,0.55736734,0.50538789,0.50612005,15.82516074,15.87590816,1,1,1584.89002571,1
1711,0.51343489,0.50102741,0.55749045,0.46529863,0.48600194,16.18030506,16.26940492,1,1,1022.03570342,1
1712,0.48614951,0.49276375,0.56196101,0.50514547,0.48139978,15.66249594,15.72439014,1,1,135.40252488,1
1713,0.47065847,0.47132483,0.55805123,0.54504256,0.46323339,15.6814991,15.73346546,1,1,1336.75940922,1
1714,0.46716909,0.48181578,0.55152228,0.57718425,0.45030093,15.66678758,15.71299103,1,1,114.19166508,1
1715,0.4670124,0.4783658,0.54706324,0.61562047,0.43215083,15.78253961,15.8242134,1,1,109.23063763,1
1716,0.48734593,0.46366296,0.53637893,0.57402119,0.41381856,15.35101825,15.41280819,1,1,100.00625782,1
1717,0.48745004,0.46277651,0.53621653,0.60109517,0.39554334,15.8779907,15.91159994,1,1,622.95763418,1
1718,0.55186049,0.52611491,0.53717919,0.63711379,0.3776325,15.79894028,15.91497646,1,1,132.33612859,1
1719,0.55398036,0.52690363,0.54804889,0.67414845,0.40000721,15.59179098,15.62163409,1,1,162.93301137,1
1720,0.53170436,0.54069268,0.53807369,0.70946787,0.38255457,15.55425629,15.60369556,1,1,102.3569548,1
1721,0.55390162,0.53524744,0.51872542,0.66708189,0.39756927,15.68957092,15.76300955,1,1,1259.20925425,1
1722,0.55366548,0.53509285,0.51895634,0.7031538,0.39404147,15.6031976,15.71375046,1,1,238.35562304,1
1723,0.54515152,0.4922604,0.53120678,0.73889283,0.3958719,15.42821662,15.54018596,1,1,1584.08091257,1
1724,0.53833862,0.49932816,0.52857994,0.73778804,0.41794527,15.28280203,15.33363947,1,1,100.15817607,1
1725,0.54470156,0.49509283,0.52013436,0.77303156,0.43903471,15.45744508,15.54966475,1,1,1582.82813352,1
1726,0.52263821,0.49894584,0.53322157,0.80510476,0.46025384,15.76413473,15.77148154,1,1,118.92594864,1
1727,0.52489276,0.48859102,0.52786906,0.83900185,0.45592779,15.5734397,15.6932446,1,1,102.47071905,1
1728,0.49461337,0.50161666,0.52243847,0.87126028,0.46931789,15.87115686,15.89855326,1,1,100.18231119,1
1729,0.49447368,0.50205369,0.52258248,0.89701145,0.48070452,15.94046497,15.95693482,1,1,1566.08634,1
1730,0.46500577,0.53944642,0.52718613,0.85042189,0.46281706,15.14914509,15.2965124,1,1,100.0856377,1
1731,0.46249885,0.51340943,0.52241919,0.80368721,0.45933172,15.68065332,15.73935771,1,1,227.77393072,1
1732,0.4876448,0.52629494,0.52687539,0.82840206,0.47987634,15.5775497,15.5801436,1,1,226.41907499,1
1733,0.49368939,0.49749443,0.53680525,0.80252839,0.49658972,14.88487387,14.92980195,1,1,1214.25367006,1
1734,0.48107213,0.50730191,0.51402719,0.7567567,0.47758861,15.57480988,15.70819382,1,1,1584.81914155,1
1735,0.48098572,0.50889407,0.51404557,0.79162061,0.49794641,15.51049004,15.57969647,1,1,1583.02871776,1
1736,0.52666661,0.58856235,0.53148041,0.82578819,0.47798801,16.09571967,16.13740271,1,1,100.01428618,1
1737,0.52029604,0.57525726,0.51908149,0.79092087,0.46158179,15.2849554,15.38212866,1,1,1575.60894448,1
1738,0.52606961,0.58219784,0.53598517,0.74931846,0.48234829,15.63423437,15.6874981,1,1,101.2872666,1
1739,0.53580518,0.59120189,0.52296419,0.78431364,0.46304699,15.92906197,15.96989173,1,1,796.78568417,1
1740,0.53906184,0.58718507,0.53320115,0.75399913,0.4507273,15.78963081,15.9379018,1,1,1584.70810199,1
1741,0.53901202,0.58802645,0.53323889,0.76669719,0.45523359,15.42299955,15.46239642,1,1,100.00035646,1
1742,0.51491807,0.56150587,0.54494647,0.7216139,0.44848764,14.94515176,14.96853042,1,1,108.6080984,1
1743,0.50561253,0.56068346,0.55069732,0.69230174,0.4691877,15.82394917,15.88104405,1,1,921.3366697,1
1744,0.50621853,0.57203369,0.53115424,0.65182013,0.48978179,15.19034401,15.3184507,1,1,102.55484456,1
1745,0.51146475,0.56098695,0.55463827,0.68598972,0.48660431,15.65788479,15.77314628,1,1,172.49451202,1
1746,0.51403129,0.55083408,0.55627367,0.64256334,0.4721554,15.24270455,15.33819086,1,1,116.65035133,1
1747,0.51787281,0.56121163,0.53732477,0.67968397,0.45322624,15.92363661,16.02225623,1,1,1546.08963728,1
1748,0.51813925,0.56015496,0.53729366,0.66235422,0.4689383,16.30871491,16.44321758,1,1,100.02609241,1
1749,0.54568879,0.52712488,0.54010095,0.69910695,0.47311983,15.38752222,15.39404183,1,1,100.08452002,1
1750,0.53897709,0.52755872,0.5382141,0.73447558,0.49335251,15.57517576,15.70793294,1,1,1158.17240853,1
1751,0.53625177,0.55020842,0.54321965,0.70386527,0.47365308,15.34115661,15.48665673,1,1,100.29359012,1
1752,0.51266995,0.54237504,0.54277572,0.65984148,0.45419788,15.65165662,15.72464281,1,1,100.01020954,1
1753,0.52296503,0.54883868,0.54237597,0.69653632,0.47430801,15.54084779,15.63552956,1,1,100.02509682,1
1754,0.52292253,0.54964998,0.54252345,0.65795072,0.49450705,15.88388639,15.96619166,1,1,1389.61495598,1
1755,0.48804728,0.54304628,0.56699617,0.62609277,0.51236776,15.46914109,15.60159541,1,1,101.14330475,1
1756,0.49301133,0.54824189,0.55825231,0.66040046,0.53182254,15.83239161,15.96639334,1,1,100.03738625,1
1757,0.5037561,0.52982791,0.55503358,0.61721757,0.53225649,15.88875158,15.89099338,1,1,1573.91958095,1
1758,0.51153704,0.52256804,0.55768362,0.64745026,0.55092668,16.00924969,16.15531632,1,1,1566.34188118,1
1759,0.50526952,0.51519304,0.54921689,0.60451034,0.56929607,15.34581589,15.44712714,1,1,100.22327985,1
1760,0.49074617,0.52145696,0.55216229,0.64212,0.58397693,15.73908865,15.7941489,1,1,596.77366408,1
1761,0.49083395,0.52090875,0.5522272,0.67843761,0.56229745,15.74621503,15.792112,1,1,385.35808865,1
1762,0.47098372,0.53402281,0.57817891,0.63487148,0.58104216,15.39023396,15.4730707,1,1,464.02593295,1
1763,0.47664864,0.54841017,0.55529777,0.59337713,0.58981738,15.76230261,15.81342438,1,1,1553.28796116,1
1764,0.46527318,0.52772848,0.57300982,0.56368702,0.60774615,15.68077593,15.699072,1,1,476.92034162,1
1765,0.47829838,0.52593106,0.5701323,0.60240977,0.62524257,15.23946869,15.25143318,1,1,100.43405192,1
1766,0.48905363,0.49847499,0.55896209,0.56097595,0.60438735,15.82751209,15.87093145,1,1,100.03592937,1
1767,0.49778233,0.50533175,0.54515818,0.54201254,0.58234091,15.84345985,15.91855218,1,1,100.04527998,1
1768,0.49819261,0.50694681,0.54534637,0.55281993,0.56081304,16.22156364,16.29879106,1,1,1372.30994891,1
1769,0.47147197,0.52313624,0.55094328,0.5455448,0.57929924,15.60419103,15.72327164,1,1,100.00016071,1
1770,0.49158516,0.51190041,0.53603655,0.58308306,0.5577525,15.35587459,15.38074906,1,1,100.00531427,1
1771,0.48878108,0.49130185,0.5276849,0.70140043,0.60902292,15.7036866,15.84083625,1,1,1518.2696785,0
1772,0.49438834,0.50957086,0.52652045,0.73878541,0.65607659,16.01277655,16.14605035,1,1,100.0516333,0
1773,0.48275149,0.4843461,0.5322991,0.61526547,0.59130219,15.51985607,15.57617208,1,1,102.1650203,0
1774,0.48265925,0.48467212,0.53210876,0.4946951,0.61746943,15.60688642,15.64175796,1,1,1584.02959646,0
1775,0.54601243,0.56271856,0.48053378,0.60023244,0.55771566,15.57624178,15.7203978,1,1,100.18334013,0
1776,0.56378922,0.63048808,0.40690705,0.56377166,0.54006389,15.7357616,15.80005272,1,1,175.23683316,1
1777,0.59982013,0.68590572,0.32247017,0.5226478,0.54349622,15.38011745,15.41514852,1,1,1537.25552552,1
1778,0.60317109,0.72268001,0.27865943,0.48221686,0.56261051,15.84340515,15.96005968,1,1,105.59070393,1
1779,0.60340977,0.72207049,0.2784913,0.44270093,0.58083204,15.40059529,15.49841648,1,1,1584.83265554,1
1780,0.58258728,0.72676479,0.28674993,0.40429076,0.59533762,15.76585777,15.77068625,1,1,282.61204226,1
1781,0.59887152,0.72643739,0.29410239,0.44323843,0.57479202,15.79522257,15.91450676,1,1,104.58156457,1
1782,0.57840668,0.71374459,0.29795002,0.45471268,0.5532982,16.13883799,16.26120147,1,1,100.00600158,1
1783,0.56024511,0.70576226,0.30149125,0.41590055,0.53257462,15.49560125,15.58749957,1,1,464.30085871,1
1784,0.54795822,0.66555391,0.30512392,0.45756328,0.54173328,15.77210633,15.77398625,1,1,1261.32416052,1
1785,0.5523841,0.65991837,0.3140231,0.42485712,0.52091147,15.5078829,15.56221665,1,1,100.04682088,1
1786,0.55657073,0.65959751,0.30699237,0.39166205,0.54044885,15.6312161,15.763196,1,1,100.1108195,1
1787,0.53526148,0.65869481,0.32056937,0.35394742,0.55936704,15.87108178,15.91409124,1,1,1194.4764332,1
1788,0.55442651,0.6464368,0.3241565,0.39461478,0.53818702,15.69772759,15.78082408,1,1,101.80092978,1
1789,0.55434519,0.64421006,0.32421307,0.43359445,0.51743047,15.81931597,15.96797905,1,1,1581.55636115,1
1790,0.52526224,0.63437178,0.34632362,0.42800146,0.51507727,15.55422051,15.67290166,1,1,116.47401016,1
1791,0.51896319,0.60860031,0.35008517,0.39173069,0.53477569,15.52941866,15.66934076,1,1,100.04376065,1
1792,0.52774273,0.63019032,0.35297903,0.36120937,0.53395845,15.73478771,15.77227088,1,1,1277.18696409,1
1793,0.51930416,0.6166866,0.35611218,0.40389737,0.51331668,15.55338994,15.6791001,1,1,1578.50831452,1
1794,0.50971736,0.60534135,0.35910456,0.36684075,0.52472542,15.14776509,15.26800396,1,1,100.82772968,1
1795,0.50203533,0.58895229,0.36380731,0.40950323,0.54421581,15.41357374,15.46997131,1,1,100.29960718,1
1796,0.49948592,0.60428912,0.35875021,0.37285312,0.55039543,15.50997293,15.51200692,1,1,1584.7313909,1
1797,0.49906671,0.60602124,0.35876033,0.33585142,0.56937488,15.67733455,15.69342426,1,1,120.26801148,1
1798,0.4551183,0.62409518,0.37281199,0.29913442,0.58410925,15.76816423,15.87186861,1,1,932.73129205,1
1799,0.45440718,0.60676892,0.37093991,0.26315174,0.58489399,15.87223022,16.01723745,1,1,1462.55621198,1
1800,0.46558184,0.60625742,0.39038733,0.22848921,0.58698416,15.5663283,15.72085415,1,1,100.05092266,1
1801,0.46887318,0.58867496,0.38029994,0.19490281,0.56525677,16.1980958,16.30047214,1,1,1584.79731951,1
1802,0.47431992,0.58331494,0.38240629,0.24099878,0.54709256,15.71152307,15.72627921,1,1,1014.53032902,1
1803,0.49227858,0.59201781,0.38407257,0.28617823,0.56574006,15.59174409,15.69722328,1,1,1359.74844261,1
1804,0.49753499,0.5914848,0.395043,0.25046099,0.58441608,15.56498258,15.67964883,1,1,1580.89008647,1
1805,0.49709103,0.59125923,0.39506283,0.21545178,0.56673877,15.95999377,16.07129996,1,1,153.89528031,1
1806,0.47487401,0.61973075,0.40087509,0.22449025,0.58332757,15.38845751,15.49441764,1,1,1469.47762726,1
1807,0.49126708,0.58555712,0.40672481,0.19017051,0.56199167,15.5138315,15.61351796,1,1,109.93419983,1
1808,0.49081031,0.60806674,0.42845718,0.15643856,0.55398313,15.99536245,16.01718674,1,1,254.18078455,1
1809,0.50323504,0.57445492,0.42780638,0.14558293,0.57268474,15.70592025,15.86206265,1,1,1584.89313575,1
1810,0.50473932,0.58040997,0.43920693,0.1924294,0.59050241,15.57713219,15.69163464,1,1,100.00015854,1
1811,0.50461446,0.5795675,0.43896247,0.1640475,0.60555992,15.35320333,15.37593971,1,1,140.05057067,1
1812,0.487601,0.57520214,0.4467594,0.21017807,0.5835184,16.04157865,16.19530255,1,1,600.96990278,1
1813,0.49782011,0.58073505,0.45697026,0.17992182,0.56507069,16.41767171,16.57262558,1,1,1584.82605262,1
1814,0.50604608,0.56914734,0.46500801,0.14635381,0.54376966,15.72203534,15.77415963,1,1,100.14679335,1
1815,0.49793575,0.56736952,0.47687207,0.11735248,0.562865,15.69004901,15.84511251,1,1,1584.88694887,1
1816,0.48439482,0.54580363,0.47651167,0.16487834,0.57983668,15.68936276,15.68965954,1,1,947.7112263,1
1817,0.48848671,0.54811737,0.47820392,0.20658327,0.59814386,16.26013564,16.3911397,1,1,100.13355335,1
1818,0.48828048,0.54797918,0.47824729,0.21063929,0.61575092,15.6893782,15.78930604,1,1,104.11663753,1
1819,0.46171257,0.55728911,0.50827199,0.25632094,0.59809611,15.81104562,15.95371183,1,1,1527.24798252,1
1820,0.46866038,0.5544768,0.50900156,0.22120756,0.61508895,15.46967531,15.5179604,1,1,127.06304996,1
1821,0.46481686,0.54041351,0.49212935,0.26587755,0.63245798,15.80957035,15.8340408,1,1,100.3203172,1
1822,0.48970221,0.55485749,0.48744145,0.23110223,0.60997671,15.63413623,15.76021433,1,1,1584.28805864,1
1823,0.48620424,0.55309385,0.49524394,0.19653588,0.6271741,15.3891852,15.49971123,1,1,132.38695504,1
1824,0.48632088,0.55333388,0.4950785,0.16260536,0.64094541,15.73987679,15.76869066,1,1,874.44174609,1
1825,0.4389045,0.57225587,0.49801682,0.1294683,0.61832434,15.53427931,15.5816112,1,1,108.11720497,1
1826,0.44441416,0.57395998,0.51155253,0.15761125,0.63594761,15.74094832,15.85468609,1,1,113.97630423,1
1827,0.47114915,0.54892031,0.52306561,0.19685667,0.64318662,15.72041204,15.87707323,1,1,1577.39160533,1
1828,0.46885124,0.53802636,0.50511189,0.20267783,0.62058017,15.79082713,15.94195635,1,1,1584.80516813,1
1829,0.46259366,0.54294107,0.51459854,0.17047991,0.63033593,16.16527808,16.23582075,1,1,100.43268459,1
1830,0.47540104,0.54119428,0.50869093,0.21706781,0.63389565,15.40716488,15.42538829,1,1,1571.55047389,1
1831,0.47535854,0.54076834,0.50869213,0.25286377,0.6114082,15.61582111,15.6393114,1,1,1583.97757111,1
1832,0.45035564,0.60091873,0.53690389,0.21871769,0.58918082,15.77452721,15.92263513,1,1,100.02008088,1
1833,0.4631349,0.56700923,0.51977752,0.18434334,0.58724094,15.42012711,15.44051719,1,1,101.0226326,1
1834,0.47932481,0.55525898,0.53439404,0.15562882,0.60529402,15.77853404,15.87152283,1,1,175.09967584,1
1835,0.46755904,0.56701757,0.53019674,0.14886425,0.62152346,15.91042104,16.01004889,1,1,259.47927098,1
1836,0.47675632,0.53514391,0.52598312,0.14209521,0.60229281,15.91799902,16.00613317,1,1,101.11515266,1
1837,0.49753989,0.54765731,0.52136442,0.17538175,0.62020491,15.72391909,15.72813093,1,1,100.00111482,1
1838,0.49733634,0.54759099,0.52170585,0.194731,0.63778823,15.96690575,16.04307888,1,1,1583.4521639,1
1839,0.45993683,0.55897598,0.53330506,0.23437535,0.61758395,15.97662458,16.05113777,1,1,1346.88224358,1
1840,0.46621765,0.5776071,0.5356226,0.19973678,0.63468069,15.4462594,15.56407191,1,1,108.57650302,1
1841,0.47337391,0.54151659,0.53611889,0.16752724,0.64864748,15.69820515,15.75256735,1,1,309.79779306,1
1842,0.49176512,0.5585788,0.51886229,0.13417697,0.66367132,15.81515552,15.88506423,1,1,205.1619985,1
1843,0.48431336,0.55110326,0.50496013,0.18095334,0.68015518,15.88668508,15.9765253,1,1,908.63633865,1
1844,0.48424809,0.55048809,0.50467533,0.14750958,0.69538257,15.56424711,15.62793209,1,1,102.38966733,1
1845,0.45505571,0.56639934,0.50538877,0.19414729,0.67415036,15.75086237,15.87440822,1,1,147.8377894,1
1846,0.46922309,0.57960728,0.52398542,0.16159931,0.69064791,15.59424128,15.60364694,1,1,1582.25251744,1
1847,0.45814026,0.56188225,0.51320953,0.12836742,0.66787568,15.5351246,15.56311383,1,1,111.72397454,1
1848,0.48180394,0.53651031,0.51481127,0.1381663,0.66669257,15.6632885,15.73027444,1,1,1582.65536709,1
1849,0.48509699,0.54586852,0.52030322,0.14023746,0.6434303,15.4346731,15.54641823,1,1,1581.98792496,1
1850,0.48526837,0.54524951,0.52011293,0.18727675,0.62062684,15.34149678,15.42831915,1,1,100.01640017,1
1851,0.45687358,0.56887647,0.53440217,0.21246932,0.59821542,15.55563653,15.67922061,1,1,1180.21076809,1
1852,0.4595344,0.55679655,0.53825006,0.24753654,0.61550295,15.75026658,15.8800582,1,1,524.50517775,1
1853,0.47119732,0.55003277,0.52932889,0.21335726,0.59328157,15.84955141,15.90822756,1,1,361.77507764,1
1854,0.46261763,0.54193115,0.53832691,0.24729419,0.61107201,15.19562417,15.29175477,1,1,103.1977228,1
1855,0.48991571,0.54695752,0.53220145,0.21241987,0.58919841,15.43711476,15.53568831,1,1,933.19061464,1
1856,0.4966953,0.53131312,0.52944485,0.25349818,0.56799719,15.62084922,15.76530502,1,1,878.23911664,1
1857,0.49673285,0.53222447,0.52949841,0.29626779,0.58662045,15.25291619,15.37692502,1,1,1583.84272335,1
1858,0.48856172,0.55609284,0.53967883,0.26123576,0.56972006,15.79399457,15.88554375,1,1,420.70366942,1
1859,0.4940582,0.53272858,0.55521277,0.23024842,0.55238859,15.61070022,15.71850045,1,1,1532.73879806,1
1860,0.48143792,0.51403066,0.53318514,0.26420996,0.57106575,15.37424929,15.38198906,1,1,198.11356796,1
1861,0.47460473,0.51697612,0.53917969,0.22892602,0.54965523,15.69067141,15.71273522,1,1,132.63708301,1
1862,0.47779457,0.50503279,0.55201091,0.19833986,0.56850853,15.00470128,15.00668148,1,1,100.00332592,1
1863,0.4891272,0.51175191,0.53697617,0.17185854,0.58392571,15.71144291,15.818124,1,1,1583.6801533,1
1864,0.50068723,0.49693001,0.52959407,0.21773206,0.60194445,15.61343834,15.65723352,1,1,128.69937291,1
1865,0.50081203,0.49607391,0.52946978,0.26105702,0.60393133,15.66028003,15.67543364,1,1,104.14703991,1
1866,0.46321795,0.47453282,0.52499847,0.28577249,0.5818588,15.50926759,15.60872769,1,1,1502.18769066,1
1867,0.46257731,0.48481736,0.51608248,0.32615967,0.5790704,15.55181166,15.60431467,1,1,101.00332898,1
1868,0.46000651,0.46201264,0.51244523,0.36961571,0.56600481,15.97050232,16.00816218,1,1,1534.45604579,1
1869,0.45922587,0.48060114,0.51137861,0.33978674,0.5723438,15.51116891,15.56528886,1,1,510.00202509,1
1870,0.45905433,0.48022628,0.5113686,0.30603588,0.56312371,15.84823577,15.92471623,1,1,613.93011092,1
1871,0.4577623,0.57551618,0.53026317,0.34463706,0.58148895,15.68346012,15.83752003,1,1,100.68168293,1
1872,0.46320061,0.5527168,0.51829998,0.35249412,0.58813549,15.77615274,15.85627624,1,1,1539.26908158,1
1873,0.48487381,0.54453083,0.51799796,0.3954441,0.56697791,15.22392998,15.22467759,1,1,100.78830044,1
1874,0.49797451,0.54197456,0.5172338,0.35753724,0.58483749,15.63508963,15.68379942,1,1,1501.73427031,1
1875,0.497481,0.51644598,0.51577878,0.39345332,0.59822415,15.6949131,15.81988736,1,1,602.60139012,1
1876,0.49728665,0.51600751,0.51588731,0.42227395,0.60726893,15.82566212,15.95522403,1,1,1582.51367891,1
1877,0.56792795,0.52862073,0.52924279,0.38568984,0.62510565,15.7552583,15.86318252,1,1,567.04814523,1
1878,0.5562533,0.54481569,0.53260629,0.42796364,0.60304659,15.58028799,15.59732889,1,1,858.38578116,1
1879,0.57174302,0.56172285,0.51467525,0.4013124,0.58100941,15.41631901,15.46681952,1,1,192.12620084,1
1880,0.54969902,0.5703682,0.53569268,0.44218948,0.55939351,15.82775783,15.98183486,1,1,100.00000001,1
1881,0.54724372,0.5737234,0.53192726,0.40336234,0.57811577,14.98376726,15.05542782,1,1,1283.94635689,1
1882,0.54721614,0.57350682,0.53169059,0.36615772,0.59473522,15.85429744,15.97952568,1,1,151.24664013,1
1883,0.5173264,0.52197574,0.55505349,0.35374875,0.5847867,15.8467082,15.98222577,1,1,137.19961035,1
1884,0.51859002,0.51868265,0.5405739,0.31693007,0.56314908,15.0128687,15.1268899,1,1,101.15322484,1
1885,0.50460302,0.52616223,0.53794396,0.35956145,0.58184871,15.7625425,15.81897129,1,1,1529.00587843,1
1886,0.50577642,0.53942342,0.53039405,0.4023237,0.56503304,15.84319663,15.86081226,1,1,100.76904087,1
1887,0.51278046,0.53927693,0.54228845,0.37017572,0.54599227,15.95162908,16.03431465,1,1,100.12404846,1
1888,0.49585845,0.54097893,0.52667064,0.41013247,0.54341842,15.8509028,15.97382935,1,1,1584.28060808,1
1889,0.49555702,0.53999512,0.52676017,0.45180673,0.56132981,15.51692946,15.61343588,1,1,296.70100568,1
1890,0.44753681,0.56788201,0.54186924,0.49267795,0.55482538,15.88817735,15.94027887,1,1,1366.00867007,1
1891,0.47621324,0.56083753,0.52989439,0.46236015,0.57202422,15.7551352,15.79710955,1,1,1521.92381174,1
1892,0.46344496,0.53904459,0.52245472,0.42363659,0.5762357,15.38242293,15.47703286,1,1,1467.8361613,1
1893,0.48005637,0.52644378,0.52618711,0.46504861,0.55480013,15.54100245,15.61065627,1,1,104.4057298,1
1894,0.47217407,0.54150584,0.51961418,0.50047499,0.53379871,15.28156827,15.35001629,1,1,100.00583098,1
1895,0.47215471,0.54077577,0.51971152,0.54046531,0.52409398,15.76417374,15.87051014,1,1,100.00031811,1
1896,0.46170367,0.60473676,0.53989752,0.5731351,0.54355839,15.7749291,15.7798887,1,1,1413.57533832,1
1897,0.46822222,0.58266726,0.52896382,0.5646205,0.52339419,15.56867297,15.71046325,1,1,1235.82706566,1
1898,0.49738646,0.56600084,0.51552344,0.60329761,0.50488601,15.0568978,15.08316929,1,1,147.32010809,1
1899,0.50631886,0.58238015,0.51972373,0.6140348,0.48479851,15.95816621,15.99377448,1,1,100.49724739,1
1900,0.50050046,0.57762249,0.52119063,0.57180658,0.50063561,16.0010923,16.07784375,1,1,1149.21631181,1
1901,0.50047486,0.57693813,0.52103077,0.53058426,0.48070978,15.36911402,15.38666152,1,1,637.35631086,1
1902,0.47032907,0.56834769,0.53175885,0.56995551,0.50096283,15.36775063,15.45242633,1,1,106.91879042,1
1903,0.47298519,0.56912157,0.54635093,0.60849885,0.48096298,15.60527055,15.66047165,1,1,1272.34524672,1
1904,0.46554781,0.58390355,0.5252572,0.574923,0.49793766,15.20091347,15.29771581,1,1,1572.39551606,1
1905,0.488184,0.56257019,0.52605402,0.54591505,0.47803364,16.06817211,16.22241562,1,1,100.03726982,1
1906,0.49218517,0.56457488,0.54338179,0.50499873,0.46210243,15.90629692,15.97622339,1,1,973.64230805,1
1907,0.49219744,0.55157974,0.53785606,0.53649025,0.48283408,16.01572161,16.0719234,1,1,444.08576152,1
1908,0.48025113,0.54023176,0.51965322,0.57562025,0.4647579,15.68901896,15.79952762,1,1,1351.32163172,1
1909,0.48013849,0.53928108,0.51978615,0.54504428,0.47377212,15.73111852,15.86935903,1,1,1582.81008797,1
1910,0.48456646,0.60329064,0.52029164,0.50414832,0.45430164,15.77792003,15.88389521,1,1,103.88633383,1
1911,0.48160598,0.61614278,0.52949641,0.54355045,0.43521788,15.51022099,15.66065782,1,1,106.28426059,1
1912,0.51780548,0.57937768,0.51715636,0.50267951,0.41845527,15.60266548,15.66624521,1,1,1572.32538087,1
1913,0.52881656,0.5821273,0.52236074,0.46315199,0.40272645,15.81836813,15.83944892,1,1,465.12859837,1
1914,0.52921914,0.58122177,0.52219339,0.42470222,0.38468154,15.55903899,15.67497065,1,1,172.96737532,1
1915,0.49473042,0.54927622,0.53089029,0.39349254,0.36699656,16.06020731,16.06807049,1,1,269.04430536,1
1916,0.4971394,0.55672533,0.54168658,0.42301011,0.37164214,16.02292631,16.09304396,1,1,1141.05273605,1
1917,0.49494564,0.55093646,0.54728978,0.40212637,0.38648669,15.84453322,15.90109174,1,1,1582.69613231,1
1918,0.48561947,0.53167363,0.52780027,0.43442752,0.40875693,16.36085114,16.38820007,1,1,100.54245806,1
1919,0.48418382,0.55346659,0.53972516,0.46373725,0.4301677,15.58587808,15.61119182,1,1,1490.87845363,1
1920,0.48441838,0.55270145,0.5393626,0.43029242,0.41751851,15.33212747,15.41073418,1,1,100.28817614,1
1921,0.4585508,0.59043039,0.5656925,0.46591934,0.42489854,15.77384653,15.82534563,1,1,1580.63148906,1
1922,0.45042015,0.57542282,0.5391267,0.42660106,0.44435598,15.8169369,15.84858421,1,1,100.03904306,1
1923,0.45585819,0.56167636,0.55885395,0.38915699,0.42547696,15.93130889,16.08155955,1,1,347.45358385,1
1924,0.4736312,0.54126528,0.55065937,0.35289162,0.44696697,15.53872926,15.58095759,1,1,161.72880093,1
1925,0.46882883,0.55983981,0.55674378,0.3906192,0.46252412,15.87303392,15.97630417,1,1,519.03473969,1
1926,0.49197713,0.53565396,0.54453636,0.43280341,0.48075695,15.77601366,15.89966383,1,1,101.88834603,1
1927,0.49190258,0.53643725,0.54419916,0.39414742,0.4633956,15.57364672,15.72935077,1,1,263.08076813,1
1928,0.48014107,0.55208464,0.54786262,0.39717189,0.44439992,15.74461361,15.88404232,1,1,1212.50205918,1
1929,0.48090879,0.5439445,0.56835307,0.43922843,0.42557457,15.40920513,15.50804661,1,1,112.7689582,1
1930,0.48677235,0.54955593,0.54757616,0.48016316,0.44426571,15.39872059,15.43766296,1,1,472.19961789,1
1931,0.48215916,0.53999763,0.53833016,0.51551153,0.45510771,15.61480163,15.77064688,1,1,104.1409725,1
1932,0.50157044,0.52407761,0.55839167,0.47526642,0.47490339,15.65194986,15.70358009,1,1,1465.81425455,1
1933,0.50359861,0.50654757,0.54260889,0.4444623,0.45562233,15.79857386,15.88980578,1,1,670.51354976,1
1934,0.50330895,0.50724992,0.54247123,0.48349481,0.46753702,15.48945311,15.56817613,1,1,395.01397878,1
1935,0.56375678,0.50789039,0.54639035,0.47527303,0.4842682,15.68592716,15.69897887,1,1,104.98109776,1
1936,0.57209091,0.54379355,0.54711472,0.45088508,0.46458506,15.34894563,15.48048966,1,1,1270.52700119,1
1937,0.57250497,0.52643019,0.55063926,0.48971398,0.48525582,16.3479812,16.38828127,1,1,1583.71248077,1
1938,0.57213344,0.55454766,0.55967301,0.4525089,0.46985655,15.70443919,15.7825789,1,1,107.43018888,1
1939,0.54293437,0.56346329,0.54188266,0.46635967,0.4904565,15.55572215,15.62572304,1,1,483.8377787,1
1940,0.54292808,0.56413753,0.54180652,0.42726752,0.4711743,15.2766072,15.38520272,1,1,100.21787883,1
1941,0.53234819,0.52109777,0.54629245,0.39068046,0.45175298,15.52687189,15.63763684,1,1,1574.57681436,1
1942,0.5168515,0.52399138,0.53968895,0.3999907,0.46371185,15.29467584,15.37119009,1,1,855.8607964,1
1943,0.49458772,0.50636499,0.56825271,0.36533037,0.44527647,15.80944511,15.9537475,1,1,1305.44941373,1
1944,0.5127508,0.50570293,0.55921198,0.40802243,0.46548932,15.6121964,15.72124696,1,1,106.07419061,1
1945,0.5107275,0.521883,0.54673771,0.39130976,0.44729985,15.73321012,15.76157408,1,1,147.57442522,1
1946,0.49992026,0.51965075,0.54791163,0.42558188,0.4664518,15.38632299,15.53405217,1,1,1090.84339829,1
1947,0.50004252,0.51953535,0.54793384,0.46707017,0.48709452,15.79631901,15.84881354,1,1,972.91665822,1
1948,0.45755175,0.53138553,0.56942189,0.50454834,0.50625464,15.96022482,16.03010093,1,1,1580.51188896,1
1949,0.48273284,0.52210656,0.54705901,0.47223266,0.49073108,15.8364944,15.88017652,1,1,1524.99462751,1
1950,0.48512506,0.51083525,0.53664932,0.51278044,0.47092468,15.77251611,15.77662159,1,1,198.12610584,1
1951,0.46475826,0.51358336,0.52644388,0.50038908,0.45310997,15.45325223,15.46090521,1,1,100.01086842,1
1952,0.48928078,0.50662906,0.52086616,0.53999107,0.44110312,15.65416781,15.75823633,1,1,111.34833725,1
1953,0.48946897,0.50581496,0.52106262,0.57832638,0.4224165,15.53453029,15.64894481,1,1,975.02718079,1
1954,0.47374945,0.50649573,0.53178147,0.60709895,0.44363505,15.3723828,15.48205076,1,1,1475.624564,1
1955,0.46255357,0.5051806,0.53975074,0.62101899,0.46305221,15.30028078,15.3930953,1,1,1558.26182061,1
1956,0.47892496,0.49831329,0.52126611,0.57878476,0.48348458,15.35818928,15.39414278,1,1,1092.33947298,1
1957,0.47062944,0.48616245,0.52640251,0.53758841,0.5037562,15.55458581,15.59083006,1,1,100.00452836,1
1958,0.47925311,0.49602341,0.52233207,0.54061497,0.48369872,15.7698697,15.89628139,1,1,100.43849902,1
1959,0.47919915,0.49680551,0.52235051,0.57960548,0.47355123,15.6064233,15.68049922,1,1,100.02691423,1
1960,0.51487943,0.55950949,0.52675556,0.53801673,0.45408796,15.42417555,15.45333418,1,1,100.2712749,1
1961,0.52379899,0.56020101,0.53911273,0.57721499,0.47430856,16.07489181,16.11350508,1,1,1469.80580301,1
1962,0.51995312,0.54165879,0.52781141,0.568719,0.45483245,14.9744091,15.05963236,1,1,123.14197267,1
1963,0.52250954,0.56357967,0.53455323,0.57462047,0.47573512,15.40957986,15.48768003,1,1,668.77238513,1
1964,0.53145885,0.5589713,0.51523965,0.53315063,0.45622211,15.44730384,15.49739019,1,1,100.01462241,1
1965,0.53175008,0.55849516,0.51529493,0.56947703,0.43736496,15.56953134,15.5975516,1,1,100.18042413,1
1966,0.49847193,0.53199158,0.52120692,0.52913511,0.45309307,15.49222104,15.60097453,1,1,1582.65298715,1
1967,0.50646322,0.54144646,0.52327121,0.4889652,0.46639522,15.38067133,15.52260037,1,1,1518.30838652,1
1968,0.49053385,0.53810488,0.51248778,0.49861524,0.44717012,15.17559178,15.24135903,1,1,112.04209916,1
1969,0.49249827,0.52031249,0.52620686,0.46333232,0.46471965,15.67108109,15.69173895,1,1,698.53205606,1
1970,0.48702213,0.53500121,0.51148173,0.43565605,0.46272723,15.51876311,15.55224484,1,1,100.11394005,1
1971,0.48700335,0.53578473,0.51162791,0.3969609,0.48341011,15.7753752,15.87984595,1,1,100.11940811,1
1972,0.48090532,0.57095827,0.51145448,0.43107058,0.46633074,15.5216579,15.58423747,1,1,1584.40016255,1
1973,0.49185086,0.56447202,0.52117483,0.39599694,0.48682279,15.62852395,15.70157654,1,1,1584.44890294,1
1974,0.49084604,0.54228993,0.53361621,0.361034,0.48889266,15.91343175,16.05747621,1,1,634.15198319,1
1975,0.48701638,0.54331367,0.51038583,0.40369164,0.50910116,15.89334201,15.9041476,1,1,104.70971331,1
1976,0.49839864,0.54337536,0.51256983,0.36636566,0.51300938,15.33038813,15.43712734,1,1,1364.35055127,1
1977,0.49823255,0.54419703,0.51255319,0.40894094,0.50215327,15.32982432,15.35555829,1,1,100.13214886,1
1978,0.46644572,0.54450684,0.5170861,0.42769726,0.48900985,15.78073595,15.79752647,1,1,408.70701937,1
1979,0.48472623,0.54623481,0.51322641,0.39288102,0.49874445,15.87562385,16.00942202,1,1,100.00290967,1
1980,0.47594862,0.55174907,0.51184838,0.35502341,0.48399739,15.85382006,15.98173343,1,1,103.0125839,1
1981,0.48623216,0.52432869,0.53037481,0.36368052,0.46550273,15.83722132,15.87349774,1,1,1515.52867014,1
1982,0.48841511,0.51709444,0.53156807,0.40436652,0.44660902,15.48288987,15.59769313,1,1,100.00007645,1
1983,0.48248549,0.51290077,0.53966718,0.36627953,0.46724698,15.52253777,15.59048642,1,1,1355.33110824,1
1984,0.48264879,0.51199652,0.53985678,0.32961657,0.45613076,15.56035773,15.68740968,1,1,103.81522944,1
1985,0.53739035,0.58355983,0.56523971,0.37301656,0.46496515,15.47876945,15.56623462,1,1,100.0111131,1
1986,0.5360088,0.58580877,0.55051411,0.33555657,0.48528237,15.39285231,15.5105676,1,1,112.52560544,1
1987,0.53858586,0.578142,0.54135529,0.3788161,0.50320764,15.91634631,15.9370275,1,1,100.61912,1
1988,0.5480213,0.58127927,0.55072509,0.34125727,0.48314383,15.61475652,15.74055783,1,1,965.76590516,1
1989,0.54564339,0.57021214,0.53573588,0.30457098,0.4749391,15.24488504,15.33287536,1,1,1468.66982686,1
1990,0.54536716,0.57067098,0.5357829,0.26848808,0.47978285,15.94806294,16.05522571,1,1,174.93369893,1
1991,0.50581905,0.54341915,0.56330701,0.23333316,0.49478843,15.42053884,15.55507338,1,1,1546.44653845,1
1992,0.50426143,0.55221256,0.55104133,0.20565959,0.47489267,15.49894342,15.64949416,1,1,1407.3880817,1
1993,0.52343175,0.53440874,0.54522495,0.1764931,0.49500957,15.46577664,15.60169888,1,1,100.00273543,1
1994,0.50415523,0.53102831,0.55937216,0.22068314,0.51504572,15.52409805,15.60549815,1,1,103.12673142,1
1995,0.49664704,0.52162588,0.55159632,0.24697817,0.52529442,15.53353672,15.64901159,1,1,100.23998789,1
1996,0.50389086,0.51132426,0.53953019,0.2693193,0.54343236,15.43452629,15.57577681,1,1,106.86992991,1
1997,0.49818932,0.53608165,0.53844451,0.23399244,0.54664438,15.56618027,15.65428838,1,1,105.02765779,1
1998,0.49834369,0.5353756,0.53818931,0.27321605,0.52623371,15.9097725,15.99491853,1,1,100.00000513,1
1999,0.47320828,0.56306893,0.56340925,0.26178071,0.5057546,15.37125794,15.50117081,1,1,1455.88621022,1
2000,0.48532504,0.55165727,0.53727733,0.23473918,0.52563915,15.93768352,16.02030585,1,1,1584.7813369,1
2001,0.48825013,0.52472483,0.55045751,0.2636374,0.53235865,16.09059682,16.18334878,1,1,102.72265797,1
2002,0.47562282,0.53013719,0.54633107,0.30833261,0.52631495,15.76545296,15.90483083,1,1,103.23589174,1
2003,0.48998366,0.51036626,0.56054872,0.27219289,0.52594151,15.40281531,15.44659707,1,1,619.27946242,1
2004,0.48850114,0.51594824,0.53175622,0.23802914,0.53149288,15.84934059,15.86093403,1,1,701.77770132,1
2005,0.48860764,0.51662316,0.53176553,0.20327274,0.53023886,16.04562351,16.20032844,1,1,100.0102836,1
2006,0.55310944,0.56803794,0.55004818,0.24807953,0.51162457,15.93551132,16.02845102,1,1,1557.55858641,1
2007,0.55318305,0.56307862,0.54236122,0.21447595,0.53022512,15.41389043,15.56401865,1,1,132.49987284,1
2008,0.53128038,0.57849971,0.53419489,0.21541182,0.50962143,15.58229102,15.71592006,1,1,100.96814558,1
2009,0.53305103,0.57203153,0.52535319,0.18360083,0.49234753,15.69120728,15.79531356,1,1,1405.73836437,1
2010,0.53225622,0.581662,0.5244266,0.15302372,0.51249574,15.82620232,15.8726731,1,1,1577.20310027,1
2011,0.53205211,0.5802136,0.52406425,0.11996401,0.49465211,15.86172918,15.88667911,1,1,1258.9375911,1
2012,0.48951943,0.5277177,0.54431469,0.08757823,0.51462376,15.57632711,15.62277409,1,1,100.00465048,1
2013,0.50727192,0.55746269,0.53160104,0.05639193,0.53357045,15.42800472,15.46507939,1,1,126.49454942,1
2014,0.48966605,0.52990089,0.52233993,0.0254041,0.51290911,15.60896424,15.65104263,1,1,1552.9514393,1
2015,0.50766299,0.5257163,0.54424983,0.07489101,0.53246499,16.01036926,16.13737048,1,1,1582.4722729,1
2016,0.49434977,0.54794509,0.53633359,0.11813379,0.54763132,15.84012594,15.95549591,1,1,100.00898311,1
2017,0.49423999,0.54801938,0.53620953,0.08676311,0.52682147,15.43324266,15.4837349,1,1,1547.53390596,1
2018,0.46032678,0.56066605,0.5375557,0.13181037,0.54535999,15.91717936,15.92193868,1,1,1447.0994343,1
2019,0.45670467,0.5556224,0.5568843,0.10027019,0.56444954,15.90367595,16.02933924,1,1,100.00328469,1
2020,0.45417967,0.56546433,0.54158905,0.06992299,0.5831339,15.67758506,15.71461987,1,1,599.60619395,1
2021,0.47630967,0.53754973,0.54265515,0.04280054,0.56147637,15.60858915,15.74760649,1,1,158.0556642,1
2022,0.47502311,0.52815005,0.53214524,0.0426654,0.57205777,15.69428568,15.82967903,1,1,101.13463096,1
2023,0.47481265,0.52804406,0.53214756,0.03796938,0.58438198,15.47561268,15.54405625,1,1,101.20806668,1
2024,0.55034809,0.58633015,0.54561593,0.00725515,0.5628682,15.82305514,15.93565185,1,1,330.01168666,1
2025,0.52609953,0.56429907,0.54496593,0.05093622,0.58161055,16.16034157,16.27531757,1,1,209.39612647,1
2026,0.5447269,0.58084705,0.54711357,0.01994415,0.58252199,15.76457201,15.78132761,1,1,116.48575893,1
2027,0.53523828,0.57647421,0.53881513,0.03567208,0.60024029,15.59093112,15.60276829,1,1,158.09701146,1
2028,0.54159483,0.59318827,0.55161184,0.00506938,0.60859566,15.42924453,15.5100396,1,1,710.50500549,1
2029,0.54086362,0.59994902,0.52548546,0.05495829,0.6023581,15.75402666,15.90691106,1,1,1582.88108518,1
2030,0.54083114,0.6000653,0.52532018,0.05762043,0.61636721,15.35525975,15.47328075,1,1,118.35071232,1
2031,0.51167275,0.57151641,0.55027015,0.04435147,0.63397611,15.83546656,15.8418763,1,1,103.34694083,1
2032,0.50973016,0.55505729,0.54204214,0.09342399,0.64509448,15.45433254,15.50193706,1,1,1552.46035474,1
2033,0.49557119,0.57591956,0.5532469,0.07751213,0.66205476,15.90341714,15.98851725,1,1,100.00854551,1
2034,0.50503802,0.56789671,0.55280486,0.11557945,0.6780217,15.84381231,15.92852762,1,1,100.03558003,1
2035,0.5013015,0.55136335,0.54860017,0.09383469,0.6553577,15.7840219,15.82543458,1,1,100.02827525,1
2036,0.49748569,0.57249665,0.54372315,0.06204108,0.63230515,15.71748903,15.78134568,1,1,137.68439266,1
2037,0.49743869,0.57292312,0.5436788,0.03111189,0.64964719,15.73220172,15.84240938,1,1,1579.18693197,1
2038,0.45649752,0.59891517,0.56097413,0.0074404,0.66492884,15.9452464,16.0512375,1,1,100.01292566,1
2039,0.45190559,0.56550252,0.57033446,0.02149685,0.65142392,15.90860055,15.95030019,1,1,569.6251787,1
2040,0.44966432,0.56960398,0.56481913,0.07104305,0.66829852,15.25195794,15.34866713,1,1,244.9205386,1
2041,0.46643111,0.56104947,0.56492973,0.0515663,0.68216402,15.86891053,15.97532662,1,1,461.91135953,1
2042,0.4649638,0.56782165,0.55803244,0.10043478,0.65852077,15.85340453,15.86634431,1,1,1502.39593631,1
2043,0.47906218,0.5340331,0.55249309,0.06843145,0.65100313,15.60296191,15.69723642,1,1,757.22403173,1
2044,0.47882391,0.53381773,0.55280103,0.0592612,0.63475018,16.03755627,16.14220381,1,1,1584.89252328,1
2045,0.48655582,0.57094363,0.55686474,0.02816221,0.65199295,15.25745225,15.40363358,1,1,1572.43529023,1
2046,0.48009166,0.57905186,0.56558706,0,0.66847582,15.44519646,15.5623101,1,1,100.00015174,1
2047,0.48454098,0.55462828,0.54509935,0,0.68510581,15.49543655,15.60689777,1,1,1473.56371235,1
2048,0.49982048,0.55395986,0.52331345,0,0.66142695,15.99324679,16.06535027,1,1,1584.27592945,1
2049,0.50349703,0.53014544,0.52743053,0.02652538,0.67569986,16.04518768,16.05897241,1,1,103.96162497,1
2050,0.50348957,0.53035449,0.52743535,0.00082371,0.68057624,15.74487856,15.87703413,1,1,101.26333673,1
2051,0.46213095,0.5415604,0.53230246,0.05058842,0.65698334,15.54554111,15.67869229,1,1,556.7643116,1
2052,0.45711939,0.51970616,0.54805371,0.09849585,0.65226874,15.56976885,15.60082252,1,1,1302.7092105,1
2053,0.46434556,0.51439195,0.54227367,0.06662903,0.66921954,15.50343852,15.53295495,1,1,151.60948871,1
2054,0.47788561,0.51889043,0.54642941,0.03529687,0.67689112,15.61782518,15.677029,1,1,100.03662302,1
2055,0.46818526,0.51929074,0.52682989,0.01295951,0.69200724,15.63104567,15.68464461,1,1,103.526572,1
2056,0.4692634,0.51649181,0.54632985,0,0.70338165,15.64277526,15.66152447,1,1,1584.6794244,1
2057,0.46910285,0.51546246,0.54628179,0,0.71931397,16.10648303,16.13109491,1,1,108.90118072,1
2058,0.47686122,0.55190684,0.56284335,0,0.69562086,15.65892291,15.68522437,1,1,102.4116266,1
2059,0.4721433,0.53168911,0.55938681,0.04997306,0.67174218,15.23950712,15.28535587,1,1,1556.17104702,1
2060,0.47094042,0.53492378,0.55084377,0.02628927,0.65227631,15.51587121,15.61945809,1,1,100.49880587,1
2061,0.48837644,0.52035791,0.54703584,0,0.65039534,14.93406685,14.99483853,1,1,1028.3424331,1
2062,0.50602903,0.53346708,0.5645687,0.01710778,0.64393711,15.26953698,15.41191617,1,1,107.82064222,1
2063,0.5095654,0.51777825,0.53753095,0.06674728,0.62938851,15.41964904,15.56257529,1,1,1022.36025546,1
2064,0.50937492,0.51711173,0.53761208,0.11538057,0.6119642,15.83623698,15.90479226,1,1,100.84298165,1
2065,0.55159507,0.49924558,0.5338618,0.09252236,0.6297215,15.62197582,15.62412924,1,1,124.97890317,1
2066,0.53734734,0.5228296,0.54825192,0.1406719,0.60712947,16.01901028,16.13265842,1,1,1584.6567754,1
2067,0.51472758,0.52449049,0.5466359,0.15184173,0.58533182,15.8341516,15.98460875,1,1,850.86327489,1
2068,0.52049184,0.52635473,0.51903704,0.11881082,0.5636273,15.61411714,15.64626391,1,1,117.82539069,1
2069,0.5206896,0.52697145,0.51892611,0.10024111,0.56412178,15.82503943,15.94236078,1,1,701.10931444,1
2070,0.49072973,0.4958369,0.51921651,0.13346405,0.54284957,15.27950972,15.37749837,1,1,100.55315733,1
2071,0.47913836,0.47287415,0.51801481,0.17946499,0.52199288,15.80815468,15.9540609,1,1,428.60394282,1
2072,0.49254215,0.48535313,0.51613276,0.2140265,0.54151821,15.96015595,16.07731704,1,1,1584.173478,1
2073,0.47035009,0.48087982,0.5360739,0.21578232,0.55887127,15.43263045,15.44347075,1,1,394.51220398,1
2074,0.47967987,0.49402053,0.54276348,0.19902035,0.53813345,15.56377225,15.59307401,1,1,1373.93321838,1
2075,0.47955007,0.49504725,0.54278487,0.24503699,0.55736682,15.5340994,15.67371308,1,1,111.62246856,1
2076,0.47862883,0.56744564,0.53918035,0.29001338,0.54581359,15.33434424,15.40866308,1,1,100.00622542,1
2077,0.47653533,0.5667758,0.54416678,0.25587195,0.56489701,15.97952587,16.01914279,1,1,1547.32524156,1
2078,0.49673217,0.53487978,0.54838228,0.22258588,0.55852964,15.75777865,15.87809382,1,1,100.00936469,1
2079,0.51249203,0.55207415,0.52755983,0.19949497,0.55478372,15.66226633,15.69389059,1,1,491.42754036,1
2080,0.50973763,0.53606841,0.55168329,0.23637471,0.57368656,15.77869296,15.84215554,1,1,1574.112232,1
2081,0.5099411,0.53750435,0.55174528,0.23105468,0.55852636,15.92995001,16.07873118,1,1,490.79796695,1
2082,0.58594163,0.53878074,0.55636937,0.2764246,0.57544907,15.34934414,15.45286901,1,1,278.58144189,1
2083,0.58014194,0.56449489,0.5658833,0.24984242,0.55406785,15.29111894,15.40490726,1,1,1579.12457256,1
2084,0.56922624,0.56205179,0.5404045,0.21804864,0.54451911,15.67005063,15.68943045,1,1,489.31714033,1
2085,0.55685078,0.56745893,0.53892785,0.26368759,0.52363878,15.21347267,15.33322896,1,1,1530.78277467,1
2086,0.53216454,0.58328705,0.5473934,0.22963923,0.50318498,15.79465425,15.88149727,1,1,1546.45820532,1
2087,0.53223148,0.58366891,0.54731198,0.27504608,0.52161077,15.35585618,15.45090258,1,1,340.02247444,1
2088,0.51209196,0.57998472,0.56189126,0.31080342,0.54107718,16.35099915,16.38731909,1,1,1484.51890098,1
2089,0.52061199,0.56696106,0.57601262,0.35214548,0.55969001,15.68679778,15.71937719,1,1,1566.05860312,1
2090,0.5137101,0.56043343,0.55795231,0.31861391,0.56607485,15.66165872,15.77552632,1,1,1580.18738544,1
2091,0.50259956,0.55621895,0.57014847,0.28706882,0.58045815,15.74361534,15.84377794,1,1,211.22809409,1
2092,0.50257266,0.54002305,0.5691991,0.30363909,0.56637858,15.4598069,15.48782005,1,1,1107.80140367,1
2093,0.50261113,0.54016397,0.56929999,0.34735557,0.58458773,15.9589724,16.10090442,1,1,600.4245446,1
2094,0.4815939,0.54864294,0.56590853,0.31132497,0.589558,15.06062033,15.18994074,1,1,100.55314329,1
2095,0.49046673,0.55152534,0.58038632,0.35478029,0.60170501,16.06623798,16.22553737,1,1,100.00218058,1
2096,0.48648949,0.54744944,0.58741704,0.37784541,0.60701038,16.1340269,16.16907702,1,1,1518.03798345,1
2097,0.49195598,0.5464277,0.55888703,0.36364482,0.62274846,15.71002873,15.80412676,1,1,100.11442821,1
2098,0.50153787,0.52784016,0.5687928,0.32654405,0.61942871,15.85851859,15.9013763,1,1,115.09066888,1
2099,0.50167387,0.52784694,0.56889815,0.29159953,0.60250388,15.36317105,15.42763941,1,1,102.05316487,1
2100,0.48241512,0.51290191,0.5866558,0.28629714,0.58159379,15.62243754,15.75260812,1,1,100.20765625,1
2101,0.47856058,0.53261932,0.57019776,0.25126054,0.59952176,15.54604693,15.6161627,1,1,126.56233542,1
2102,0.47631757,0.5197545,0.56739226,0.24198792,0.61742755,15.57109999,15.72413999,1,1,1218.90737245,1
2103,0.47735436,0.50942672,0.55230091,0.22043275,0.62238773,15.79666896,15.8872076,1,1,100.03993394,1
2104,0.48111658,0.49711562,0.57041003,0.19373072,0.59994322,16.03759582,16.0528728,1,1,417.50853119,1
2105,0.48097071,0.49720255,0.57055201,0.23937871,0.57841121,15.65723598,15.67523927,1,1,100.10708844,1
2106,0.54074935,0.56453205,0.56902188,0.21340526,0.55686632,15.67510243,15.68840118,1,1,105.22560835,1
2107,0.52726506,0.56095965,0.58891637,0.24675289,0.53583599,15.53954815,15.65562004,1,1,1471.37831302,1
2108,0.54088632,0.55902634,0.56606895,0.21630804,0.5151197,15.66274189,15.78859205,1,1,409.17278088,1
2109,0.54815885,0.56217433,0.56117579,0.25591727,0.53478641,15.82907772,15.97001565,1,1,102.03585272,1
2110,0.52922436,0.54887705,0.55982655,0.2212999,0.51439777,15.89106921,15.97687555,1,1,117.21637112,1
2111,0.52938143,0.54861654,0.5596986,0.25213365,0.49803282,15.7943938,15.9126884,1,1,100.07454738,1
2112,0.48978163,0.53940193,0.591141,0.29432519,0.47912575,15.63111736,15.74388515,1,1,1453.39444254,1
2113,0.50105506,0.52813386,0.55898161,0.25844098,0.45960546,15.76364345,15.85810923,1,1,503.71907805,1
2114,0.49280952,0.52605949,0.5571014,0.30260124,0.47943855,16.0067987,16.11452285,1,1,465.26745398,1
2115,0.48852022,0.52249488,0.57470956,0.34645502,0.48339495,15.519118,15.54285022,1,1,1584.88923736,1
2116,0.48138662,0.50471781,0.57227319,0.31654566,0.4681708,15.99252064,16.13947758,1,1,100.04445799,1
2117,0.49739764,0.50031716,0.57656965,0.34726167,0.4561183,15.28832399,15.39004284,1,1,100.22941235,1
2118,0.49774218,0.50051321,0.5767146,0.31038361,0.44755332,16.25579077,16.38411683,1,1,1580.93304084,1
2119,0.45692334,0.50566138,0.60155478,0.35416209,0.46214972,15.67601116,15.76562245,1,1,640.8525375,1
2120,0.47058808,0.48993782,0.57977129,0.39706336,0.44303618,15.99331318,16.11483183,1,1,1584.48466253,1
2121,0.45802461,0.49767769,0.566111,0.43844461,0.43009584,15.18921987,15.30070905,1,1,1584.87440942,1
2122,0.48284079,0.47522483,0.57316165,0.40559241,0.41729944,15.27461556,15.28280063,1,1,1285.13262931,1
2123,0.47861073,0.4935966,0.57806045,0.44373962,0.43894157,15.8033862,15.83066177,1,1,1558.89602996,1
2124,0.47848236,0.49393061,0.57807501,0.48195921,0.46012012,15.69082674,15.79312365,1,1,1584.162505,1
2125,0.5220524,0.57541546,0.58392747,0.52012399,0.44746332,15.90036482,15.93935446,1,1,1410.3426515,1
2126,0.52907753,0.56602084,0.55920906,0.55905165,0.43519667,15.60199204,15.69540711,1,1,100.01514048,1
2127,0.53086768,0.57204225,0.5620085,0.51861,0.45588618,15.61392672,15.75153729,1,1,1369.47971741,1
2128,0.53816907,0.55770102,0.54098105,0.47833601,0.43706258,15.90645359,16.03650793,1,1,1496.84702557,1
2129,0.53947571,0.56051679,0.54505488,0.48673692,0.45832129,15.80340787,15.88964221,1,1,879.26446186,1
2130,0.53938628,0.55955278,0.54509209,0.52680088,0.44078584,15.57725895,15.62261293,1,1,101.18477222,1
2131,0.51191257,0.52528016,0.54563348,0.54872463,0.45504835,15.39392347,15.47959631,1,1,105.07451296,1
2132,0.5120737,0.52438633,0.54794257,0.50980464,0.43679764,15.81822717,15.95282318,1,1,166.27199085,1
2133,0.50069704,0.52709845,0.56408128,0.47199028,0.45806157,15.87977407,15.9499595,1,1,1562.42413605,1
2134,0.4939095,0.52371301,0.56680772,0.48448295,0.47542725,15.69059755,15.70367261,1,1,1378.8022406,1
2135,0.48783669,0.52323675,0.53712939,0.44483391,0.45591874,15.65159975,15.6960068,1,1,550.3431027,1
2136,0.48895051,0.52958685,0.54883142,0.41721389,0.47680036,15.5272079,15.53104197,1,1,100.03095168,1
2137,0.48872798,0.5310727,0.54867557,0.38138576,0.49709842,15.64505557,15.65939555,1,1,100.02587186,1
2138,0.46967263,0.55515939,0.54916877,0.34375806,0.47715852,15.42345521,15.50796166,1,1,101.07349532,1
2139,0.46665187,0.54667713,0.56584798,0.32237665,0.4577153,16.02626171,16.02673717,1,1,1584.89274425,1
2140,0.46372454,0.52972765,0.56362884,0.28753887,0.4385618,15.37639973,15.4932392,1,1,297.93118213,1
2141,0.49088459,0.53082526,0.55016938,0.25182587,0.42443565,15.65902619,15.81164269,1,1,1584.33846249,1
2142,0.4865968,0.53677249,0.55215583,0.28700453,0.44140521,15.29346555,15.35349196,1,1,1584.08192603,1
2143,0.48651001,0.53653928,0.55212905,0.33121364,0.42257828,15.49310654,15.53277522,1,1,635.38838774,1
2144,0.4576256,0.58135935,0.56809877,0.2958474,0.43609257,15.56242569,15.67309338,1,1,100.12946089,1
2145,0.46513317,0.56675014,0.54606332,0.32751163,0.41795232,16.07702484,16.19905317,1,1,1451.86184406,1
2146,0.46889027,0.54690456,0.53589307,0.29732065,0.43956105,15.64237613,15.66290275,1,1,1379.90744668,1
2147,0.4820012,0.55330952,0.53671799,0.34137246,0.45519321,15.61913323,15.72554232,1,1,131.28352175,1
2148,0.4713365,0.54143856,0.53295639,0.30463965,0.43809472,15.84388418,15.86936297,1,1,149.76203988,1
2149,0.4711531,0.54147729,0.53303496,0.3187231,0.44243116,15.61675286,15.65903418,1,1,334.75823295,1
2150,0.45277086,0.57820954,0.539634,0.28235412,0.45849161,15.4246075,15.54652699,1,1,100.02531123,1
2151,0.46312662,0.57303744,0.54694814,0.32662144,0.47931632,15.56303285,15.57713616,1,1,1046.14060027,1
2152,0.49158488,0.57323848,0.55569125,0.29009735,0.47427549,15.26486746,15.3062548,1,1,1575.34897541,1
2153,0.49714449,0.57832878,0.53881557,0.25477007,0.4740475,15.63567812,15.64925381,1,1,1583.6248798,1
2154,0.49801082,0.54883021,0.53727515,0.21976539,0.45691262,15.96486169,15.96650499,1,1,1584.89006275,1
2155,0.49806117,0.54813078,0.53725725,0.26536272,0.43884809,15.86972696,15.9554531,1,1,127.40342157,1
2156,0.49247542,0.58505254,0.55478635,0.26698196,0.45994864,16.10133313,16.17435122,1,1,1566.82401042,1
2157,0.5133438,0.56115838,0.54312037,0.3059497,0.44076079,16.15954414,16.18370247,1,1,100.00601206,1
2158,0.51896655,0.58180679,0.5519814,0.34841103,0.42194634,15.68304501,15.70473397,1,1,113.5497431,1
2159,0.51895063,0.55714792,0.52712314,0.38944406,0.40350991,16.03442149,16.11883484,1,1,100.60492176,1
2160,0.51871284,0.55585145,0.52697617,0.43163548,0.38543975,15.81034591,15.88822659,1,1,228.30169519,1
2161,0.50943106,0.5393713,0.53920807,0.47151547,0.4076214,15.60211165,15.62226675,1,1,101.33462736,1
2162,0.49180555,0.52253907,0.53734162,0.35214639,0.36823688,15.94915966,16.07493769,1,1,780.91198823,0
2163,0.49073547,0.52623398,0.54461706,0.24885871,0.43119306,15.73437467,15.76453675,1,1,100.0340926,0
2164,0.47971805,0.53469378,0.54944138,0.1340433,0.49226887,16.09112719,16.13909915,1,1,116.79456166,0
2165,0.50102914,0.52223863,0.53426542,0.02458667,0.49456073,15.25922528,15.32817913,1,1,1569.84139624,0
2166,0.50092105,0.52161024,0.53447089,0,0.51614317,15.90469295,15.97698674,1,1,423.60605757,0
2167,0.45071524,0.47408344,0.50653038,0.08804644,0.55669704,15.78939739,15.87296552,1,1,1527.49516596,0
2168,0.44357618,0.40642168,0.48236318,0.21616893,0.59985549,15.53021878,15.59061708,1,1,100.00419175,0
2169,0.44297399,0.30532292,0.41365,0.33798252,0.5796716,15.56818607,15.70414635,1,1,102.14115758,0
2170,0.41126885,0.24705687,0.39496681,0.46122274,0.64068812,16.15719576,16.17917398,1,1,1380.59804458,0
2171,0.40679781,0.20817165,0.36027251,0.41142564,0.70118742,15.5442166,15.59784767,1,1,1068.322247,0
2172,0.40703686,0.20942538,0.36021334,0.53319067,0.76259456,15.61315299,15.76428926,1,1,1254.16618058,0
2173,0.4948859,0.2969826,0.39636099,0.65246275,0.70195066,16.10771169,16.21136484,1,1,100.01836254,0
2174,0.50523525,0.35371715,0.40846099,0.76876691,0.7588796,15.44700915,15.45458336,1,1,117.42265945,0
2175,0.54913703,0.44293976,0.46329033,0.88338266,0.81269461,15.64960573,15.72599102,1,1,1584.51828092,0
2176,0.57138757,0.54289847,0.48349599,0.96540611,0.86498232,15.65518232,15.74140678,1,1,1542.24152343,0
2177,0.60392542,0.632516,0.50865834,1,0.91532243,15.51498756,15.54221159,1,1,165.4476892,0
2178,0.63578991,0.67666471,0.56110082,1,0.8496927,15.70093813,15.70586602,1,1,122.52294341,0
2179,0.62558281,0.73007991,0.55926455,0.88112845,0.78779568,15.41940479,15.48405939,1,1,125.16647508,0
2180,0.62570781,0.73028879,0.55937267,0.76703025,0.83857192,15.92709203,15.9592002,1,1,100.01379652,0
2181,0.58472061,0.69249817,0.56725406,0.88085369,0.89320058,15.54483782,15.68343633,1,1,103.56933015,0
2182,0.54768865,0.62812979,0.53754518,0.99270707,0.86876621,15.35321743,15.40839783,1,1,131.12502731,0
2183,0.50168239,0.54390039,0.53116262,1,0.91536664,15.32022584,15.3564886,1,1,108.85034143,0
2184,0.47706037,0.45404863,0.50645888,1,0.92603433,15.7475278,15.77945474,1,1,1557.68373824,1
2185,0.44067512,0.39315029,0.49566871,1,0.93701242,15.35923811,15.49950251,1,1,100.00284836,1
2186,0.43336969,0.36340061,0.47213738,1,0.93806462,15.5983848,15.74343283,1,1,1582.83182156,1
2187,0.43324041,0.36540131,0.47200176,0.9522852,0.91703517,15.47440406,15.59402833,1,1,102.94230511,1
2188,0.50047697,0.44030324,0.4904042,0.90341576,0.89980165,15.63676792,15.66287445,1,1,239.13129269,1
2189,0.50167853,0.45052378,0.47726807,0.86144176,0.89608951,15.52620474,15.54518116,1,1,973.72209527,1
2190,0.51751018,0.45203604,0.4901502,0.83037038,0.87227253,15.31445984,15.40861148,1,1,100.00701894,1
2191,0.52176551,0.45193767,0.4833999,0.86033984,0.87213991,15.49584131,15.57130888,1,1,107.38015696,1
2192,0.5163683,0.45709916,0.4865732,0.8632498,0.87896935,16.1145794,16.26630571,1,1,1322.86660334,1
2193,0.52542098,0.45423408,0.49040208,0.89598334,0.89080037,15.66789439,15.71574822,1,1,100.00002907,1
2194,0.52073019,0.4426824,0.49801897,0.92054236,0.89839748,15.69796379,15.80892916,1,1,993.45153367,1
2195,0.52071101,0.4432755,0.49820494,0.89557885,0.88850569,15.3658011,15.47507967,1,1,100.25306087,1
2196,0.55207628,0.43781678,0.51582334,0.92681187,0.86264552,15.89383385,16.02546365,1,1,1407.37182923,1
2197,0.54512902,0.42493083,0.51792198,0.95754413,0.87528753,15.56774503,15.59205052,1,1,270.22982467,1
2198,0.52619125,0.45616182,0.51002112,0.91443991,0.84778395,15.57736817,15.60128836,1,1,294.8205328,1
2199,0.54372149,0.46071478,0.51106854,0.86635146,0.82082969,15.81612954,15.96874632,1,1,1578.67094732,1
2200,0.52975023,0.46255418,0.51109488,0.82018529,0.83360428,15.80871652,15.82981198,1,1,1463.61962181,1
2201,0.529913,0.46266399,0.51109736,0.8010291,0.81437991,15.63676146,15.67289525,1,1,100.00969838,1
2202,0.57839638,0.44748434,0.52279199,0.83177244,0.82808558,15.64537899,15.76112945,1,1,245.60685919,1
2203,0.57254975,0.45181841,0.53337805,0.78738702,0.83266744,15.73116984,15.73351381,1,1,1531.66651854,1
2204,0.5619093,0.469257,0.53082495,0.82109883,0.84499632,15.439183,15.51835502,1,1,255.67277529,1
2205,0.548064,0.46873594,0.53557912,0.77475413,0.85302961,15.34244814,15.42072779,1,1,166.32276952,1
2206,0.53245826,0.47709933,0.51586179,0.72926799,0.82613477,15.97507366,16.02586306,1,1,100.56497225,1
2207,0.53264735,0.47796742,0.51567814,0.76468135,0.8392728,16.10319438,16.25189691,1,1,100.00453774,1
2208,0.58363951,0.41537193,0.53753975,0.77467354,0.85240069,15.70227112,15.79180001,1,1,100.59928458,1
2209,0.55803289,0.43864715,0.51941784,0.73420509,0.82786229,15.91634196,15.96035777,1,1,566.63652318,1
2210,0.53788895,0.4437746,0.53522089,0.69133491,0.82634732,15.88304083,15.9318811,1,1,1584.64912472,1
2211,0.54593455,0.46537757,0.53945858,0.65681483,0.83978098,15.6068107,15.67551064,1,1,1583.92968086,1
2212,0.53951752,0.46352015,0.53408131,0.68299166,0.85297466,15.78904502,15.82856569,1,1,100.0553844,1
2213,0.53958791,0.46328935,0.53406827,0.63933504,0.82591528,15.9439574,16.07101067,1,1,1583.65015484,1
2214,0.57079967,0.45026491,0.55559831,0.6101487,0.800822,15.51741331,15.61269161,1,1,109.96741962,1
2215,0.55952282,0.46355067,0.56200749,0.6479397,0.80303409,15.2596162,15.26742348,1,1,1581.75960618,1
2216,0.55314665,0.46889589,0.55820595,0.60742893,0.77748112,15.76674595,15.8524881,1,1,101.35601331,1
2217,0.56042483,0.48493322,0.55499863,0.56641416,0.77344954,15.82607564,15.83933726,1,1,1065.3669556,1
2218,0.53419178,0.47561428,0.55800092,0.55948901,0.74954361,15.66273997,15.77201306,1,1,171.85328838,1
2219,0.55411449,0.4773019,0.53871629,0.59820716,0.76455273,15.55147608,15.55833765,1,1,134.72502438,1
2220,0.55385573,0.47605071,0.53890272,0.55860646,0.77819637,15.70796761,15.75267088,1,1,1547.77825471,1
2221,0.56477403,0.43507495,0.55705611,0.5578795,0.7526367,15.66934293,15.68806096,1,1,1465.8295869,1
2222,0.54714458,0.43106532,0.56007291,0.5168446,0.7278686,15.54875599,15.63794957,1,1,103.35759627,1
2223,0.5484384,0.44011288,0.55967412,0.47658782,0.70422191,15.53504203,15.55589862,1,1,100.91513139,1
2224,0.53369465,0.44751532,0.54976203,0.51612407,0.71824601,15.52590772,15.54826753,1,1,1479.09066142,1
2225,0.51365566,0.45199558,0.53281099,0.55576067,0.69388174,15.30178039,15.33889392,1,1,101.10055064,1
2226,0.51398035,0.45057408,0.53300412,0.51772481,0.67103152,16.13059108,16.13919952,1,1,100.08913231,1
2227,0.58430789,0.4529243,0.54140039,0.4875817,0.64917598,15.55503039,15.64612397,1,1,100.55779409,1
2228,0.5641858,0.46892491,0.54428806,0.47915751,0.66071234,15.76153141,15.76967399,1,1,107.30858607,1
2229,0.57769277,0.46634086,0.53649762,0.51957378,0.64355952,15.54386741,15.58250522,1,1,150.70243413,1
2230,0.56832611,0.48409541,0.54143836,0.47918231,0.66068833,15.78254475,15.81359845,1,1,1259.25396904,1
2231,0.53628381,0.47500493,0.54862725,0.44582918,0.63767628,15.55168486,15.64179578,1,1,524.46395246,1
2232,0.53628891,0.47533922,0.54884701,0.48679388,0.65480172,16.17156516,16.24099443,1,1,170.78122399,1
2233,0.55533898,0.42569683,0.55815078,0.51687209,0.67170198,15.93260865,16.03250293,1,1,1573.49860995,1
2234,0.54232027,0.43094496,0.57192344,0.53339537,0.68587081,15.95781949,15.99562744,1,1,100.01475884,1
2235,0.51989409,0.44986139,0.57003447,0.49272746,0.66218557,16.07595474,16.11523668,1,1,169.36173828,1
2236,0.5109156,0.46116375,0.5647292,0.53286487,0.65330255,15.41777132,15.50222415,1,1,102.67386614,1
2237,0.5014936,0.47046176,0.55767711,0.57145933,0.65445027,15.39028447,15.50053435,1,1,100.17236579,1
2238,0.50136444,0.47060556,0.55776955,0.53511147,0.63655379,15.96924612,16.05215095,1,1,999.22124887,1
2239,0.45019144,0.47916362,0.55629645,0.5740952,0.61382457,15.34097755,15.38654624,1,1,157.13540199,1
2240,0.46785354,0.47683629,0.55257934,0.61140318,0.59185003,15.72637333,15.84289275,1,1,1556.20732967,1
2241,0.47128416,0.45813394,0.56331632,0.64872832,0.60946423,15.52119997,15.63040352,1,1,100.41579834,1
2242,0.48969325,0.45049475,0.55059998,0.60688747,0.58728744,15.75731973,15.86327406,1,1,113.54499277,1
2243,0.4927564,0.45642748,0.54425898,0.62589206,0.60291543,15.66221432,15.77761479,1,1,135.17048442,1
2244,0.49254027,0.45610254,0.54441253,0.58915776,0.58087351,15.65805259,15.78670673,1,1,1584.86578873,1
2245,0.49505838,0.48901178,0.55375704,0.55278056,0.59925604,15.63626101,15.7907978,1,1,250.09014117,1
2246,0.50057885,0.48345392,0.55585158,0.51385519,0.61726302,15.68170695,15.73323531,1,1,100.03707463,1
2247,0.49755927,0.46763054,0.54618143,0.5176719,0.61520422,16.34386738,16.37317677,1,1,133.35077103,1
2248,0.49590712,0.47034379,0.52741263,0.47761887,0.63260951,16.41605022,16.4434745,1,1,1584.8164829,1
2249,0.49542286,0.47106189,0.52757315,0.4946791,0.60995858,15.76659142,15.86227107,1,1,1580.04598937,1
2250,0.50579327,0.5319976,0.54691616,0.48116494,0.61319966,15.44859521,15.56395882,1,1,103.99534722,1
2251,0.49897679,0.52936188,0.51425272,0.4432426,0.59144417,15.71886531,15.73544161,1,1,1482.65258024,1
2252,0.52006106,0.53768516,0.52625353,0.48360567,0.56962942,15.43059054,15.51325224,1,1,263.10615844,1
2253,0.51464601,0.52538031,0.52431452,0.4815684,0.54830785,15.71368142,15.77357192,1,1,152.90306757,1
2254,0.5148538,0.52459758,0.52424176,0.51639985,0.56725581,15.63176444,15.7058088,1,1,519.85511037,1
2255,0.4876928,0.47124072,0.53593011,0.47609543,0.56588003,15.35308543,15.4709446,1,1,970.80052799,1
2256,0.4831257,0.47926318,0.52977913,0.51652054,0.54457793,15.47294395,15.51204813,1,1,113.60986705,1
2257,0.48061728,0.47866625,0.51926376,0.55528566,0.56240658,16.12864944,16.2622405,1,1,104.06613195,1
2258,0.47881533,0.4769107,0.5327013,0.51662885,0.5747108,16.01600058,16.01779027,1,1,107.58570182,1
2259,0.47262528,0.4836848,0.53774738,0.55629504,0.55928328,15.94934077,16.02882931,1,1,100.01776372,1
2260,0.47249821,0.48417555,0.53754841,0.51530331,0.5384763,15.70750139,15.84540155,1,1,188.93874679,1
2261,0.46407547,0.55895418,0.55686614,0.48221581,0.55770675,15.66998432,15.72865216,1,1,179.17950556,1
2262,0.47243818,0.52845976,0.54290769,0.44567745,0.5510921,15.50229375,15.61637128,1,1,101.40198243,1
2263,0.50012921,0.54196211,0.55129586,0.48674754,0.53007292,15.66000732,15.7886661,1,1,104.59354092,1
2264,0.49101637,0.52992491,0.54259457,0.52700387,0.50956953,15.79300206,15.87214374,1,1,1575.88971459,1
2265,0.49500739,0.52477195,0.54115178,0.48692024,0.52933696,15.96519459,16.00184127,1,1,394.0851001,1
2266,0.49507654,0.52480599,0.54117395,0.5237959,0.53375646,15.49707417,15.56097452,1,1,1530.18826932,1
2267,0.47335982,0.56204899,0.56212727,0.56183661,0.54654229,15.50699164,15.58167173,1,1,1584.87758056,1
2268,0.48040233,0.54078615,0.54564518,0.67846941,0.60409759,15.89285832,15.98284213,1,1,109.04765484,0
2269,0.4866511,0.52128854,0.54176426,0.79220883,0.54825983,15.72898962,15.79442969,1,1,100.00486778,0
2270,0.4875987,0.52978446,0.52129387,0.74364887,0.59334162,15.60621591,15.6585275,1,1,1066.63248033,0
2271,0.51736949,0.51399088,0.52606873,0.62928924,0.64844386,15.3448949,15.41892228,1,1,449.02594662,0
2272,0.5175436,0.51344682,0.52601486,0.74599479,0.58586891,15.93287229,16.02124128,1,1,887.9975686,0
2273,0.51617657,0.49412777,0.43795884,0.75107145,0.63012368,15.67259271,15.78700486,1,1,107.07245598,0
2274,0.55448602,0.43890627,0.34999971,0.82752761,0.67904112,15.5863324,15.62498665,1,1,104.24122808,0
2275,0.58950977,0.38080026,0.24864498,0.90701178,0.6125007,15.78437623,15.88778074,1,1,107.20861798,0
2276,0.61415121,0.32924242,0.18074733,1,0.60503848,16.08072242,16.08886106,1,1,1560.74078583,0
2277,0.61421853,0.32804273,0.18094136,0.87365957,0.65500005,15.94555397,16.10329653,1,1,196.31261412,0
2278,0.62410544,0.34573128,0.2918177,0.91285654,0.58776459,15.64093247,15.67508066,1,1,1581.79843775,0
2279,0.57757988,0.40074341,0.39236316,1,0.52305326,15.60800827,15.75423258,1,1,100.08315066,0
2280,0.50703544,0.49712915,0.52676417,1,0.48053326,15.90803502,15.94752504,1,1,1578.78179799,0
2281,0.43191834,0.57226732,0.65161703,1,0.41107891,15.81447164,15.85116302,1,1,758.06217993,0
2282,0.37278371,0.60526455,0.76360569,1,0.39893577,15.99733912,16.08251589,1,1,1532.58075792,0
2283,0.34484735,0.66540197,0.86130758,0.95017495,0.3831987,15.68995711,15.71830518,1,1,1557.04677052,1
2284,0.34457762,0.66575106,0.86144378,0.97333344,0.36567466,15.45713214,15.51344957,1,1,160.96806647,1
2285,0.32681832,0.71075057,0.89187851,0.92386681,0.360559,15.66841859,15.78225942,1,1,100.46295573,1
2286,0.33416475,0.74151785,0.86929575,0.95538923,0.34342208,16.15170707,16.20478499,1,1,387.5520426,1
2287,0.34573668,0.71903526,0.8806412,0.98600215,0.36655207,15.32403243,15.44255609,1,1,1584.88716767,1
2288,0.36740369,0.71088713,0.85694754,1,0.34938822,15.75405151,15.77650195,1,1,1581.15386387,1
2289,0.38655055,0.68588512,0.84162788,0.96166393,0.37238639,15.43341982,15.44439097,1,1,193.37670534,1
2290,0.40360922,0.67810033,0.84029272,0.99237008,0.39247708,15.56636308,15.56667767,1,1,108.08330759,1
2291,0.41401343,0.67551155,0.85786764,1,0.37463198,15.80056809,15.87140169,1,1,314.30872991,1
2292,0.40218732,0.67306535,0.81931715,1,0.39713617,15.81744765,15.86887078,1,1,110.75897421,1
2293,0.42794692,0.67276073,0.82969173,1,0.37967244,15.81422878,15.83887805,1,1,122.23355265,1
2294,0.42795731,0.67271667,0.82969389,0.95003181,0.40165232,15.63725762,15.67801889,1,1,1404.32741704,1
2295,0.39979629,0.7440984,0.86445047,0.91208783,0.38372955,15.80666146,15.816309,1,1,746.86009577,1
2296,0.41754801,0.72100723,0.84160348,0.94384599,0.36625241,15.60785014,15.62634944,1,1,100.00000214,1
2297,0.42946214,0.70983962,0.83495475,0.97496845,0.37457219,15.14803956,15.2048409,1,1,100.00005998,1
2298,0.42278851,0.69770694,0.84498094,1,0.3570905,16.34053829,16.4988367,1,1,101.60211869,1
2299,0.44084407,0.70151783,0.83513965,0.95633364,0.37989503,15.7663447,15.80294402,1,1,100.52699068,1
2300,0.45280081,0.67077121,0.80716289,0.98212335,0.4019474,15.69008075,15.78325579,1,1,193.30161004,1
2301,0.45544569,0.65656528,0.78633078,0.93386018,0.38442352,15.77469915,15.86267304,1,1,1524.95449947,1
2302,0.45577209,0.655584,0.78623305,0.96082263,0.40673375,16.17690587,16.30635988,1,1,112.91733972,1
2303,0.41833936,0.67360892,0.8187174,0.91162513,0.41645858,15.59947524,15.74051179,1,1,948.53084004,1
2304,0.44772783,0.66600768,0.79403358,0.90487756,0.43752711,15.78125276,15.80531369,1,1,102.98714231,1
2305,0.43922925,0.67394532,0.80820262,0.85713782,0.44884082,15.32943396,15.41041821,1,1,1527.66352347,1
2306,0.44157231,0.66527979,0.78270382,0.88973357,0.46986248,16.04232511,16.08760948,1,1,1549.82058354,1
2307,0.45975271,0.65988378,0.76963603,0.92189969,0.4505023,15.27524208,15.29984551,1,1,100.0315406,1
2308,0.46950343,0.64346182,0.77650166,0.95176973,0.43149779,15.79937503,15.86525743,1,1,100.32701843,1
2309,0.47563986,0.62895169,0.74714737,0.98272064,0.45159422,15.66881561,15.82060824,1,1,100.88323235,1
2310,0.47557184,0.62833819,0.7471734,0.93307036,0.45371671,16.08123956,16.09467258,1,1,206.63576614,1
2311,0.44145581,0.67603217,0.75070467,0.96440438,0.47462133,15.58190912,15.62028707,1,1,102.22676953,1
2312,0.43816999,0.64296791,0.75251995,0.91545309,0.45513496,15.46753105,15.60304147,1,1,1579.34696605,1
2313,0.45257831,0.63459815,0.76072994,0.88604966,0.47270026,15.42512718,15.45012234,1,1,101.49097935,1
2314,0.45026779,0.63812183,0.74670553,0.84916245,0.45350936,15.36225616,15.43970444,1,1,101.06256408,1
2315,0.4700901,0.62026875,0.7212302,0.81215965,0.46537102,16.25205273,16.25311073,1,1,100.03416536,1
2316,0.47879458,0.61001996,0.73606152,0.81167526,0.44606361,15.75699724,15.89428978,1,1,134.84029196,1
2317,0.4788731,0.60818512,0.73601402,0.84504857,0.43573306,15.60549414,15.74469708,1,1,1584.21923852,1
2318,0.4657159,0.64772278,0.76247159,0.79815967,0.41858729,15.58949664,15.60769961,1,1,164.34361199,1
2319,0.4530145,0.64629009,0.73081909,0.83198081,0.42083697,15.57910717,15.65722763,1,1,731.45052571,1
2320,0.48436003,0.65354285,0.70495766,0.86386722,0.4424201,15.97943279,16.04721482,1,1,100.00014378,1
2321,0.47407696,0.62669889,0.70172208,0.89642063,0.45228604,15.29927853,15.39786471,1,1,100.14809677,1
2322,0.47860633,0.61831567,0.69533552,0.8492978,0.47313544,16.43281428,16.43350485,1,1,100.01941509,1
2323,0.47857523,0.61781081,0.69531608,0.87600836,0.45370552,15.97947024,15.99305406,1,1,206.27991437,1
2324,0.45507598,0.65487667,0.71890964,0.87401666,0.4732149,15.82513779,15.87105125,1,1,1055.34842443,1
2325,0.44632927,0.65304012,0.68482563,0.82657467,0.48692572,16.07311734,16.16809351,1,1,1546.72650773,1
2326,0.46106136,0.61766154,0.67540732,0.78331094,0.46719981,15.65147121,15.65587244,1,1,1578.36048221,1
2327,0.45491514,0.62514438,0.66808706,0.740288,0.48778372,15.70237526,15.71751713,1,1,1556.83380898,1
2328,0.48546614,0.61061588,0.66868809,0.69607443,0.50779497,15.87504045,15.93831957,1,1,103.56349808,1
2329,0.47820169,0.59900042,0.66466124,0.73049137,0.49955239,15.68607647,15.70558366,1,1,100.00434976,1
2330,0.4784857,0.59928346,0.66444839,0.73941877,0.47959089,15.88410559,15.95702132,1,1,100.00022315,1
2331,0.47390265,0.63798883,0.68513989,0.75057792,0.46113429,15.51651444,15.65677376,1,1,132.79256115,1
2332,0.46053123,0.62937306,0.68775608,0.77893984,0.45795815,15.95797836,16.00810828,1,1,399.51555841,1
2333,0.46776763,0.62377736,0.67139689,0.75154001,0.4678985,15.44330225,15.50343791,1,1,1582.16414036,1
2334,0.48635353,0.58680081,0.65405856,0.72143855,0.48850531,15.55932128,15.60292183,1,1,141.87749258,1
2335,0.49161765,0.58277128,0.65865842,0.75669321,0.50873096,15.67133595,15.67537997,1,1,105.77550587,1
2336,0.48314598,0.58349749,0.65748032,0.71257249,0.49294138,15.87317652,15.99905406,1,1,1249.00844014,1
2337,0.48317063,0.58334716,0.65777855,0.66832495,0.51169314,15.86304269,15.92138969,1,1,212.05210139,1
2338,0.45880256,0.59282248,0.66393288,0.62683522,0.5265048,15.5834383,15.59252291,1,1,993.95983979,1
2339,0.46842336,0.59390563,0.67211698,0.59133274,0.54002986,15.31830473,15.446505,1,1,1452.0955308,1
2340,0.46085476,0.60078466,0.67135238,0.54950659,0.55921518,15.8263132,15.86943821,1,1,210.2061026,1
2341,0.48583161,0.57113901,0.64171867,0.51823702,0.5383567,15.59201836,15.7418542,1,1,164.35211572,1
2342,0.46773743,0.56992961,0.62344324,0.55787175,0.54928304,15.70151869,15.81113419,1,1,1575.13390946,1
2343,0.46777749,0.56962694,0.62353536,0.58657263,0.52976217,16.00273144,16.04740899,1,1,162.08594715,1
2344,0.42968169,0.61855253,0.63320674,0.56311395,0.51091668,15.3633608,15.45478805,1,1,274.01814389,1
2345,0.45510632,0.60682123,0.64582695,0.5955343,0.52925144,15.2351345,15.26813858,1,1,100.04934747,1
2346,0.46823273,0.60279533,0.63536152,0.63351578,0.5447305,15.33740549,15.36383711,1,1,349.39626578,1
2347,0.45091352,0.58134373,0.61802618,0.63968332,0.54349274,15.25721435,15.38798379,1,1,1026.83346686,1
2348,0.46841653,0.56058989,0.61314491,0.60368823,0.52265987,15.32796762,15.43792073,1,1,1582.7049443,1
2349,0.47484619,0.55690614,0.61751496,0.62597686,0.50220718,15.85318635,15.86367771,1,1,1584.73443493,1
2350,0.47468097,0.55790278,0.61752477,0.58382283,0.48216305,15.58777639,15.63765919,1,1,1502.32608231,1
2351,0.45505318,0.58507329,0.62748154,0.58495329,0.46459426,15.59684339,15.67125779,1,1,1567.28184467,1
2352,0.47186622,0.60120617,0.6144775,0.55413933,0.48530229,15.88589441,15.97672523,1,1,100.36182292,1
2353,0.48214091,0.56332437,0.6183796,0.59258728,0.4656083,15.49100394,15.4983292,1,1,100.0014288,1
2354,0.48596807,0.56328369,0.60383879,0.55087281,0.48111513,15.66959324,15.6905749,1,1,636.2367701,1
2355,0.49483208,0.55780809,0.59515612,0.5098556,0.46335374,15.46052028,15.46528467,1,1,881.72467214,1
2356,0.49464617,0.55845107,0.59500129,0.49128183,0.44408673,15.62465008,15.76302128,1,1,109.1837818,1
2357,0.46973047,0.58291825,0.59210936,0.52355798,0.46518814,15.72563455,15.79124462,1,1,1580.18614828,1
2358,0.48256121,0.57543673,0.59164035,0.56304901,0.48586584,16.04819565,16.06284169,1,1,1568.57119264,1
2359,0.49463105,0.58318899,0.59223555,0.60140892,0.49470485,15.87602065,15.96861594,1,1,320.35169905,1
2360,0.49609992,0.5480379,0.59961145,0.63727901,0.51442343,15.12866941,15.20332902,1,1,867.13897408,1
2361,0.51730694,0.56113387,0.57891064,0.67433734,0.53413304,15.79355052,15.94577598,1,1,1533.04795639,1
2362,0.51745817,0.56161994,0.57877211,0.63653644,0.54669082,15.80110792,15.90923389,1,1,310.28503036,1
2363,0.48361041,0.5639742,0.60697719,0.59571162,0.52914667,15.88970427,16.0295806,1,1,132.24265457,1
2364,0.48634987,0.54221279,0.59000156,0.62525652,0.54847421,15.84823227,15.8505396,1,1,309.8376198,1
2365,0.49324158,0.55166014,0.58066662,0.66268963,0.56706765,15.46299804,15.51920633,1,1,722.82535699,1
2366,0.48041943,0.54968203,0.58382207,0.62580223,0.54575368,15.42951417,15.46310864,1,1,142.33396443,1
2367,0.50530099,0.53719173,0.58499758,0.66212114,0.52625046,15.79836781,15.82324528,1,1,1583.54306995,1
2368,0.5066713,0.54669958,0.56961327,0.69860378,0.54216261,15.53232271,15.6138104,1,1,1542.70464292,1
2369,0.50683388,0.5471884,0.56952064,0.65463238,0.52132292,15.4469001,15.52818456,1,1,560.75574804,1
2370,0.48312859,0.50217293,0.5611352,0.69117594,0.5398701,15.25901071,15.39050933,1,1,100.00074844,1
2371,0.48609745,0.49784773,0.52190456,0.72687731,0.51907273,15.72898672,15.84417232,1,1,100.11523184,1
2372,0.48676216,0.51621326,0.49619835,0.73808039,0.53485004,16.14767377,16.27478983,1,1,903.05772065,1
2373,0.46750711,0.52310245,0.4602317,0.69332452,0.51419978,15.75403823,15.90542516,1,1,1321.80879474,1
2374,0.46775229,0.52316592,0.46008893,0.64995598,0.53000597,15.68097516,15.79745766,1,1,1575.00447268,1
2375,0.4623976,0.55752674,0.47105511,0.68694616,0.54940006,16.09124692,16.09964327,1,1,105.88480102,1
2376,0.45627447,0.55844697,0.46781263,0.64782025,0.53280986,15.53379392,15.68841748,1,1,353.34440433,1
2377,0.46371573,0.55099782,0.4849008,0.68186658,0.55204985,15.78372982,15.85133546,1,1,100.00437214,1
2378,0.46862856,0.53152601,0.48710413,0.63863227,0.53284732,15.52229739,15.59833583,1,1,1537.72917219,1
2379,0.47804907,0.5325886,0.4864957,0.62409845,0.52428687,15.66013383,15.7684311,1,1,100.00296875,1
2380,0.48547546,0.51870567,0.47555765,0.58528825,0.50406617,15.69013008,15.78414552,1,1,100.00833402,1
2381,0.48564404,0.51916505,0.47553651,0.62353423,0.49685718,15.55904087,15.62793583,1,1,101.13746178,1
2382,0.49580456,0.62656285,0.48873584,0.66106287,0.47693111,15.91643602,16.06217836,1,1,275.32733959,1
2383,0.50293653,0.60413736,0.49226491,0.6688585,0.49720533,15.6530278,15.80176621,1,1,103.68613915,1
2384,0.51184536,0.58110234,0.50048525,0.6264404,0.49159221,16.2158957,16.36266481,1,1,101.81608381,1
2385,0.53116301,0.59807781,0.49031207,0.65464356,0.47176076,15.59019291,15.67791717,1,1,100.98107808,1
2386,0.52760487,0.58152829,0.49701639,0.63597548,0.49232554,15.27564997,15.40986934,1,1,101.30922772,1
2387,0.5274283,0.58045,0.49719027,0.59327085,0.51240378,15.64929001,15.72874176,1,1,102.53235944,1
2388,0.51381599,0.58559635,0.51100295,0.62212633,0.53197493,15.64469514,15.64803587,1,1,1584.84634276,1
2389,0.49334769,0.57114915,0.49869548,0.60245203,0.54815307,15.71329368,15.74359806,1,1,842.22291848,1
2390,0.49125205,0.55140847,0.52698213,0.56060941,0.54668773,15.8684081,15.87973321,1,1,176.89967696,1
2391,0.49249649,0.54536911,0.51715262,0.52047977,0.56555193,15.57438624,15.6147229,1,1,1530.53470252,1
2392,0.49447619,0.56012697,0.50497964,0.56005535,0.58418392,15.50466344,15.56970639,1,1,440.90369913,1
2393,0.51346124,0.53594658,0.52076631,0.5770666,0.59536342,15.69781007,15.83468334,1,1,1584.70827576,1
2394,0.51360493,0.53537506,0.52067057,0.53626857,0.58804657,15.83379497,15.84273667,1,1,1580.06726462,1
2395,0.49013215,0.50638097,0.54875786,0.516691,0.56631477,15.71001288,15.83675103,1,1,105.72549518,1
2396,0.50290357,0.51510228,0.53037361,0.47643952,0.57824226,15.34831706,15.40613914,1,1,108.02637888,1
2397,0.49330843,0.49752693,0.54381977,0.44447625,0.55669575,15.68118423,15.83419824,1,1,1578.60685221,1
2398,0.48599081,0.52236162,0.52873515,0.47140276,0.54045637,15.96841533,16.02162282,1,1,1523.22080441,1
2399,0.49020128,0.51839856,0.52424571,0.49777634,0.5492115,15.98909464,16.09416492,1,1,151.17825472,1
2400,0.4904048,0.51934519,0.52412752,0.46216093,0.56486679,15.36947578,15.39520669,1,1,1580.03889181,1
2401,0.48382366,0.55178791,0.53594101,0.42344314,0.58332898,15.64140931,15.70070182,1,1,1557.83873639,1
2402,0.48456866,0.55120083,0.54345585,0.46496482,0.5925829,15.98533935,16.02849163,1,1,143.02793621,1
2403,0.48446415,0.53495269,0.52636348,0.42765677,0.61025603,15.81898746,15.88800167,1,1,763.28636993,1
2404,0.50318214,0.5272221,0.52461138,0.46860301,0.61898496,15.57564524,15.63407138,1,1,293.98804779,1
2405,0.48571942,0.51681267,0.51955256,0.50902851,0.63655984,15.87180343,16.01128006,1,1,106.75340677,1
2406,0.48546331,0.51669028,0.51939585,0.47085703,0.65313583,15.76620181,15.79194515,1,1,100.00035646,1
2407,0.51877088,0.61323672,0.52492487,0.43145233,0.63010592,15.61102234,15.65458383,1,1,100.68768516,1
2408,0.52645919,0.5827699,0.54359195,0.47282318,0.6474917,15.74370623,15.76183304,1,1,1480.54813421,1
2409,0.52290437,0.59676422,0.51222671,0.51310128,0.62459472,15.51679791,15.54368362,1,1,1288.1253027,1
2410,0.52224411,0.58568289,0.51724514,0.55022216,0.60210762,15.07376123,15.1137867,1,1,103.76062518,1
2411,0.52247968,0.58758327,0.51718005,0.58725462,0.61969816,15.86552659,15.94549255,1,1,100.05628242,1
2412,0.50324212,0.57279161,0.53290853,0.59063177,0.6272449,15.63195083,15.78225802,1,1,100.60798229,1
2413,0.49162387,0.59310381,0.53634907,0.54976843,0.60820726,15.27052345,15.27886769,1,1,100.03785486,1
2414,0.49342579,0.5902275,0.52838816,0.58195701,0.62604174,15.55738633,15.71162229,1,1,1567.49112056,1
2415,0.51158415,0.5503966,0.52177696,0.56884366,0.64351847,15.55924674,15.68803318,1,1,332.54697859,1
2416,0.50446792,0.55953594,0.52655537,0.54165422,0.64336367,15.37511799,15.39129515,1,1,155.92241562,1
2417,0.49964268,0.55724277,0.53423868,0.5027247,0.63900838,15.92162774,16.06902154,1,1,857.59590986,1
2418,0.50448709,0.55923599,0.5449956,0.54264001,0.64858774,15.7013786,15.81882968,1,1,1584.84015475,1
2419,0.50448757,0.55918913,0.54505753,0.54853643,0.62642724,15.62099295,15.74719889,1,1,1198.61502266,1
2420,0.47803571,0.5790659,0.56915365,0.5076135,0.64389866,15.9074969,15.99993215,1,1,149.28910344,1
2421,0.49015188,0.56410152,0.55455431,0.47256371,0.65716092,15.62335612,15.69551731,1,1,100.04026439,1
2422,0.47024244,0.56209935,0.55248375,0.4576959,0.64599028,15.60277457,15.72755147,1,1,787.28104244,1
2423,0.49956187,0.55400159,0.54861851,0.42224684,0.6577403,15.61045273,15.69553448,1,1,100.12386283,1
2424,0.50588614,0.54907574,0.55785114,0.38508377,0.63514273,15.67606616,15.75874434,1,1,1399.39674124,1
2425,0.50563268,0.54912763,0.55777312,0.42139892,0.65178465,15.96831975,16.08609353,1,1,354.24691767,1
2426,0.4765327,0.54934029,0.57765007,0.46296099,0.63383645,16.14032867,16.16092351,1,1,1128.00485992,1
2427,0.50032244,0.54610614,0.55189275,0.45875436,0.61163106,16.20591157,16.36021978,1,1,178.99082037,1
2428,0.50220678,0.54495696,0.55589141,0.46870785,0.60114726,15.68914069,15.80189069,1,1,1565.16938527,1
2429,0.50776387,0.53691632,0.5448853,0.50931675,0.61719118,15.649921,15.7219922,1,1,1505.33237432,1
2430,0.50759622,0.53839198,0.57116825,0.54911779,0.63466671,15.71668483,15.7746843,1,1,100.00005112,1
2431,0.50796752,0.53885305,0.57128678,0.50819744,0.65181346,15.20006501,15.34155888,1,1,100.00359973,1
2432,0.48278425,0.56758746,0.59955422,0.54441371,0.66718287,15.50297516,15.53833481,1,1,161.74116356,1
2433,0.49531147,0.53843184,0.59709177,0.50354896,0.6455341,15.37950471,15.49699952,1,1,100.03209408,1
2434,0.5015305,0.52755563,0.58968532,0.54041947,0.62418095,15.07597326,15.08692838,1,1,746.22311168,1
2435,0.50155668,0.52735517,0.58094647,0.57958824,0.60178938,15.48067481,15.56934242,1,1,102.03898096,1
2436,0.49478089,0.5197217,0.57306078,0.61221711,0.57981437,15.88744212,16.0390256,1,1,100.58803609,1
2437,0.49476631,0.51992173,0.57295737,0.64978306,0.58133308,16.22574522,16.36227025,1,1,1397.33093109,1
2438,0.46388636,0.52636549,0.59936077,0.67396627,0.55970772,15.52219112,15.67698184,1,1,100.38751142,1
2439,0.46158302,0.53101928,0.57046932,0.66930756,0.5385599,15.89367516,15.98586451,1,1,1123.37399893,1
2440,0.47939041,0.5249077,0.5663094,0.68412841,0.52143607,15.76573154,15.91592622,1,1,102.23975385,1
2441,0.48506587,0.50472441,0.59166236,0.71667292,0.50943314,15.51431443,15.6220168,1,1,1584.89246326,1
2442,0.49976688,0.51263793,0.56390252,0.75190714,0.52759191,15.90116514,16.02308014,1,1,124.50560053,1
2443,0.49981644,0.51300195,0.56382679,0.70723772,0.51218851,15.50313509,15.57204783,1,1,1492.17446862,1
2444,0.46752144,0.51764613,0.57971008,0.66309334,0.53192129,15.69918523,15.76694548,1,1,1584.66271616,1
2445,0.48020575,0.50844042,0.57676,0.62286288,0.55122858,15.46239306,15.56046523,1,1,339.35972345,1
2446,0.46211681,0.49604081,0.5522325,0.58048376,0.56973379,15.64521149,15.78037234,1,1,1571.3448945,1
2447,0.48410415,0.49059632,0.54762176,0.53968466,0.58816432,15.76590597,15.89352034,1,1,101.07082595,1
2448,0.48415688,0.49102672,0.54769382,0.57231952,0.56680064,15.29953629,15.3877743,1,1,124.70559634,1
2449,0.53787074,0.57341575,0.56915458,0.61087289,0.54567967,15.51277871,15.5280743,1,1,553.24602292,1
2450,0.54852743,0.57735093,0.55781065,0.56865582,0.52586855,15.86148143,15.86299442,1,1,1393.6499557,1
2451,0.54269156,0.56133093,0.53176057,0.54522307,0.54534974,16.15325988,16.17960874,1,1,100.21939888,1
2452,0.54595261,0.5604549,0.53620133,0.58325079,0.56439525,15.97087122,16.03019769,1,1,1550.61893552,1
2453,0.55269591,0.54360563,0.53387641,0.5415978,0.54320846,15.42511396,15.55612578,1,1,1584.75208663,1
2454,0.55239095,0.5429238,0.53395194,0.51868012,0.56228842,15.69372033,15.74319914,1,1,113.23223018,1
2455,0.57268448,0.50795947,0.56160505,0.55273938,0.57952545,15.3763537,15.37819583,1,1,1584.55571025,1
2456,0.5575442,0.52975533,0.54456708,0.5116846,0.59210706,15.69544182,15.83410319,1,1,100.36757913,1
2457,0.55043375,0.51440959,0.54745677,0.47145151,0.57026646,15.40513298,15.43763105,1,1,1578.40234808,1
2458,0.52528532,0.54048475,0.53772729,0.51185045,0.56975095,16.25194862,16.25774873,1,1,1560.48071207,1
2459,0.53804125,0.54569887,0.54795598,0.55161289,0.58835591,15.42625946,15.53248398,1,1,1352.64054335,1
2460,0.53799568,0.54644043,0.54819529,0.51079611,0.60653387,15.9690613,15.9730613,1,1,267.74178051,1
2461,0.51057048,0.53446537,0.57737775,0.52538758,0.58522103,16.06645759,16.10656386,1,1,102.0792226,1
2462,0.50567834,0.5413828,0.54684092,0.52112339,0.60252417,15.71395438,15.83779567,1,1,126.01285515,1
2463,0.51016756,0.52896309,0.55357729,0.5091281,0.62032033,15.44460965,15.51708816,1,1,1580.26407956,1
2464,0.51161095,0.52650568,0.54851429,0.5001814,0.61777282,15.74021991,15.83465485,1,1,1558.25100759,1
2465,0.5063497,0.51536105,0.55936074,0.46017795,0.63539632,15.42666428,15.49288266,1,1,103.76870275,1
2466,0.5044412,0.5267587,0.55294236,0.42858611,0.6128229,15.79271088,15.79912327,1,1,101.13908818,1
2467,0.50462923,0.52735588,0.55275751,0.40604634,0.59065309,15.66173805,15.75654187,1,1,100.00226745,1
2468,0.46365605,0.55482642,0.56113915,0.36825071,0.60852983,15.80909988,15.88873254,1,1,100.05241348,1
2469,0.46796917,0.54584918,0.56008657,0.33088792,0.5863741,15.47878344,15.49951123,1,1,105.64770797,1
2470,0.49888514,0.54535322,0.54916805,0.37317524,0.60293741,15.74433545,15.75075169,1,1,733.88569082,1
2471,0.48392127,0.53953127,0.5430953,0.40599625,0.60374798,15.77102587,15.88126653,1,1,152.80484164,1
2472,0.487972,0.5312827,0.54829289,0.36789078,0.58908166,16.01712712,16.13364804,1,1,1479.26211495,1
2473,0.48807098,0.53017725,0.54823743,0.33078615,0.60221886,15.56511265,15.70838634,1,1,1509.04112098,1
2474,0.51611757,0.59896194,0.56684644,0.29742343,0.58790371,15.52862501,15.67800033,1,1,100.16244921,1
2475,0.52702556,0.59199953,0.54048897,0.2677091,0.60588706,15.41529356,15.51104746,1,1,1393.85432547,1
2476,0.55333863,0.57786546,0.53924908,0.30892005,0.58557499,15.66535583,15.78913668,1,1,164.37659745,1
2477,0.53802494,0.59812868,0.5355386,0.31534299,0.60386112,15.63079011,15.66224667,1,1,1166.67213331,1
2478,0.56407536,0.57568671,0.52151566,0.33073628,0.62112562,15.48419366,15.56802013,1,1,434.68593455,1
2479,0.56425531,0.57469095,0.52171113,0.36522337,0.60543091,15.56428236,15.60905133,1,1,1583.65911057,1
2480,0.55745595,0.52190742,0.53865349,0.33144428,0.61519542,15.71619496,15.83024174,1,1,1043.11270859,1
2481,0.55291897,0.53107238,0.53835051,0.37461315,0.62781464,15.55612106,15.60250778,1,1,1387.42200846,1
2482,0.53995868,0.51975862,0.52829417,0.33769554,0.60540952,15.68281424,15.70218611,1,1,120.61577339,1
2483,0.51683876,0.52840466,0.52963058,0.33900541,0.58353273,15.92639455,16.01550215,1,1,194.41670754,1
2484,0.5243474,0.52561431,0.52730888,0.35610166,0.56187234,15.87888233,15.99226639,1,1,176.66920827,1
2485,0.52077144,0.52444329,0.5359456,0.34889325,0.56289502,15.56694842,15.67022266,1,1,105.20528353,1
2486,0.5206668,0.52450865,0.53579724,0.39058797,0.5427408,15.83891717,15.88378301,1,1,100.02046345,1
2487,0.51697938,0.48704697,0.55154282,0.43277618,0.56188595,16.02282057,16.10868632,1,1,1532.04158389,1
2488,0.51026207,0.47400668,0.53489138,0.45365101,0.54173203,15.40352792,15.50562879,1,1,101.730504,1
2489,0.49899775,0.4901746,0.53112243,0.42014311,0.56009825,15.5660487,15.57327239,1,1,1040.40282751,1
2490,0.49848506,0.4783833,0.54009289,0.46152357,0.57838573,15.70415625,15.83527806,1,1,100.00550233,1
2491,0.47981336,0.49273057,0.52779368,0.42230933,0.59681701,15.4091664,15.41540776,1,1,1415.58122365,1
2492,0.48005275,0.49237839,0.52794051,0.46385089,0.61487912,15.8164168,15.9458848,1,1,104.3760858,1
2493,0.52964941,0.54922311,0.53898448,0.50455489,0.63258088,16.06423699,16.21859208,1,1,318.76436788,1
2494,0.53721311,0.56510109,0.52473655,0.50257622,0.62843516,15.56000374,15.57191301,1,1,100.00016248,1
2495,0.53511871,0.54696197,0.52637381,0.54244392,0.60589674,15.31298301,15.43354674,1,1,113.96501364,1
2496,0.54542652,0.56207939,0.53915398,0.54807988,0.59076654,15.80069971,15.80242844,1,1,106.25605528,1
2497,0.53750548,0.55162172,0.538334,0.50980465,0.59190705,15.48412006,15.53477127,1,1,102.20577873,1
2498,0.53768422,0.55138511,0.53810793,0.54951758,0.57041018,15.74718269,15.76906124,1,1,1403.28536692,1
2499,0.53599931,0.48428482,0.54134768,0.50854544,0.58526879,15.61691033,15.76491195,1,1,1563.53162097,1
2500,0.53726211,0.50075142,0.56063511,0.46850281,0.59782028,16.10174367,16.11056996,1,1,367.05522146,1
2501,0.51658639,0.51405327,0.55743149,0.50839789,0.61433543,15.85608732,16.01235154,1,1,107.06392956,1
2502,0.49381175,0.51784607,0.55470052,0.54593563,0.62939566,15.73615051,15.86756432,1,1,784.02538961,1
2503,0.51230929,0.52360332,0.54923608,0.50571314,0.63738939,15.75666971,15.91248522,1,1,104.7890973,1
2504,0.51235945,0.52432362,0.54920659,0.5449268,0.61764319,15.4798773,15.57032627,1,1,123.26884249,1
2505,0.47901433,0.52110836,0.55757998,0.55971591,0.60165604,15.74959148,15.84143183,1,1,103.79581126,1
2506,0.48416578,0.51534468,0.5482583,0.54390285,0.61791914,15.21918676,15.34975343,1,1,1582.74309576,1
2507,0.48008194,0.49685692,0.57245425,0.55335806,0.63553307,14.80411866,14.81676895,1,1,1389.00852885,1
2508,0.46691999,0.49709969,0.5443364,0.57273981,0.61302608,15.92897842,16.02405648,1,1,100.09811069,1
2509,0.47161436,0.50692551,0.55584485,0.53136688,0.59409944,15.74028504,15.83612109,1,1,100.76048742,1
2510,0.49889023,0.50117613,0.55314768,0.56625319,0.60135535,15.91770917,16.05862039,1,1,1174.37886246,1
2511,0.49846843,0.50202411,0.55346861,0.54309415,0.59334983,15.5169088,15.61671698,1,1,100.00925777,1
2512,0.46323472,0.51902922,0.52729225,0.58220901,0.57148687,15.45187073,15.48994856,1,1,109.3522632,1
2513,0.46375982,0.50702913,0.49022317,0.56122682,0.59004557,16.01006637,16.11777933,1,1,115.14267998,1
2514,0.48910119,0.50603546,0.4621967,0.5200024,0.56844741,15.66617407,15.72830808,1,1,1528.65513423,1
2515,0.48970671,0.48542694,0.43990511,0.55955621,0.5858598,16.26485629,16.31214091,1,1,220.73730053,1
2516,0.4897658,0.48544145,0.43987203,0.51894686,0.60060803,15.24676257,15.38609646,1,1,100.23614638,1
2517,0.52933717,0.5644668,0.45621093,0.55809409,0.61859129,15.7628743,15.80266068,1,1,178.50863402,1
2518,0.54467036,0.5839217,0.48028596,0.59645184,0.61081,15.79242101,15.83326607,1,1,351.87014008,1
2519,0.55395831,0.56620685,0.50734793,0.55470539,0.58862508,16.05959996,16.12829726,1,1,385.70754248,1
2520,0.55597493,0.57776628,0.52128464,0.5216698,0.60603015,15.16138124,15.27549098,1,1,100.39875614,1
2521,0.55047257,0.54738326,0.52070214,0.48349966,0.5941617,15.28729439,15.32224755,1,1,125.12728736,1
2522,0.55043897,0.54615399,0.52064406,0.50878554,0.61219749,15.84821996,15.98754645,1,1,1584.71722591,1
2523,0.51580457,0.48150209,0.53347961,0.5461781,0.59058274,15.51648477,15.63903772,1,1,196.83560711,1
2524,0.53082804,0.48492214,0.5389199,0.50525486,0.60158481,16.07919747,16.1124598,1,1,137.1182653,1
2525,0.50215854,0.4972537,0.52621533,0.5404792,0.57972986,15.50882826,15.6186436,1,1,188.36172678,1
2526,0.52018974,0.50571005,0.52427533,0.50074275,0.56971005,15.51883239,15.60966742,1,1,1537.20730948,1
2527,0.51007577,0.4988051,0.52677775,0.46399914,0.5586124,15.42784561,15.5418407,1,1,100.06294147,1
2528,0.48753357,0.49519607,0.54428468,0.44212355,0.54999682,15.90251885,16.03495369,1,1,210.17441902,1
2529,0.48749329,0.49448409,0.54424785,0.40348282,0.52899735,16.19926477,16.29568379,1,1,100.00114054,1
2530,0.4818679,0.55670767,0.56610268,0.44541174,0.54841158,15.80289643,15.84070264,1,1,101.15269838,1
2531,0.4858055,0.54881432,0.54485615,0.47008121,0.55260687,15.73097618,15.83180287,1,1,1123.25620499,1
2532,0.4851348,0.52879886,0.54719143,0.51065826,0.54436585,15.79966854,15.81364191,1,1,1093.08296809,1
2533,0.50464744,0.53440188,0.51711917,0.47137017,0.52532699,15.70008223,15.71637121,1,1,1491.37333012,1
2534,0.50438678,0.53540977,0.51698747,0.51182134,0.50482079,15.98020892,16.04378806,1,1,131.17753067,1
2535,0.47217672,0.55311534,0.53582004,0.4915019,0.52420971,15.58416721,15.71411464,1,1,560.69205499,1
2536,0.46923076,0.53694778,0.53341933,0.52952097,0.54135352,15.87671936,15.99762579,1,1,213.92707156,1
2537,0.48004422,0.52202926,0.52263636,0.56884264,0.56029158,15.59889249,15.62038707,1,1,1374.8459365,1
2538,0.49009896,0.51062263,0.52331691,0.54410932,0.57388261,15.63549307,15.65831053,1,1,1584.41376772,1
2539,0.47130364,0.50503256,0.51811804,0.5824117,0.55241883,15.79490217,15.84358014,1,1,100.44382556,1
2540,0.47176467,0.50568142,0.51803888,0.61906552,0.5713148,15.98330494,16.00314484,1,1,100.0519255,1
2541,0.44973375,0.58023914,0.52481131,0.58284878,0.58385895,15.73850169,15.84447383,1,1,101.48671175,1
2542,0.47779221,0.55855056,0.51857734,0.54200708,0.58921917,15.79411751,15.85011835,1,1,115.74753746,1
2543,0.48251994,0.54884554,0.51921351,0.5714272,0.60658335,15.71743183,15.84148486,1,1,1584.61834592,1
2544,0.47639959,0.54004029,0.52252549,0.58679682,0.58446084,15.88762715,15.91473224,1,1,869.65303519,1
2545,0.49857385,0.51986328,0.53222771,0.61620249,0.59199808,15.85810814,15.91537629,1,1,239.0388308,1
2546,0.49873765,0.51984325,0.53209574,0.64300583,0.57104661,15.67430638,15.78289838,1,1,1583.74808419,1
2547,0.51559062,0.58575146,0.52727535,0.60054284,0.54972459,16.3920224,16.4866772,1,1,211.8193045,1
2548,0.52794007,0.57453271,0.51506213,0.63852719,0.53631673,15.45923501,15.49304163,1,1,290.88051929,1
2549,0.53345923,0.55607281,0.51132921,0.66818454,0.55559039,15.98328611,16.0788129,1,1,779.42725715,1
2550,0.53081519,0.57579659,0.51773313,0.70412649,0.53639509,15.96929247,16.00586516,1,1,1584.83707492,1
2551,0.53062727,0.57710762,0.51783347,0.6695484,0.51574915,15.60516699,15.6832923,1,1,102.85307924,1
2552,0.49223333,0.53912136,0.53896959,0.68686024,0.53521295,15.56689358,15.65949785,1,1,100.58527436,1
2553,0.49957523,0.53717318,0.53564379,0.64317662,0.55152824,15.5375413,15.66194588,1,1,1582.82894641,1
2554,0.49663181,0.53491583,0.52598597,0.67983467,0.53050591,15.69252191,15.75760717,1,1,168.33629968,1
2555,0.49926974,0.52388658,0.5399543,0.71610315,0.52573685,15.79362447,15.88424004,1,1,523.06393977,1
2556,0.48423229,0.54409496,0.53901493,0.75164039,0.54522085,15.42835863,15.43887062,1,1,101.56737354,1
2557,0.48366111,0.54371661,0.53886986,0.76470626,0.56308198,15.54623619,15.6473724,1,1,1121.07520352,1
2558,0.45832744,0.57527969,0.55725568,0.7197992,0.5531751,15.75970406,15.82401523,1,1,100.00001048,1
2559,0.4819567,0.54699023,0.55504087,0.6816961,0.56668901,15.78758031,15.79288083,1,1,1580.11245715,1
2560,0.48252793,0.55927664,0.5526095,0.71148476,0.58535501,15.294356,15.36776514,1,1,127.1498329,1
2561,0.48608818,0.53347151,0.55733312,0.70934723,0.57614056,15.65782817,15.76537844,1,1,1584.47419136,1
2562,0.50722114,0.52117253,0.53172976,0.74424481,0.59453808,15.9895456,16.14915702,1,1,100.05178718,1
2563,0.51075923,0.51611366,0.53410708,0.76479977,0.59825868,15.35559145,15.36388874,1,1,100.00000075,1
2564,0.51086291,0.51631306,0.53407185,0.73513709,0.61629348,15.29523945,15.33138986,1,1,143.14816659,1
2565,0.5582499,0.51307278,0.55073927,0.69807719,0.62788942,16.09255174,16.15644607,1,1,749.59036878,1
2566,0.53312485,0.5138707,0.5588886,0.72997995,0.60558575,16.13091147,16.27512096,1,1,1583.79752757,1
2567,0.51975058,0.54068057,0.5427163,0.76536713,0.62347382,15.86895785,16.0089553,1,1,1282.88740252,1
2568,0.51971858,0.54323739,0.53122892,0.73739378,0.64082533,15.79645552,15.8364015,1,1,1481.11403789,1
2569,0.52601588,0.55280815,0.53102698,0.69267474,0.65800651,15.80048677,15.81767382,1,1,101.25400135,1
2570,0.52648348,0.55390056,0.53106627,0.72262056,0.66794626,15.53166262,15.64483556,1,1,100.03725284,1
2571,0.49178352,0.53566104,0.55065574,0.67886324,0.64461415,15.57619503,15.63503662,1,1,1561.69385,1
2572,0.50679083,0.53145044,0.54285574,0.65466534,0.64854036,15.37105208,15.37394652,1,1,131.02976656,1
2573,0.49992591,0.52866725,0.53730006,0.6183414,0.66556807,15.814549,15.90494136,1,1,100.27731582,1
2574,0.47949088,0.5145599,0.53477227,0.58057331,0.67349651,16.18716102,16.27337999,1,1,100.46311154,1
2575,0.48784094,0.53057705,0.52280357,0.61623062,0.65061996,15.49260055,15.6381463,1,1,100.19936331,1
2576,0.48791736,0.53037636,0.52272784,0.5760269,0.66760525,15.6825134,15.79445772,1,1,1551.05782944,1
2577,0.49773722,0.5979013,0.52316109,0.53653371,0.66593164,15.4278947,15.42914379,1,1,100.00031188,1
2578,0.49429585,0.58712972,0.54826097,0.57532163,0.67699452,15.67654708,15.80172453,1,1,118.31854211,1
2579,0.50588954,0.59618249,0.53548408,0.53713887,0.65345472,15.85098562,15.88397561,1,1,1563.17546129,1
2580,0.52432512,0.57888065,0.52975597,0.57635021,0.63075187,15.16451208,15.26450591,1,1,565.97831823,1
2581,0.54535137,0.55667363,0.53354645,0.61481138,0.64582132,15.75781107,15.79854174,1,1,1584.59478723,1
2582,0.54548674,0.55493777,0.53339879,0.64556191,0.66226646,15.614019,15.73928873,1,1,1573.98681461,1
2583,0.52560631,0.5376443,0.55143214,0.65757577,0.67229677,15.39590646,15.49007202,1,1,100.03746474,1
2584,0.53943749,0.54154534,0.55206866,0.61442623,0.64888419,15.83766723,15.87951183,1,1,1026.9945202,1
2585,0.51636477,0.5144757,0.55872289,0.57237806,0.66533031,15.53099355,15.64215658,1,1,1512.84796738,1
2586,0.51124643,0.53719146,0.54637956,0.60366214,0.68199031,16.01034047,16.04271643,1,1,100.00366546,1
2587,0.49710273,0.53591975,0.52789467,0.56891207,0.69769587,15.83054779,15.93144933,1,1,546.75017484,1
2588,0.49585867,0.5229169,0.54320086,0.52767572,0.71373584,15.74876973,15.84089606,1,1,201.6920673,1
2589,0.49601667,0.52292535,0.54325298,0.56703093,0.68955324,15.2594771,15.38856594,1,1,1573.41665067,1
2590,0.47909654,0.56110188,0.5440039,0.53424861,0.69495077,15.96108953,16.02380365,1,1,1583.73635419,1
2591,0.47587241,0.56701127,0.52399567,0.4998535,0.67444692,15.37924401,15.45721187,1,1,1222.52332263,1
2592,0.49391874,0.53905488,0.51747041,0.48145101,0.67274151,14.8814111,14.93649615,1,1,103.83232866,1
2593,0.51492522,0.52773227,0.53661109,0.45339222,0.64930526,15.20379211,15.24109694,1,1,972.90756855,1
2594,0.51476077,0.52774101,0.5364394,0.48879045,0.65192689,15.52990285,15.66336322,1,1,1584.75681887,1
2595,0.5070152,0.45197996,0.54500615,0.52883351,0.62903188,15.9166186,15.93097611,1,1,1565.1488073,1
2596,0.50213956,0.45704273,0.54326419,0.48929723,0.64035956,15.58211968,15.71486943,1,1,1568.97105834,1
2597,0.50242036,0.47742027,0.54158811,0.46463316,0.65660854,15.35024108,15.42868159,1,1,102.96098295,1
2598,0.48819182,0.48034733,0.54635433,0.49367304,0.64449752,16.21024565,16.3444322,1,1,150.4109892,1
2599,0.46610644,0.48139051,0.54554894,0.45380299,0.62250585,15.46883354,15.60503766,1,1,103.0985856,1
2600,0.46588984,0.48070841,0.54567734,0.41494659,0.63634049,15.88535748,15.97348675,1,1,100.66535552,1
2601,0.52867079,0.53393687,0.57436804,0.3770631,0.65289313,15.60484668,15.67416406,1,1,116.02418738,1
2602,0.53055185,0.52017116,0.54546463,0.34843302,0.66982377,15.46090601,15.49230044,1,1,115.64028578,1
2603,0.53033399,0.52721526,0.56866025,0.3719066,0.68495214,15.94580216,16.0859027,1,1,1054.96111332,1
2604,0.53141598,0.54187473,0.56491288,0.40000568,0.66141753,15.9282626,16.0481286,1,1,157.11894581,1
2605,0.52458034,0.54101582,0.54732664,0.36280483,0.64784257,15.5075963,15.56662621,1,1,1553.7438472,1
2606,0.51749595,0.53535101,0.56373087,0.32872356,0.63129638,15.65390048,15.75599884,1,1,1312.44396491,1
2607,0.51766716,0.53577913,0.56363301,0.2921491,0.61882465,15.7895607,15.87890641,1,1,100.08488314,1
2608,0.51759233,0.49025598,0.58460449,0.25684204,0.59740651,16.2614507,16.42313448,1,1,1538.51336905,1
2609,0.49482363,0.50951184,0.57587191,0.22170537,0.57550611,15.68120319,15.83355345,1,1,100.63230287,1
2610,0.50617044,0.50108482,0.54775673,0.18731713,0.59164345,15.55449021,15.6211439,1,1,105.47581376,1
2611,0.50103756,0.5162081,0.53312103,0.21790387,0.59475548,16.05055415,16.16575375,1,1,108.67879564,1
2612,0.47155075,0.52269236,0.5340577,0.26336268,0.6005061,15.65717273,15.77663426,1,1,100.04300106,1
2613,0.47174948,0.52233745,0.53406353,0.30614992,0.5813731,15.82509611,15.83999007,1,1,1584.80858999,1
2614,0.53039098,0.60176553,0.55693323,0.28809517,0.55977754,15.48262615,15.62286716,1,1,100.04118038,1
2615,0.52390626,0.58049298,0.54335675,0.25233699,0.53886926,15.03838356,15.05556072,1,1,104.71146831,1
2616,0.54366257,0.60794115,0.5472603,0.29727193,0.5183536,16.22331808,16.27125141,1,1,130.01421608,1
2617,0.52817742,0.58043066,0.55580557,0.34099062,0.4986239,16.08494434,16.20131481,1,1,106.10116361,1
2618,0.54499239,0.59458006,0.55360633,0.31864738,0.51840686,15.79906297,15.90439378,1,1,477.78575695,1
2619,0.54522213,0.59481883,0.55384352,0.28340175,0.49822687,15.6999817,15.73599561,1,1,100.06794564,1
2620,0.53079524,0.5451905,0.57088092,0.32742194,0.48857837,15.42957107,15.57237472,1,1,100.00014236,1
2621,0.51279874,0.55089603,0.56283062,0.35248999,0.46914698,16.1345497,16.28055432,1,1,1471.99334201,1
2622,0.49817467,0.55525439,0.55362004,0.3154551,0.45003724,15.67696509,15.79144476,1,1,101.34630373,1
2623,0.49840342,0.53282669,0.56455953,0.28272961,0.43242471,15.74985783,15.7744797,1,1,1571.24516088,1
2624,0.49009848,0.53583494,0.56467689,0.32651165,0.42675539,15.89857996,15.93488763,1,1,103.49428324,1
2625,0.50300063,0.56341836,0.56879868,0.36975553,0.44443459,16.06420307,16.07750712,1,1,664.08613228,1
2626,0.50266644,0.56262841,0.56856861,0.33376903,0.46543301,15.65935854,15.66975482,1,1,1584.30484107,1
2627,0.57524968,0.58170585,0.58113103,0.34683755,0.48604451,15.94710947,15.95290357,1,1,485.36002148,1
2628,0.55783146,0.56625507,0.54916956,0.34162418,0.46780424,15.76271751,15.91017339,1,1,1417.27883023,1
2629,0.54490355,0.58832093,0.54986718,0.30479889,0.48829546,15.59942992,15.73728739,1,1,107.55479192,1
2630,0.52692602,0.60080324,0.53726524,0.34842155,0.50852377,15.59042974,15.63261949,1,1,136.14001202,1
2631,0.54311487,0.60615555,0.54472833,0.34923046,0.51922641,16.21624705,16.34877858,1,1,1486.08136394,1
2632,0.54359711,0.60598969,0.54479701,0.31224764,0.53884188,16.22950567,16.34534947,1,1,100.00007021,1
2633,0.52382602,0.59275915,0.55263425,0.31121653,0.51949339,15.75281733,15.8971831,1,1,1584.89308374,1
2634,0.52146175,0.58075816,0.57060478,0.27501862,0.53908538,15.91618238,15.94365864,1,1,101.43944489,1
2635,0.51600051,0.58758647,0.57144933,0.2395562,0.53709476,15.9992546,16.05602679,1,1,877.0562156,1
2636,0.52713547,0.57541735,0.56772605,0.28006676,0.51635288,15.90440116,16.00199138,1,1,1403.01265742,1
2637,0.50940561,0.58357749,0.55331137,0.27326731,0.50110499,15.61692795,15.73820976,1,1,1584.62143388,1
2638,0.49872777,0.57071768,0.54083768,0.31780193,0.48112499,15.99911469,16.09123123,1,1,792.13544733,1
2639,0.52515749,0.57935012,0.56176828,0.32350096,0.4615029,16.18768444,16.21790082,1,1,103.49816857,1
2640,0.52493472,0.57900926,0.56171852,0.29015979,0.44228107,16.27111875,16.2810743,1,1,1373.94394404,1
2641,0.49175262,0.58580606,0.56574951,0.25435677,0.46296052,15.72978717,15.78476897,1,1,1402.33022714,1
2642,0.51382958,0.58533536,0.55788383,0.21990729,0.47063097,15.51458976,15.62583446,1,1,880.68020802,1
2643,0.50463574,0.57321646,0.56808213,0.19444818,0.4911391,16.07890826,16.2263292,1,1,100.08769706,1
2644,0.49323862,0.54971696,0.57523908,0.24046008,0.51014093,15.2837852,15.29737393,1,1,635.09978873,1
2645,0.49031154,0.55916999,0.55334883,0.28560619,0.52988372,15.70385601,15.83156962,1,1,102.51602484,1
2646,0.48775065,0.55941893,0.5595487,0.3294341,0.54668377,15.55408059,15.57219208,1,1,100.02115225,1
2647,0.48801559,0.56022013,0.55957997,0.29288001,0.531289,15.82046716,15.86072165,1,1,1582.60936254,1
2648,0.44808479,0.5715048,0.58672882,0.33637407,0.55066069,15.72588167,15.77511306,1,1,116.93323212,1
2649,0.45292094,0.56497809,0.5698886,0.36577159,0.56935409,15.34204902,15.3425473,1,1,1573.93568682,1
2650,0.47078863,0.55662644,0.56664393,0.34879393,0.54811318,15.81502916,15.85755717,1,1,144.52427265,1
2651,0.45828719,0.57508434,0.57854384,0.416518,0.61097523,15.71279137,15.73978905,1,1,1492.8811963,0
2652,0.46692401,0.55925594,0.55502175,0.30792897,0.67195476,15.61944295,15.65658935,1,1,1581.74568602,0
2653,0.47298849,0.54495528,0.55059543,0.21434514,0.73561389,15.67780736,15.77390833,1,1,265.18058761,0
2654,0.4731229,0.54510833,0.55084205,0.10810645,0.70304889,15.40593276,15.51132295,1,1,124.88077132,0
2655,0.54976632,0.58931363,0.34088283,0.17466406,0.74828589,15.95255177,15.98577047,1,1,1580.06158838,0
2656,0.6072136,0.54786246,0.09860796,0.06117885,0.69483997,15.20916824,15.25080305,1,1,1179.34120591,0
2657,0.69407364,0.49626454,0.86785359,0.1859433,0.65278398,15.99603286,16.02923349,1,1,1091.95283223,0
2658,0.74930384,0.4585026,0.71468169,0.2488739,0.59916991,15.75327836,15.88324025,1,1,128.11229982,0
2659,0.74912965,0.45925028,0.71464729,0.28816398,0.54745696,15.91811364,16.02580813,1,1,1572.18701008,0
2660,0.70434891,0.42806347,0.68428376,0.41183269,0.49400516,15.95627058,16.01343364,1,1,1532.05898169,0
2661,0.60667823,0.4531606,0.59093942,0.45358686,0.5094668,15.60802876,15.60960561,1,1,102.99987333,1
2662,0.47536565,0.45695195,0.51586884,0.41588765,0.48957936,15.6505131,15.79211778,1,1,100.0040154,1
2663,0.3601058,0.47675388,0.40580289,0.38103419,0.50879648,15.84413805,15.89005361,1,1,621.79790486,1
2664,0.2555839,0.48026897,0.33791821,0.34344984,0.488675,15.98584759,16.11046934,1,1,100.00209346,1
2665,0.20149712,0.50547409,0.29857516,0.38554906,0.5087103,15.89114176,16.01375225,1,1,100.31097739,1
2666,0.20162806,0.50502679,0.29857904,0.41690168,0.51122955,15.7125573,15.84064293,1,1,1232.28639536,1
2667,0.21463121,0.62196802,0.31676855,0.38155643,0.4910052,15.54880297,15.64819041,1,1,853.05146819,1
2668,0.21901989,0.60842955,0.30170699,0.42390336,0.51092252,15.72356631,15.82645865,1,1,1584.14756178,1
2669,0.22603538,0.61577835,0.30744983,0.46420445,0.49071329,15.46397287,15.56355096,1,1,177.12372235,1
2670,0.24954451,0.60749301,0.32108463,0.42800569,0.5084866,15.647783,15.70301749,1,1,1390.33659834,1
2671,0.26341894,0.57754953,0.3101752,0.46579942,0.50547847,15.48505944,15.54723471,1,1,668.19559769,1
2672,0.27790119,0.56976811,0.32387924,0.43826629,0.48536897,15.24767133,15.31399442,1,1,154.8404812,1
2673,0.30262847,0.56694535,0.3320811,0.47947615,0.46581563,15.34651927,15.3555759,1,1,1584.6412573,1
2674,0.32240903,0.58016329,0.32934798,0.44018101,0.48625119,16.04997098,16.18596518,1,1,1370.76343378,1
2675,0.32896356,0.55433837,0.32938603,0.43054605,0.48369538,15.91691424,16.01456555,1,1,1583.19477516,1
2676,0.33617371,0.54946413,0.32906143,0.46684871,0.49341831,16.17208172,16.29221854,1,1,102.04187846,1
2677,0.34399308,0.56465935,0.33141181,0.50090209,0.51350756,16.04975431,16.10381892,1,1,141.64766249,1
2678,0.34398249,0.56402435,0.33149348,0.46088486,0.53288969,16.20388719,16.258064,1,1,100.11805911,1
2679,0.36583997,0.65661017,0.33850452,0.42167128,0.51376018,15.48693454,15.53243456,1,1,631.36277322,1
2680,0.36638304,0.63031788,0.34281902,0.46194535,0.53308915,15.59202499,15.65027913,1,1,770.9027165,1
2681,0.37394866,0.62747915,0.35086991,0.50266422,0.5141409,15.52766676,15.59271375,1,1,1338.22224059,1
2682,0.40027565,0.64941413,0.34581167,0.4746163,0.51336988,15.71293476,15.71915026,1,1,1559.94637614,1
2683,0.40275208,0.61132547,0.35537603,0.5048587,0.51050056,15.34511242,15.39293746,1,1,944.77942684,1
2684,0.43511597,0.60912429,0.36237031,0.54426989,0.49119309,15.61145518,15.63758141,1,1,100.31526769,1
2685,0.44558986,0.62262521,0.37134395,0.51606437,0.4820642,15.89521936,16.03432207,1,1,1240.45791728,1
2686,0.43058175,0.60355747,0.37184681,0.55112974,0.49970148,16.15071667,16.23268756,1,1,1376.03856832,1
2687,0.43034873,0.60467455,0.37196893,0.51023221,0.50053943,15.49224471,15.54932522,1,1,1583.54320029,1
2688,0.41264116,0.6537214,0.37458955,0.55002753,0.51371759,15.49736665,15.5322782,1,1,430.72894698,1
2689,0.41829154,0.67447845,0.37861716,0.58901773,0.4951914,15.53541068,15.67526284,1,1,100.11965769,1
2690,0.41773921,0.66374872,0.39333251,0.54723953,0.47529225,15.88456849,15.92175232,1,1,154.90837711,1
2691,0.43858223,0.63068551,0.38711588,0.58626608,0.47442724,15.8839007,15.91007322,1,1,102.51273989,1
2692,0.45464036,0.62750801,0.40778039,0.61666617,0.49224875,16.13256299,16.22325297,1,1,1580.11261692,1
2693,0.47268389,0.60599152,0.40757313,0.57433412,0.51227961,15.30893363,15.34438471,1,1,1564.3372676,1
2694,0.46420534,0.61381909,0.40374231,0.53515855,0.49211386,15.76502273,15.8935273,1,1,103.58808621,1
2695,0.46433883,0.61389693,0.40373337,0.50260369,0.47289701,16.03657075,16.06824515,1,1,100.05112708,1
2696,0.43398483,0.6432428,0.42864636,0.46259842,0.48370922,15.94442179,16.07537092,1,1,1584.86697627,1
2697,0.44987213,0.62176647,0.41934036,0.46381678,0.46932086,15.9525337,16.07108466,1,1,1584.66310223,1
2698,0.44057762,0.62708019,0.43228352,0.48873676,0.45048322,15.35269626,15.43747975,1,1,1574.27755883,1
2699,0.46840905,0.60599929,0.42477164,0.5085519,0.43172348,15.57972951,15.63281921,1,1,100.00468539,1
2700,0.46524427,0.61712683,0.43235398,0.54819231,0.45260974,15.67482409,15.76547049,1,1,1282.03850594,1
2701,0.45848366,0.61332111,0.42988436,0.50740961,0.47295824,15.95929873,16.10048745,1,1,100.01811227,1
2702,0.45871207,0.61384556,0.43018333,0.49853212,0.46158059,15.1121327,15.25305256,1,1,243.17174638,1
2703,0.4159448,0.65385894,0.4505604,0.53834651,0.44638132,16.27943831,16.37691253,1,1,223.5055249,1
2704,0.44667122,0.64968866,0.43369725,0.49904978,0.46111069,15.8135826,15.89584365,1,1,1579.98163643,1
2705,0.45353587,0.63519871,0.44252533,0.53906621,0.48185046,15.44953977,15.56886942,1,1,1573.85118621,1
2706,0.46716133,0.6428879,0.44986569,0.49828644,0.46451393,15.53093491,15.53669036,1,1,110.73415057,1
2707,0.45096423,0.63104508,0.45506648,0.53347209,0.44599233,15.75352606,15.91017293,1,1,100.13351824,1
2708,0.4684587,0.61498752,0.45514817,0.57262711,0.42728528,15.63371784,15.70933423,1,1,117.78375398,1
2709,0.46818337,0.6143593,0.46869568,0.53120409,0.41759644,15.86874178,15.95012973,1,1,1584.890251,1
2710,0.46804534,0.61416067,0.46886657,0.49061767,0.40091278,16.21339428,16.28712544,1,1,1584.863553,1
2711,0.43416074,0.67105055,0.49660243,0.53051322,0.38291332,15.84494667,15.95610195,1,1,1563.97107117,1
2712,0.42531954,0.62720893,0.47278048,0.56989676,0.36600592,15.17855481,15.21872272,1,1,1532.99057913,1
2713,0.45333791,0.63776359,0.4922863,0.53524586,0.34897096,15.6405465,15.71462283,1,1,100.02637178,1
2714,0.46530605,0.62169919,0.47422948,0.56440343,0.37118847,16.26394665,16.33548461,1,1,842.13747812,1
2715,0.45463365,0.62840649,0.49300858,0.59615355,0.39366423,15.57502702,15.66476953,1,1,1034.19070922,1
2716,0.46844716,0.61836666,0.49304486,0.55680193,0.38423872,15.75755163,15.78582933,1,1,395.92792452,1
2717,0.46825052,0.61865122,0.49319124,0.58806785,0.40653724,15.6611708,15.67775578,1,1,1584.32406887,1
2718,0.45686777,0.64716767,0.5135784,0.62630145,0.3885653,15.70491923,15.74676908,1,1,100.0290076,1
2719,0.47041169,0.63089718,0.5078395,0.62224249,0.41066578,15.5356816,15.55037433,1,1,100.00085355,1
2720,0.46737874,0.61759261,0.50360969,0.5799164,0.43212949,15.2541789,15.29199749,1,1,526.04011646,1
2721,0.49083788,0.63829835,0.50600346,0.53985671,0.43076686,15.93549855,15.95571454,1,1,211.0981648,1
2722,0.49695054,0.62708925,0.51943917,0.57858188,0.41506076,15.41807119,15.4720161,1,1,1575.07379685,1
2723,0.48940183,0.61091698,0.51273097,0.54222907,0.40510051,15.97178478,15.98976097,1,1,100.24276478,1
2724,0.48932485,0.61208426,0.51258668,0.58138107,0.41770094,16.04421359,16.18576747,1,1,162.87992055,1
2725,0.44620253,0.62133161,0.51639794,0.61696451,0.39940525,15.88588394,15.91090337,1,1,1547.90017955,1
2726,0.47488247,0.60621459,0.53180843,0.6470437,0.42141714,15.41375391,15.42448117,1,1,1189.55105958,1
2727,0.46276686,0.60952625,0.51515879,0.68399548,0.44292148,15.77500762,15.88345206,1,1,1580.54257127,1
2728,0.46122291,0.59256578,0.51241804,0.69096177,0.42413436,15.64611254,15.76010174,1,1,180.89775816,1
2729,0.46966758,0.60652121,0.51271837,0.66486362,0.44200779,15.6910546,15.81869607,1,1,1427.73344401,1
2730,0.47314515,0.58130146,0.52511929,0.69667341,0.4503293,15.89980314,16.01469906,1,1,1068.3876734,1
2731,0.48816206,0.57740223,0.52824374,0.73012662,0.46434293,15.81296413,15.92305483,1,1,100.29416252,1
2732,0.4748384,0.55797535,0.53936659,0.68874102,0.47955413,15.38140756,15.44203203,1,1,100.16528886,1
2733,0.47473937,0.55799351,0.53935858,0.64540584,0.49951594,15.99027994,16.14719301,1,1,1579.71356836,1
2734,0.44051771,0.5981197,0.54740582,0.60323172,0.47952774,15.68954348,15.84140736,1,1,1584.88020573,1
2735,0.45654694,0.59860306,0.56329847,0.56162895,0.46767304,15.48694458,15.52372337,1,1,124.29822833,1
2736,0.45341197,0.58971903,0.55037653,0.52430358,0.48823604,15.4928035,15.54095105,1,1,100.00000617,1
2737,0.463774,0.56724451,0.56070638,0.48400728,0.50390336,15.75157723,15.86774915,1,1,117.31374716,1
2738,0.46745812,0.57463748,0.56243591,0.52421208,0.48382805,15.95697924,16.06406413,1,1,516.15401494,1
2739,0.49639849,0.55084107,0.5523724,0.48399104,0.50415147,15.65313459,15.80842748,1,1,1091.925453,1
2740,0.49599526,0.55105131,0.55238748,0.52132232,0.49135524,15.75742037,15.80039964,1,1,100.2463696,1
2741,0.48457097,0.57667556,0.58176463,0.50905651,0.5115099,15.92747969,16.0474299,1,1,436.54599523,1
2742,0.48107876,0.567948,0.57256176,0.46891152,0.51133182,15.63479147,15.68543452,1,1,169.1622237,1
2743,0.47524049,0.55844286,0.567635,0.42954246,0.49111632,15.58074529,15.60506742,1,1,100.01162752,1
2744,0.48277328,0.55521884,0.5748426,0.47094331,0.47130628,15.56111208,15.61301963,1,1,1325.0287611,1
2745,0.48727327,0.5489422,0.5580901,0.47827696,0.45196246,15.6182979,15.74544896,1,1,100.00053968,1
2746,0.51760986,0.53482658,0.56420119,0.46282372,0.45035703,15.94918197,16.10262745,1,1,100.0589485,1
2747,0.51710116,0.53562368,0.56412225,0.44844181,0.43135334,15.5826732,15.59781505,1,1,100.43342067,1
2748,0.49313134,0.49181163,0.57106607,0.44775723,0.45266013,15.32550346,15.39275389,1,1,108.70862169,1
2749,0.46952657,0.50096012,0.5857693,0.48874291,0.43382178,15.55059585,15.59147712,1,1,1237.23446198,1
2750,0.48089195,0.50912412,0.57464395,0.49310902,0.45511017,15.90782439,15.99504347,1,1,1063.22622643,1
2751,0.48567224,0.49244197,0.57557988,0.53185731,0.47391288,15.45694712,15.50051058,1,1,677.76817202,1
2752,0.48867946,0.50336069,0.55666522,0.57017444,0.49435682,15.67880031,15.80462848,1,1,1583.72852785,1
2753,0.48882555,0.50402859,0.55658459,0.5477807,0.51446894,15.52259446,15.58333694,1,1,1584.30575533,1
2754,0.46698907,0.57892386,0.55780882,0.58680978,0.53396394,15.80854662,15.92069248,1,1,1560.15710198,1
2755,0.47457825,0.59106936,0.57053536,0.55192452,0.51724878,15.75405898,15.82381942,1,1,105.44373755,1
2756,0.49644977,0.54768892,0.54230937,0.51234587,0.53336747,15.72374187,15.74608729,1,1,100.23765844,1
2757,0.51512916,0.56424785,0.55150951,0.55174035,0.51305212,15.44786038,15.59218929,1,1,1085.25334403,1
2758,0.50525051,0.55714718,0.54562095,0.51073321,0.51676942,15.82947484,15.91488393,1,1,1582.866705,1
2759,0.5052512,0.55658591,0.54563042,0.55038664,0.53643392,15.53862832,15.64084028,1,1,105.25548448,1
2760,0.47082889,0.55314617,0.55199497,0.55541097,0.51570527,15.9902632,16.0709276,1,1,169.57664137,1
2761,0.47156767,0.53597933,0.55326893,0.51433627,0.53537913,15.30677838,15.43310285,1,1,146.0225668,1
2762,0.47928007,0.53357942,0.56455109,0.47562127,0.51468039,15.86011437,15.95934927,1,1,345.99682061,1
2763,0.49420836,0.53283671,0.54134043,0.43910558,0.51978992,16.29063315,16.30313089,1,1,146.72173504,1
2764,0.46966142,0.52514291,0.54473119,0.40083291,0.53400766,15.71060754,15.80756115,1,1,430.27047423,1
2765,0.46976225,0.52616862,0.5446647,0.39541151,0.51333712,15.60034666,15.70109733,1,1,133.06681802,1
2766,0.4452768,0.57373828,0.5482938,0.37173446,0.49339117,16.04029018,16.14191143,1,1,1042.45527096,1
2767,0.4711958,0.57694467,0.54137932,0.41409822,0.51346547,15.85988073,15.89524764,1,1,104.96138948,1
2768,0.46851248,0.5484295,0.55348316,0.45569731,0.49411582,15.38676091,15.45286888,1,1,122.35046565,1
2769,0.48881042,0.56007593,0.55351232,0.49407641,0.51371785,15.44002693,15.51698018,1,1,1579.84433452,1
2770,0.49273755,0.5289778,0.55861746,0.53299553,0.5333704,15.98317547,16.00111089,1,1,1583.76032988,1
2771,0.49257713,0.52918861,0.55844063,0.53268672,0.51637986,15.82418253,15.92051598,1,1,100.00144216,1
2772,0.47540536,0.59520582,0.55053784,0.50092066,0.5359233,15.326985,15.33515052,1,1,849.24753764,1
2773,0.499909,0.58635637,0.55786562,0.54079713,0.51574255,15.21365363,15.2261058,1,1,1584.87575031,1
2774,0.48942397,0.5553613,0.52335907,0.57376792,0.49542811,15.55712931,15.60479691,1,1,100.02142837,1
2775,0.49960961,0.56561614,0.53298834,0.61226278,0.51504909,15.80725262,15.8987869,1,1,135.78207838,1
2776,0.49929882,0.56497235,0.53290084,0.57277555,0.53469734,15.44480577,15.50149648,1,1,516.04495709,1
2777,0.47853055,0.59566585,0.54559768,0.60011586,0.55400338,15.75459526,15.79922532,1,1,127.40544696,1
2778,0.48982447,0.58108167,0.53508315,0.60882514,0.57289884,15.85005892,15.97136805,1,1,104.32482296,1
2779,0.49768804,0.57962455,0.53300526,0.64634863,0.55144099,15.33704338,15.35680503,1,1,1307.39320176,1
2780,0.48701185,0.55566924,0.53591756,0.68341821,0.53122886,15.49779636,15.61687859,1,1,665.75271527,1
2781,0.50607553,0.54120062,0.52763027,0.64091746,0.5474543,15.80373224,15.86919581,1,1,103.39994758,1
2782,0.50598272,0.5403904,0.52758208,0.6742548,0.52663344,16.03451754,16.12085473,1,1,138.4266856,1
2783,0.48745286,0.48469616,0.5273085,0.6746833,0.54252457,16.10926574,16.26314972,1,1,100.08856573,1
2784,0.48608648,0.47900005,0.52596938,0.63178202,0.56167161,15.38876084,15.46468542,1,1,222.54009397,1
2785,0.48418046,0.49917193,0.53068081,0.59879132,0.54180331,16.08429323,16.10444782,1,1,154.43647677,1
2786,0.47778876,0.50056133,0.54037392,0.55810054,0.5219203,15.76325365,15.91618229,1,1,100.0490963,1
2787,0.47685316,0.51505642,0.52754029,0.52279076,0.50221536,15.80885881,15.928101,1,1,1584.68514188,1
2788,0.47679086,0.51362934,0.52753599,0.4826814,0.48248404,15.56086058,15.67573027,1,1,168.80958672,1
2789,0.5026992,0.60141364,0.53383616,0.46906738,0.46296056,15.64680999,15.67200942,1,1,119.72679993,1
2790,0.52815493,0.58805497,0.55519581,0.50953502,0.46640092,15.89720689,15.91326643,1,1,102.49664068,1
2791,0.53096313,0.57136642,0.53454036,0.54801343,0.48694224,15.88178475,15.99143827,1,1,115.55144303,1
2792,0.52965832,0.56776252,0.52581443,0.5308019,0.50717914,15.58287399,15.66267495,1,1,100.01658566,1
2793,0.54407565,0.59101736,0.54010379,0.57018563,0.5264111,15.45043874,15.50018325,1,1,339.99960586,1
2794,0.54385504,0.58970284,0.54039946,0.56962824,0.52278932,15.31504195,15.43882022,1,1,222.97053177,1
2795,0.50297848,0.58218553,0.55784022,0.60762008,0.50298103,15.40772806,15.40923808,1,1,100.00038591,1
2796,0.50544217,0.57384518,0.55953771,0.57697494,0.52240533,15.61289894,15.67700368,1,1,1577.1078951,1
2797,0.52771288,0.55680328,0.55673051,0.5354356,0.50338679,15.76201333,15.88021374,1,1,1153.98091618,1
2798,0.50629579,0.56476345,0.56373649,0.57448174,0.484359,15.52316938,15.57159073,1,1,889.85194503,1
2799,0.51126859,0.53862783,0.53731647,0.61151094,0.50463225,15.74075794,15.85634885,1,1,154.59745265,1
2800,0.49984496,0.53912965,0.53512813,0.64923987,0.49297517,15.50458782,15.64540889,1,1,1577.11319433,1
2801,0.4935095,0.53352406,0.56391613,0.6063009,0.47322248,15.78294534,15.86146248,1,1,1280.00142259,1
2802,0.49311561,0.5318213,0.56366368,0.64414487,0.49375708,15.79216469,15.85278801,1,1,100.11871292,1
2803,0.54353896,0.60572427,0.56279036,0.67927055,0.47388217,15.97488431,15.97820128,1,1,1476.10488799,1
2804,0.52391337,0.60042186,0.57996426,0.71450601,0.49440093,15.45135154,15.49805468,1,1,101.68593089,1
2805,0.56235945,0.5989988,0.56606885,0.71498424,0.4762121,15.61267819,15.75947812,1,1,100.00148546,1
2806,0.54208721,0.57702891,0.5452717,0.68106591,0.45669812,15.64390312,15.77110278,1,1,1446.90836225,1
2807,0.56956922,0.58142206,0.53677948,0.66373454,0.43760945,15.91286893,15.91432785,1,1,116.01779998,1
2808,0.56987803,0.58145418,0.5368469,0.70045331,0.45882569,16.23194577,16.28282662,1,1,103.64040778,1
2809,0.56504449,0.53625584,0.53677759,0.66505158,0.47890032,15.72487001,15.73590712,1,1,100.10045798,1
2810,0.55871276,0.55652525,0.54815128,0.69826311,0.48219417,15.63092894,15.74974069,1,1,101.0375864,1
2811,0.53512093,0.54926516,0.53588178,0.67574207,0.46344608,15.93944744,15.95640791,1,1,932.94158372,1
2812,0.52423002,0.56159861,0.55064208,0.64161173,0.45937879,15.74778191,15.7727127,1,1,1381.49694991,1
2813,0.52775154,0.5572018,0.53890592,0.59888843,0.44024433,16.09247761,16.13179723,1,1,102.14586375,1
2814,0.51554108,0.55031003,0.53014425,0.62930986,0.42143971,14.5675434,14.64521259,1,1,169.27260044,1
2815,0.51538814,0.55141367,0.530208,0.66545763,0.41285489,15.84129729,15.86195215,1,1,100.02713381,1
2816,0.50372633,0.48989283,0.53114108,0.62215508,0.39790418,15.2584374,15.26020306,1,1,1575.45722101,1
2817,0.50044015,0.51561595,0.52668031,0.65823159,0.40430394,15.62046048,15.73312533,1,1,1547.78079416,1
2818,0.48136532,0.51540287,0.51982367,0.68576282,0.41671267,16.05101334,16.0980837,1,1,100.34310206,1
2819,0.48232848,0.5129987,0.53645822,0.72058358,0.40022113,15.81313021,15.93948932,1,1,103.87318647,1
2820,0.48229399,0.51406597,0.53643289,0.75579777,0.38275443,15.69550832,15.7493686,1,1,199.68159765,1
2821,0.50457667,0.58939681,0.56029343,0.71089769,0.36979368,15.90516606,15.9344353,1,1,1565.3597793,1
2822,0.52026275,0.58610356,0.54983317,0.66672018,0.35252123,15.42663849,15.48780865,1,1,112.62377962,1
2823,0.52611695,0.59390902,0.54333064,0.62338923,0.35930355,15.60939579,15.72536281,1,1,1533.04838339,1
2824,0.53473696,0.55689792,0.5194056,0.61202431,0.34337875,15.43807708,15.45805706,1,1,100.4784478,1
2825,0.53456921,0.5565639,0.51938113,0.64952145,0.3265118,15.58942591,15.74159459,1,1,1344.75945457,1
2826,0.51014138,0.53932453,0.54154901,0.68652645,0.34381673,15.82190438,15.91502719,1,1,104.34103076,1
2827,0.51673266,0.53021998,0.54556484,0.68797161,0.32730649,15.98043542,16.01311439,1,1,1584.87519523,1
2828,0.50672263,0.5208292,0.51980623,0.72412932,0.33499703,16.01066292,16.09893558,1,1,934.15026602,1
2829,0.50001876,0.52292919,0.5243516,0.680056,0.32962373,15.91738123,16.06225869,1,1,100.06859637,1
2830,0.50397879,0.53532236,0.51639179,0.71585887,0.35296236,15.94021327,15.99729342,1,1,100.00253956,1
2831,0.50429924,0.53486461,0.51663015,0.75148419,0.37364425,15.22687652,15.25429043,1,1,214.82588111,1
2832,0.47368813,0.52645237,0.51866901,0.78645432,0.39617026,15.78826605,15.82930807,1,1,108.75515814,1
2833,0.4860925,0.54219705,0.540427,0.74369743,0.40966205,15.68617746,15.78153202,1,1,1584.89318633,1
2834,0.49843528,0.52661794,0.51854714,0.69885062,0.39646715,15.25804722,15.34108441,1,1,381.55438487,1
2835,0.48212081,0.52238302,0.52403864,0.71991982,0.38043418,15.75390918,15.78145948,1,1,100.01019895,1
2836,0.50168305,0.49782343,0.51710646,0.73348373,0.36431418,15.28156036,15.35316177,1,1,100.20194165,1
2837,0.48584528,0.51298426,0.53519537,0.76876347,0.38702424,15.63917118,15.67557493,1,1,390.222076,1
2838,0.48587751,0.51324754,0.535133,0.74808762,0.39150141,16.17920976,16.1855428,1,1,100.21075123,1
2839,0.53544912,0.55075969,0.53761194,0.70359769,0.41342688,15.70524406,15.82200641,1,1,101.65958263,1
2840,0.54852904,0.54303157,0.5515394,0.68728008,0.426032,15.42501451,15.54970803,1,1,100.12712751,1
2841,0.54128781,0.56818398,0.5541825,0.64361948,0.44747529,15.54275744,15.64646599,1,1,1526.47736586,1
2842,0.54665215,0.55090995,0.52771244,0.6109816,0.46769949,15.34871689,15.42406534,1,1,286.84704187,1
2843,0.53106597,0.55972383,0.55373301,0.6023227,0.48366699,15.91147129,16.03516377,1,1,451.97092654,1
2844,0.53102003,0.55978475,0.55384126,0.61461204,0.46816297,15.61517251,15.72621928,1,1,320.0911865,1
2845,0.51141156,0.54342641,0.56231514,0.64807942,0.4527296,15.89972379,15.94865697,1,1,1558.81730157,1
2846,0.52167789,0.52575431,0.56505614,0.62622762,0.47367418,15.43774791,15.44368776,1,1,100.7835267,1
2847,0.49265474,0.53975933,0.56195821,0.58416733,0.49419011,15.65779883,15.69188671,1,1,1582.34195071,1
2848,0.49907005,0.52415995,0.56669246,0.60118913,0.48262545,15.67714601,15.81567729,1,1,100.00118216,1
2849,0.48847986,0.52643763,0.55643285,0.63916517,0.4851219,15.54337567,15.66939949,1,1,1518.85577417,1
2850,0.48867425,0.52688084,0.55621196,0.67624832,0.50541883,15.85369235,15.87843296,1,1,1584.50405638,1
2851,0.45823825,0.53416794,0.57368429,0.64351335,0.49365832,15.92879425,15.94850308,1,1,110.52881077,1
2852,0.48270107,0.53017143,0.57972089,0.60206868,0.51341439,15.78149214,15.93791161,1,1,1507.47274489,1
2853,0.48108548,0.54030668,0.56179603,0.57622011,0.4931463,15.40372419,15.508119,1,1,117.90056396,1
2854,0.48144826,0.51193589,0.55330182,0.61411078,0.49561059,15.76628459,15.92169363,1,1,586.58891796,1
2855,0.48221288,0.52446829,0.55185821,0.62230673,0.47569868,15.6009535,15.64112101,1,1,100.09334595,1
2856,0.48249419,0.52391056,0.55180646,0.57989989,0.47303646,15.88839158,15.9301262,1,1,1569.73909937,1
2857,0.48159299,0.57206959,0.5481918,0.56818013,0.45358113,15.59097006,15.70815352,1,1,1584.03328081,1
2858,0.47832167,0.53987523,0.57108042,0.5290939,0.45186688,16.11637143,16.14995593,1,1,1583.56296416,1
2859,0.48076182,0.5454954,0.55467342,0.56702007,0.43283599,15.84542469,15.90021815,1,1,100.09372059,1
2860,0.502219,0.54652994,0.56403496,0.52898709,0.45075658,15.68153157,15.69927387,1,1,1584.77638138,1
2861,0.50949422,0.51398324,0.5428948,0.48853886,0.4318118,15.69922849,15.83456428,1,1,113.48091464,1
2862,0.50927972,0.51343513,0.54279376,0.52849694,0.41332942,15.51603253,15.58588309,1,1,102.75666122,1
2863,0.47801929,0.51811608,0.55991257,0.5660237,0.41714252,16.20935205,16.34512328,1,1,1582.04706911,1
2864,0.4963944,0.49547228,0.55393182,0.52470345,0.4385652,15.4454996,15.49735608,1,1,1506.41669451,1
2865,0.48359983,0.49410517,0.56036019,0.56408399,0.42189838,15.53426338,15.58461576,1,1,102.33819782,1
2866,0.47442075,0.48210619,0.55756631,0.52334723,0.44319107,15.72578766,15.83305413,1,1,1195.14901424,1
2867,0.48824089,0.48998192,0.52741878,0.48407965,0.42685436,15.71063772,15.85629527,1,1,100.00105747,1
2868,0.48843324,0.49047488,0.52753565,0.44518776,0.44831112,15.64719537,15.7947314,1,1,1091.33001075,1
2869,0.45720414,0.5457386,0.53808915,0.41388651,0.46931108,15.90666029,15.92751279,1,1,105.0071322,1
2870,0.48502785,0.53504033,0.53471957,0.45360645,0.45475035,15.71444956,15.83525891,1,1,102.53560711,1
2871,0.48824662,0.51226002,0.52074474,0.41455027,0.43567502,15.60309414,15.75154663,1,1,100.28636426,1
2872,0.50361779,0.51320168,0.53981062,0.37655356,0.4169753,15.6287941,15.66653294,1,1,1580.96671159,1
2873,0.49555983,0.51089917,0.54192748,0.35858845,0.39891515,15.56608957,15.62243042,1,1,1582.95110529,1
2874,0.49528587,0.51101132,0.54170869,0.38272159,0.38605216,15.97701348,16.00009623,1,1,132.44421642,1
2875,0.56424193,0.53108197,0.54879655,0.41186642,0.40655798,15.66139004,15.71502471,1,1,1580.53151395,1
2876,0.54885707,0.54544361,0.54009065,0.37366914,0.42524044,15.40002756,15.40853049,1,1,811.28223499,1
2877,0.56751495,0.55582523,0.54908599,0.3363951,0.40674187,15.48903645,15.53705489,1,1,598.39446501,1
2878,0.54200934,0.56570512,0.52626164,0.34238445,0.39197104,15.75018861,15.82987393,1,1,141.85548444,1
2879,0.5530153,0.55233694,0.52386537,0.38547229,0.37427018,15.88328969,16.02604645,1,1,106.28145158,1
2880,0.55300929,0.55230651,0.52386469,0.39988941,0.39678477,15.76888635,15.82160572,1,1,284.24207409,1
2881,0.52187969,0.51928716,0.53277371,0.36189162,0.41623749,15.9079114,16.03037685,1,1,1571.26013106,1
2882,0.53177553,0.51055766,0.54417598,0.35255771,0.39938895,15.73661082,15.85879763,1,1,135.00642135,1
2883,0.51413554,0.51825029,0.5350626,0.31551602,0.38563593,15.41995105,15.48930356,1,1,118.33413971,1
2884,0.50851008,0.50433778,0.536979,0.27921079,0.3681836,15.2111196,15.32647988,1,1,1563.14731734,1
2885,0.50197808,0.51007653,0.54047612,0.32018502,0.38960789,15.9369305,15.94089426,1,1,1212.96572723,1
2886,0.50199722,0.50923659,0.5404754,0.28899916,0.41181373,15.62209319,15.70455364,1,1,1556.51463576,1
2887,0.47998106,0.49059265,0.56173274,0.28030661,0.39370945,15.6607769,15.68570468,1,1,127.65706469,1
2888,0.48242061,0.49036712,0.55542799,0.31894941,0.41564116,15.20909949,15.35423237,1,1,100.09657454,1
2889,0.46926435,0.49774926,0.53983471,0.36220908,0.41796567,15.46977492,15.49020678,1,1,797.45170982,1
2890,0.47199796,0.48491789,0.52507598,0.38675836,0.42839078,15.34521959,15.38113736,1,1,133.25275678,1
2891,0.48385396,0.46656414,0.55158919,0.42635314,0.44925561,16.06269578,16.21582441,1,1,105.14939325,1
2892,0.48371024,0.46668955,0.55155833,0.39803891,0.43537575,15.42345377,15.54816491,1,1,298.92191292,1
2893,0.54535019,0.5409447,0.56926369,0.37149176,0.41695812,15.82363521,15.87542799,1,1,1359.98967854,1
2894,0.54016155,0.53054031,0.56902648,0.37688085,0.43861457,16.08968823,16.13837765,1,1,1188.91591918,1
2895,0.55671676,0.5442952,0.56369321,0.33959327,0.45081989,15.45327624,15.55143011,1,1,176.43706525,1
2896,0.54288767,0.52863866,0.53714852,0.38279847,0.44938211,15.22601815,15.34178814,1,1,1279.00801125,1
2897,0.55137461,0.54144976,0.53626042,0.34514335,0.47039262,16.27317511,16.42961536,1,1,1581.99610009,1
2898,0.55167836,0.5411889,0.53626343,0.38237865,0.46340093,16.01537947,16.03743312,1,1,100.15785552,1
2899,0.53665044,0.46459474,0.55919046,0.42463711,0.48167,15.55549898,15.65228632,1,1,135.35555064,1
2900,0.54039323,0.48677108,0.55492038,0.38848802,0.46484939,15.42836715,15.5057709,1,1,283.04446601,1
2901,0.51735984,0.47085186,0.55728175,0.42803007,0.4455524,15.82238553,15.93696496,1,1,234.24224087,1
2902,0.51958086,0.48772182,0.53447601,0.39815201,0.42664322,15.47320021,15.62494072,1,1,102.8359522,1
2903,0.49625172,0.49327311,0.54670444,0.37037397,0.40829736,15.3716755,15.4648624,1,1,432.17207843,1
2904,0.50152369,0.48845759,0.54071208,0.41130016,0.42829205,15.12344487,15.14943774,1,1,150.41399239,1
2905,0.50174314,0.48915555,0.54062847,0.37715509,0.40974122,15.73663458,15.85278312,1,1,1558.27292238,1
2906,0.55812619,0.50058819,0.53743673,0.40907707,0.39275644,15.72061954,15.78789324,1,1,773.60180416,1
2907,0.54965942,0.50311381,0.5504273,0.43994723,0.3759019,15.87100895,15.87186929,1,1,100.00050471,1
2908,0.53222926,0.50869276,0.53153224,0.47222171,0.35839412,15.82924888,15.87998488,1,1,263.89819902,1
2909,0.53815057,0.53085398,0.53793586,0.43504992,0.34151829,15.88246623,16.04107994,1,1,100.0090032,1
2910,0.55109768,0.53397974,0.51862196,0.40369061,0.36465801,15.60340541,15.6681884,1,1,1584.28880482,1
2911,0.55113784,0.53359537,0.51865094,0.42496848,0.35150321,15.39636244,15.46866753,1,1,100.90362334,1
2912,0.52897834,0.50132594,0.53708072,0.38647429,0.37443813,15.96912846,16.01237891,1,1,215.7657723,1
2913,0.5442442,0.50718628,0.52217656,0.35935103,0.39694936,15.66729097,15.73656604,1,1,101.62180216,1
2914,0.5253513,0.4939172,0.52648056,0.401976,0.41895812,15.81522675,15.93308954,1,1,100.02744214,1
2915,0.52004003,0.49474556,0.52974996,0.44258308,0.43864416,15.74742445,15.81626685,1,1,108.44420334,1
2916,0.5078383,0.50661436,0.51563114,0.48324884,0.42063172,15.62522858,15.66790164,1,1,376.90367291,1
2917,0.52646032,0.515214,0.54111257,0.44404692,0.44181575,15.36586822,15.47588717,1,1,101.47157156,1
2918,0.52652657,0.51520667,0.54139272,0.40951144,0.42945256,16.14604791,16.2402278,1,1,779.83067625,1
2919,0.49471835,0.49471712,0.54370274,0.37269774,0.45085533,15.70559879,15.7796081,1,1,752.59582975,1
2920,0.47960497,0.49849912,0.5383369,0.34381133,0.4672756,15.4750568,15.498291,1,1,103.63801709,1
2921,0.49824887,0.49881565,0.56580489,0.33051062,0.44811344,15.69207255,15.78657833,1,1,102.48088506,1
2922,0.4992048,0.49619109,0.53581316,0.32665055,0.46915116,15.34689788,15.40984833,1,1,1504.7628711,1
2923,0.49993353,0.48909022,0.5444106,0.34681077,0.48976686,15.30287587,15.40776542,1,1,1191.91053719,1
2924,0.51131272,0.48357426,0.55671634,0.31133466,0.47003408,15.55508447,15.5704453,1,1,1510.81927866,1
2925,0.51129778,0.48339152,0.55672968,0.35503982,0.4844584,15.68487942,15.82454131,1,1,1262.39175072,1
2926,0.49235572,0.4352535,0.57494351,0.34739278,0.50439032,15.51335893,15.66843531,1,1,1449.0644104,1
2927,0.48900845,0.44643185,0.54907703,0.39008962,0.48430259,15.79661455,15.80072802,1,1,100.06113725,1
2928,0.48550703,0.43055084,0.53757148,0.43026334,0.50459891,15.59267113,15.68820574,1,1,155.49848597,1
2929,0.48242577,0.44866923,0.55172,0.46182652,0.48661998,15.45343395,15.57102492,1,1,169.17389545,1
2930,0.4753612,0.44749056,0.53616726,0.4338316,0.4796815,15.34525254,15.48379802,1,1,778.36851273,1
2931,0.47517114,0.44715418,0.53606631,0.39996149,0.46019484,16.08777713,16.15173352,1,1,117.82107144,1
2932,0.53917937,0.5302517,0.5558199,0.36565705,0.44555182,15.59543695,15.60917335,1,1,100.24551838,1
2933,0.52071356,0.52551894,0.54619011,0.39839205,0.4290724,15.40794966,15.51097936,1,1,1584.89014916,1
2934,0.55650517,0.51089163,0.5349614,0.38824997,0.4497522,15.18643888,15.26054853,1,1,1584.8924725,1
2935,0.54480624,0.50273417,0.54469673,0.4262339,0.47065438,15.67411248,15.74802384,1,1,105.73020371,1
2936,0.55605459,0.52634529,0.54194562,0.38771068,0.49124016,15.55325443,15.5701877,1,1,1528.54045564,1
2937,0.5561587,0.52727516,0.54172352,0.42959886,0.50264446,15.8799274,16.02187722,1,1,1583.56722678,1
2938,0.58646308,0.51756287,0.54724811,0.39234111,0.4830001,15.86000529,16.0023764,1,1,1488.07803521,1
2939,0.5846662,0.53219648,0.55749421,0.43447336,0.46465062,15.97396597,16.08797085,1,1,448.53778961,1
2940,0.56449329,0.53575902,0.56368228,0.47540714,0.46639599,15.98677887,15.98764073,1,1,100.00090296,1
2941,0.55565806,0.54507683,0.56671449,0.44123846,0.44846115,15.42475715,15.46618966,1,1,1581.14193666,1
2942,0.56589365,0.560718,0.54903417,0.40261142,0.43042698,15.67012992,15.80318662,1,1,102.91861,1
2943,0.53689424,0.55225901,0.55215213,0.36469254,0.41187104,15.1203985,15.13689813,1,1,1514.6234664,1
2944,0.53705457,0.55165711,0.55225188,0.40739741,0.39420727,15.51262416,15.59401933,1,1,1579.67195444,1
2945,0.51610292,0.53903795,0.56377288,0.36925512,0.41631933,15.6320749,15.65317898,1,1,1142.93827558,1
2946,0.50462741,0.5238955,0.56392289,0.40785305,0.43789378,15.74933203,15.76335477,1,1,100.51402959,1
2947,0.52403165,0.51922319,0.55169628,0.36969778,0.44581629,15.63255619,15.7008316,1,1,100.04896434,1
2948,0.49247845,0.52022881,0.57296082,0.41230312,0.44183928,15.4035877,15.46408773,1,1,1268.52496671,1
2949,0.49417294,0.53463208,0.55254246,0.44426549,0.43042027,15.68856087,15.70509689,1,1,1448.44449246,1
2950,0.49400359,0.53438236,0.55265607,0.40538172,0.4515517,15.19831477,15.27697377,1,1,1523.02424346,1
2951,0.47794484,0.55491276,0.55210284,0.38912736,0.43298322,15.82077454,15.9391074,1,1,822.6832131,1
2952,0.48354637,0.54091055,0.5455241,0.3814966,0.45069857,15.50057251,15.50286441,1,1,1566.64217268,1
2953,0.49290548,0.55962286,0.51212409,0.41751624,0.4716834,15.3017032,15.30392817,1,1,100.39342295,1
2954,0.50437526,0.54423788,0.49970962,0.37918043,0.45244152,15.68138049,15.70415151,1,1,100.43058018,1
2955,0.50448665,0.54423975,0.49950914,0.42151738,0.45629551,15.50355374,15.57247058,1,1,303.64250675,1
2956,0.53648951,0.49333704,0.51809503,0.3845793,0.44868157,15.3071872,15.45035003,1,1,116.5930219,1
2957,0.50621953,0.49542982,0.51454328,0.42268997,0.43785704,15.66928942,15.75151445,1,1,569.90440637,1
2958,0.49987765,0.50891914,0.52736155,0.46423342,0.4260446,15.38463464,15.46646083,1,1,1577.72174,1
2959,0.49742479,0.53042127,0.52191213,0.43033187,0.4077456,15.92750475,15.99141755,1,1,501.04475346,1
2960,0.49757132,0.5291896,0.52193773,0.41627015,0.4274201,15.45900348,15.5734419,1,1,622.06848867,1
2961,0.47406726,0.52116726,0.53586155,0.45792011,0.40923778,15.42712263,15.47946088,1,1,1062.65025413,1
2962,0.46639251,0.532744,0.54255428,0.43683763,0.43085603,15.79553256,15.93674054,1,1,100.00730147,1
2963,0.45530551,0.53485992,0.52082374,0.45914943,0.41223891,15.69590085,15.75453574,1,1,1452.25450383,1
2964,0.46981477,0.5138455,0.52879618,0.42172968,0.41904167,15.81722035,15.89581739,1,1,135.27174604,1
2965,0.46855443,0.49603063,0.53437773,0.45438909,0.42507338,15.40053742,15.50093872,1,1,1530.50017958,1
2966,0.47050623,0.50765796,0.5401341,0.433202,0.43422622,15.47695476,15.58915241,1,1,1396.13525947,1
2967,0.47090137,0.50671484,0.54003534,0.45033004,0.41554171,15.73829958,15.74391014,1,1,105.47731559,1
2968,0.48694977,0.59372431,0.56535451,0.48939362,0.43720476,15.52459245,15.66726275,1,1,1584.88486644,1
2969,0.49840073,0.58029826,0.54307916,0.45161714,0.45721915,15.48955573,15.59370949,1,1,1470.84463173,1
2970,0.4968479,0.56377049,0.53406365,0.48137961,0.43807824,15.8596484,15.96435597,1,1,1582.67709455,1
2971,0.52784019,0.56304684,0.54139335,0.52136701,0.41933192,15.47469274,15.58358816,1,1,115.39295937,1
2972,0.52322139,0.5458162,0.53191717,0.53946572,0.41135089,15.23976716,15.24415209,1,1,1092.75651986,1
2973,0.5235193,0.5473872,0.53192697,0.49980743,0.40802645,16.08552337,16.1688382,1,1,1584.70852891,1
2974,0.50005383,0.52155973,0.54916228,0.45981137,0.42981305,15.33604068,15.4146163,1,1,134.90171168,1
2975,0.48160999,0.53931878,0.55367948,0.42612377,0.41231743,16.13932801,16.16382674,1,1,100.00040336,1
2976,0.48554442,0.51943164,0.55485637,0.46757483,0.39804404,15.72816964,15.88258296,1,1,100.07120789,1
2977,0.4843241,0.52464191,0.55064408,0.43159384,0.40234198,15.66672588,15.6869348,1,1,132.80098381,1
2978,0.48601359,0.50238711,0.55415316,0.3946088,0.39467461,15.80668304,15.92248883,1,1,103.88424156,1
2979,0.48573357,0.50319478,0.55433906,0.35687722,0.39846169,15.82374122,15.85127497,1,1,100.02223864,1
2980,0.5059409,0.59712361,0.56215226,0.31984141,0.38730634,15.63446476,15.73509081,1,1,1557.1670631,1
2981,0.51564817,0.5753668,0.56968058,0.26218521,0.44890088,15.80849352,15.90792445,1,1,106.83788308,0
2982,0.52694691,0.58036612,0.56037739,0.14730176,0.39388685,15.57560024,15.6092147,1,1,541.30764999,0
2983,0.53322928,0.55866756,0.55028742,0.10878319,0.41910757,16.0218857,16.07900391,1,1,107.22533219,0
2984,0.53305326,0.55955264,0.55017488,0.23633703,0.366937,15.82389604,15.92145945,1,1,642.38960167,0
2985,0.43851661,0.46055866,0.51476355,0.15668209,0.43013052,15.75489892,15.8393528,1,1,1327.22508856,0
2986,0.37795039,0.42842498,0.45192223,0.27616772,0.37699728,16.27090435,16.31352897,1,1,1540.6793903,0
2987,0.27698074,0.38196133,0.3583521,0.40029911,0.32385976,15.76834813,15.80426296,1,1,798.6095397,0
2988,0.20503842,0.36358981,0.30035495,0.28423025,0.26614363,16.03346409,16.06087606,1,1,101.51083559,0
2989,0.1530021,0.3391133,0.26746458,0.25107566,0.2148258,15.69473774,15.6956216,1,1,626.40808768,0
2990,0.15288929,0.3379231,0.26731943,0.31326619,0.16049538,15.86201867,15.97125657,1,1,1584.80332121,0
2991,0.25096515,0.42931191,0.32581172,0.2238555,0.22402902,15.69148315,15.75513582,1,1,1190.04149033,0
2992,0.32103275,0.46820673,0.36385578,0.11122382,0.18527537,15.76209722,15.8606604,1,1,1569.60520618,0
2993,0.4237233,0.53590446,0.43783913,0.16581389,0.25093052,15.52890014,15.68040737,1,1,1499.07055787,0
2994,0.5238705,0.59034092,0.5153595,0.29181691,0.19781032,15.85994063,15.91793676,1,1,689.04836453,0
2995,0.63940914,0.62395807,0.58062785,0.4159569,0.26167291,15.81818133,15.90204273,1,1,100.12867307,0
2996,0.70855648,0.66937122,0.64074516,0.5370107,0.21366635,15.66489466,15.78010469,1,1,133.17437162,0
2997,0.76619008,0.68665165,0.64822411,0.65617974,0.16809119,15.54024667,15.56314038,1,1,1582.31121955,0
2998,0.76637604,0.68589368,0.64832342,0.77274084,0.10588551,15.98572688,16.04899642,1,1,122.89022227,0
2999,0.67745304,0.62376291,0.65130505,0.86019183,0.15211412,15.31622391,15.39058118,1,1,100.59744747,0
3000,0.6645143,0.56665093,0.6055787,0.9639013,0.0937437,15.77437787,15.85147731,1,1,100.00401556,0
3001,0.60109664,0.48915932,0.5717192,0.99379453,0.09288981,15.49244568,15.51318245,1,1,199.76017243,0
3002,0.5159311,0.3867709,0.50689335,0.86635436,0.13660151,15.38394472,15.41535983,1,1,1583.59807972,0
3003,0.43580051,0.31942135,0.48245207,0.96954638,0.06927455,15.6552974,15.70909739,1,1,100.49576364,0
3004,0.40780768,0.26799077,0.45273676,1,0.01011145,15.245,15.27097207,1,1,100.00025982,0
3005,0.36076742,0.23250338,0.41423277,1,0.06011047,15.49554048,15.49780433,1,1,108.86428117,0
3006,0.36098833,0.23337985,0.41448337,0.90308982,0.10833717,15.23488759,15.37575316,1,1,185.0852267,0
3007,0.4353928,0.3257942,0.45807969,1,0.11777081,15.3707349,15.38089666,1,1,1328.76815005,0
3008,0.46742128,0.37901728,0.4774905,0.92518729,0.13312915,15.45802928,15.51999489,1,1,134.06766717,0
3009,0.49548107,0.47645446,0.48618274,1,0.08338598,15.51638493,15.67138768,1,1,856.4718168,0
3010,0.52156621,0.56911694,0.5171714,0.87000221,0.13106838,15.35354222,15.35966283,1,1,336.86596645,0
3011,0.57921497,0.66598575,0.56996677,0.74283358,0.06692515,16.20127759,16.2572421,1,1,1443.92700452,0
3012,0.58101944,0.72478769,0.56532068,0.85140965,0.00213778,15.82967763,15.97236888,1,1,102.29415828,0
3013,0.60332744,0.73363531,0.57601835,0.94051489,0.0231476,15.28437228,15.37023176,1,1,100.03596801,0
3014,0.6028584,0.73339938,0.57588064,0.81827741,0,16.01412571,16.09051933,1,1,107.0388339,0
3015,0.53725264,0.67006592,0.55915866,0.69431973,0,15.54046832,15.61101452,1,1,140.73295469,0
3016,0.51621363,0.59460526,0.54311364,0.59236309,0,15.50198726,15.62152415,1,1,1497.34371087,0
3017,0.47593346,0.54122031,0.50990324,0.63051204,0.01400395,15.71275892,15.71805584,1,1,1584.86010049,1
3018,0.42710638,0.43935598,0.45908269,0.66790138,0.00396264,15.87265427,15.9905465,1,1,365.3493025,1
3019,0.41455251,0.38283314,0.45012679,0.66293065,0,15.48477061,15.53366784,1,1,1211.81360334,1
3020,0.39881703,0.35185031,0.42851092,0.6797932,0,15.3768461,15.38028254,1,1,100.34247683,1
3021,0.39851324,0.35225214,0.42826182,0.71440084,0.02909894,15.54324199,15.63127249,1,1,687.30612599,1
3022,0.46212137,0.43660332,0.44180251,0.67014034,0.04729904,15.58586387,15.68200809,1,1,110.44781576,1
3023,0.44884369,0.43931301,0.43405076,0.7064248,0.07606795,15.69682247,15.82464305,1,1,1568.18699405,1
3024,0.46687177,0.4490911,0.44838368,0.66233317,0.09788593,15.55713362,15.61976957,1,1,100.22150134,1
3025,0.48233759,0.43033082,0.44374042,0.67858858,0.08964336,15.86877364,15.96056502,1,1,1582.21124552,1
3026,0.47592162,0.42667511,0.45049196,0.63530061,0.07785138,15.99173056,16.11616893,1,1,1530.50201301,1
3027,0.48851081,0.43349157,0.44672735,0.67235836,0.07384093,15.17553629,15.17665692,1,1,100.72439267,1
3028,0.4968045,0.42715658,0.45783635,0.70878619,0.09144025,15.64541917,15.6954593,1,1,1576.94998039,1
3029,0.49720447,0.42718465,0.45766361,0.74196949,0.11237683,16.07678645,16.14348073,1,1,1582.93280961,1
3030,0.55261751,0.44732448,0.48275747,0.77617176,0.10099935,15.00112766,15.14301835,1,1,212.16725543,1
3031,0.57581032,0.46479007,0.46707655,0.75403426,0.12865159,15.30433067,15.45519632,1,1,118.92607701,1
3032,0.5677177,0.45295052,0.46709777,0.78249764,0.15383584,16.09690527,16.10470101,1,1,1527.08961567,1
3033,0.54755575,0.47549364,0.48287759,0.76586059,0.17221212,15.16680625,15.28799789,1,1,100.0363861,1
3034,0.5464502,0.47388921,0.47673691,0.76032382,0.16689755,16.210885,16.24986483,1,1,100.05680645,1
3035,0.54454698,0.48460749,0.47734822,0.78329569,0.19355959,15.90466009,15.91247021,1,1,101.69423081,1
3036,0.53383999,0.48989381,0.47024941,0.81246578,0.18115792,15.67490013,15.80160747,1,1,1441.87429431,1
3037,0.53360607,0.49081858,0.47032545,0.77430661,0.16756695,15.82417211,15.87730355,1,1,1548.21853631,1
3038,0.54545932,0.47558064,0.48561112,0.72884232,0.19204389,15.79892917,15.9204556,1,1,1256.59700818,1
3039,0.54853038,0.48795703,0.4793263,0.75977724,0.17828193,15.2018134,15.20318207,1,1,100.27909555,1
3040,0.53527228,0.47892588,0.48180941,0.79431649,0.16909704,15.3644633,15.42895921,1,1,100.01931193,1
3041,0.54457204,0.48865189,0.50673773,0.80764771,0.15915546,15.55999948,15.60771922,1,1,558.69911617,1
3042,0.5157182,0.51338151,0.4810398,0.81253648,0.14636774,15.46275369,15.47645679,1,1,150.39615568,1
3043,0.515559,0.51434571,0.48123045,0.77117953,0.15971935,16.69114439,16.7792495,1,1,100.00517451,1
3044,0.49519949,0.49511207,0.50212294,0.72698202,0.17820054,15.85614128,15.92313031,1,1,100.00146801,1
3045,0.505615,0.49332592,0.49003975,0.75382197,0.2038007,16.20296694,16.32848151,1,1,236.37025257,1
3046,0.49068596,0.48972891,0.51265963,0.74495838,0.19002036,15.84625998,15.97530235,1,1,1468.90276142,1
3047,0.48859866,0.49971984,0.48645743,0.70061719,0.21506012,15.91532317,15.95087426,1,1,100.00816079,1
3048,0.48385598,0.49821143,0.4895394,0.73659806,0.20524102,15.6785382,15.67957251,1,1,483.29259331,1
3049,0.48406875,0.4985823,0.48983067,0.77033343,0.22401194,15.87672866,16.00278597,1,1,100.14858606,1
3050,0.5311776,0.56716941,0.49126418,0.73024216,0.24926453,15.67829268,15.69199178,1,1,100.1162547,1
3051,0.54539913,0.54469999,0.50746124,0.6862907,0.27211994,15.49988904,15.58009422,1,1,100.53377305,1
3052,0.54765078,0.57224915,0.50396877,0.6707628,0.29504623,15.66097647,15.72850848,1,1,1436.69895896,1
3053,0.54687659,0.56269233,0.49664502,0.70692689,0.31891662,15.39976097,15.53409499,1,1,225.35289414,1
3054,0.54433334,0.54641422,0.49318454,0.66591772,0.3026116,15.62949641,15.78203219,1,1,1559.2644837,1
3055,0.54401851,0.54646501,0.49327507,0.70091993,0.28655993,15.5292516,15.63683855,1,1,427.7161333,1
3056,0.5250187,0.5153295,0.51975888,0.70023015,0.29829228,15.86521738,16.00500562,1,1,106.82023618,1
3057,0.52229773,0.51963659,0.52037431,0.65972032,0.31957492,15.80403824,15.81309648,1,1,100.1272285,1
3058,0.50705547,0.52331635,0.51265298,0.69634768,0.30610141,15.3889561,15.47981276,1,1,100.18990452,1
3059,0.52846669,0.53230002,0.49877666,0.73217318,0.30963653,15.75140252,15.8590135,1,1,394.40897374,1
3060,0.52506799,0.52296571,0.51735767,0.76565313,0.29618493,15.9617595,16.11488774,1,1,100.39953097,1
3061,0.52514057,0.52366483,0.51707421,0.80034006,0.28037081,15.32034529,15.3689359,1,1,103.08642873,1
3062,0.51319019,0.50951068,0.52226033,0.75994281,0.30476094,15.40599579,15.50557635,1,1,1072.93893938,1
3063,0.51969225,0.51277151,0.53201034,0.79472818,0.2886697,15.48657905,15.5733408,1,1,156.00675394,1
3064,0.49952559,0.52062821,0.52589288,0.76622157,0.30601386,15.5839867,15.68684562,1,1,100.52951889,1
3065,0.51526586,0.50172357,0.51617251,0.72471462,0.32465538,15.79612652,15.92330338,1,1,132.72065588,1
3066,0.50941676,0.48982239,0.52221972,0.68036497,0.3087431,15.56244982,15.64102961,1,1,1584.7595336,1
3067,0.51779502,0.50091749,0.53504236,0.66802282,0.30827909,15.82043831,15.84563957,1,1,103.50035726,1
3068,0.51778699,0.49985218,0.53530032,0.66572933,0.30595999,15.9703041,15.99951652,1,1,1584.89302613,1
3069,0.51601636,0.43628675,0.53644712,0.68793276,0.32933675,15.7143971,15.78553958,1,1,1444.06468115,1
3070,0.49705486,0.45171814,0.52983718,0.70203102,0.34523043,16.02736795,16.14001946,1,1,1573.4350481,1
3071,0.48361982,0.45341974,0.53091685,0.67563984,0.32928062,15.97148377,15.99755741,1,1,1519.00524988,1
3072,0.47361424,0.45802451,0.51463798,0.69419686,0.34129421,15.67674484,15.73050564,1,1,338.70728793,1
3073,0.48579584,0.46254591,0.50419784,0.66308001,0.32448711,15.65602917,15.7923388,1,1,1408.94082704,1
3074,0.48592591,0.46168449,0.50428562,0.69081674,0.34754634,15.87767194,15.95395323,1,1,101.02378093,1
3075,0.49322596,0.53874431,0.50442159,0.64700412,0.33098789,15.9737146,16.1241584,1,1,100.10079739,1
3076,0.52240202,0.52975152,0.50557202,0.68290459,0.35070611,15.11924743,15.13766152,1,1,1582.58468126,1
3077,0.52031193,0.50973392,0.51801026,0.6392546,0.37324719,15.66011601,15.75022074,1,1,100.0213927,1
3078,0.53211892,0.50985033,0.50842015,0.67624244,0.35652449,15.4712272,15.58566528,1,1,100.41507018,1
3079,0.53236126,0.5082026,0.50842942,0.63274813,0.36725051,15.85257875,15.85559013,1,1,104.49497692,1
3080,0.53230166,0.47299877,0.51206925,0.5901823,0.38989907,15.69297523,15.83277745,1,1,603.35865681,1
3081,0.52507199,0.45847359,0.523129,0.54967937,0.37210167,15.73570496,15.76927676,1,1,100.30272042,1
3082,0.5357213,0.48232629,0.53219858,0.58357256,0.39460326,15.51482254,15.64345524,1,1,101.61249994,1
3083,0.52637516,0.49363325,0.51004923,0.60954266,0.3767116,15.47198016,15.60816814,1,1,100.00073379,1
3084,0.5156568,0.50339984,0.5094972,0.56762504,0.35928913,15.98008701,16.12200848,1,1,100.39345013,1
3085,0.51553519,0.50362926,0.50925233,0.53306205,0.37986188,15.79566707,15.84373356,1,1,1584.76402371,1
3086,0.49666811,0.48243361,0.51588021,0.56726446,0.36226491,15.91991759,15.92191307,1,1,107.84344358,1
3087,0.5027796,0.48998895,0.53089712,0.58427811,0.34539898,16.20386692,16.26235918,1,1,100.08911909,1
3088,0.48425124,0.47094055,0.5261073,0.61020383,0.35430394,15.80476938,15.93094036,1,1,100.00590528,1
3089,0.49962021,0.47536666,0.51591604,0.56799975,0.3772169,16.08696447,16.18718523,1,1,1309.03830097,1
3090,0.48050671,0.48575382,0.52096014,0.52961653,0.35967263,15.89866866,15.96876048,1,1,737.54212087,1
3091,0.48053509,0.48673789,0.52099715,0.48940727,0.38102078,15.82921565,15.90427017,1,1,100.49286985,1
3092,0.48051963,0.55092215,0.52134382,0.46519422,0.36354972,15.8911673,16.0434949,1,1,101.90408975,1
3093,0.49364813,0.54283349,0.52900124,0.50565884,0.38204309,15.43848349,15.57764891,1,1,110.17251182,1
3094,0.50766053,0.5463667,0.52202172,0.46577472,0.36883046,15.69987121,15.73448539,1,1,1584.64375989,1
3095,0.50569551,0.52640502,0.5213636,0.50284446,0.39145385,15.63871414,15.75377615,1,1,1515.63407118,1
3096,0.51878771,0.51084323,0.53593077,0.53836857,0.39698559,15.76958581,15.81025873,1,1,775.43235897,1
3097,0.51847936,0.50985749,0.53614136,0.52789545,0.37912711,15.71060925,15.86316748,1,1,100.9813904,1
3098,0.55682914,0.50180015,0.55146334,0.56712653,0.37289758,15.92536593,15.98475463,1,1,1574.90160278,1
3099,0.5417639,0.49947228,0.55144819,0.5260462,0.39543932,15.93688987,16.01237341,1,1,240.27686943,1
3100,0.53019866,0.49620991,0.53304451,0.54655645,0.38033613,15.73083714,15.80888172,1,1,111.00528398,1
3101,0.52759852,0.52681826,0.54781623,0.58549501,0.36273101,15.84152918,15.92903789,1,1,102.72429247,1
3102,0.52759133,0.52687393,0.54769133,0.61714526,0.3455745,15.24491576,15.27617841,1,1,1524.43088076,1
3103,0.51015286,0.47222413,0.56163268,0.65445651,0.36851657,15.31121876,15.31344733,1,1,101.05322821,1
3104,0.50025566,0.4774858,0.55302431,0.6113706,0.36423903,15.60726091,15.62845756,1,1,100.00857278,1
3105,0.50197392,0.48966697,0.55700109,0.64791361,0.34695664,16.13398038,16.27349237,1,1,138.60454411,1
3106,0.48785541,0.4718716,0.56618503,0.60673851,0.33002812,16.05419259,16.06547903,1,1,595.51565731,1
3107,0.47338856,0.48900724,0.55095667,0.5657429,0.35330758,15.87641402,15.9328942,1,1,786.699948,1
3108,0.47337377,0.49005874,0.55102483,0.59138451,0.37623175,15.97845137,16.0435844,1,1,1148.48145328,1
3109,0.51845055,0.56968008,0.55735657,0.57690614,0.3587232,15.4630819,15.53290748,1,1,1545.09524469,1
3110,0.52667206,0.56452038,0.57306721,0.5367653,0.35566699,15.4307927,15.43095022,1,1,102.56726532,1
3111,0.51734754,0.55407614,0.55069858,0.57076249,0.34582758,15.7707424,15.87670491,1,1,103.31492943,1
3112,0.52722925,0.54151448,0.56715504,0.54595826,0.36817213,15.57360589,15.64371852,1,1,111.03628811,1
3113,0.55112902,0.53248971,0.54532824,0.58503873,0.39074196,15.6004704,15.62814677,1,1,100.61243046,1
3114,0.55112419,0.53295688,0.54543719,0.55877303,0.39157109,15.95638561,16.00610534,1,1,136.56028856,1
3115,0.50720498,0.4835909,0.54530097,0.59715246,0.37375395,15.52646328,15.60149258,1,1,574.05595784,1
3116,0.50565115,0.50115132,0.55447341,0.56698605,0.39617162,15.52799525,15.58482335,1,1,1355.37363745,1
3117,0.50011639,0.49017919,0.56720572,0.52740158,0.4177072,15.58908445,15.67798822,1,1,118.80169243,1
3118,0.49399727,0.47880681,0.5543836,0.48994154,0.41433267,15.42938531,15.51968866,1,1,101.17328475,1
3119,0.51137207,0.47480353,0.56484131,0.45393399,0.39607672,15.85171651,15.85345584,1,1,478.88249589,1
3120,0.51176325,0.49010417,0.54581693,0.48452412,0.41815262,15.68002383,15.7356629,1,1,101.18650839,1
3121,0.51165393,0.48942396,0.54589094,0.52471485,0.43975946,15.8882445,16.01393538,1,1,580.70814043,1
3122,0.50315822,0.44435847,0.55111631,0.56390155,0.46096353,15.4111861,15.43985021,1,1,117.76907009,1
3123,0.49113349,0.43993458,0.55723624,0.52262352,0.47511525,15.38756339,15.49826503,1,1,100.00924903,1
3124,0.48616444,0.45651948,0.53622233,0.49160566,0.45564131,15.99820419,16.13548019,1,1,1081.29829886,1
3125,0.48310294,0.45972988,0.55160178,0.53167299,0.47609003,15.60051343,15.6977216,1,1,1086.52296571,1
3126,0.48430792,0.46101616,0.52321652,0.56164206,0.46166504,15.94958331,16.08245751,1,1,101.67525224,1
3127,0.48405295,0.46243901,0.52298684,0.52042726,0.474074,15.51283306,15.53831612,1,1,167.18000271,1
3128,0.53970115,0.50607633,0.53770163,0.48061456,0.45505995,15.7041861,15.7197943,1,1,125.07082113,1
3129,0.53740843,0.51542245,0.52218226,0.44101686,0.47595875,15.87729236,15.91156212,1,1,203.89936057,1
3130,0.55866487,0.5315978,0.53288231,0.40594534,0.49284241,16.00214192,16.09836306,1,1,1584.710114,1
3131,0.54067993,0.52165162,0.52017539,0.44779894,0.47720572,15.75753057,15.83941011,1,1,105.69705834,1
3132,0.55430383,0.51889277,0.52745734,0.40890794,0.46258797,15.74216595,15.81109019,1,1,526.03483696,1
3133,0.55402905,0.5187319,0.52757918,0.45072789,0.47340562,15.95766991,16.09553607,1,1,201.97628351,1
3134,0.53694998,0.47316464,0.54852025,0.47415732,0.45584746,15.36086027,15.46322441,1,1,1347.61923394,1
3135,0.53053219,0.45854007,0.55397529,0.43542195,0.47668336,15.37250561,15.488078,1,1,1521.28379786,1
3136,0.52349437,0.46850907,0.52756022,0.46308623,0.46894887,16.40912937,16.43253258,1,1,100.00015685,1
3137,0.50752319,0.4675722,0.54317511,0.4278576,0.48569832,16.02073795,16.17334302,1,1,100.0140059,1
3138,0.51051864,0.45401338,0.52359719,0.39019073,0.49601211,15.84587384,15.93936724,1,1,100.07103856,1
3139,0.50213732,0.46411252,0.53888211,0.43238659,0.47609858,15.52257487,15.58832553,1,1,100.00369294,1
3140,0.50224252,0.46265224,0.53871277,0.39373929,0.45687736,15.51578057,15.62850279,1,1,130.18977784,1
3141,0.55073223,0.45988823,0.54620494,0.35588757,0.43819825,15.65381786,15.73864457,1,1,1548.34307349,1
3142,0.55428289,0.48072197,0.55167668,0.39700001,0.41943429,16.07949707,16.12099538,1,1,155.23641357,1
3143,0.52512961,0.48683892,0.53543937,0.36515631,0.40549769,15.64636647,15.77962722,1,1,1579.50108211,1
3144,0.53393227,0.50569947,0.5310904,0.3299179,0.4273746,16.12047075,16.1948576,1,1,323.06517647,1
3145,0.51149116,0.51495547,0.53176256,0.29333242,0.40991916,15.82937945,15.9317195,1,1,101.51433074,1
3146,0.51168933,0.51513598,0.53150909,0.25751599,0.41368813,15.73308958,15.86701017,1,1,150.21572811,1
3147,0.53160194,0.51468418,0.53424837,0.22303612,0.40042235,15.66318282,15.73126221,1,1,100.00872095,1
3148,0.5240451,0.51481175,0.52188721,0.18909693,0.40801063,16.07452939,16.11352425,1,1,137.76008453,1
3149,0.53660111,0.52329462,0.53777602,0.22767645,0.42985038,15.7256871,15.84260309,1,1,103.39219932,1
3150,0.51727971,0.5199333,0.52600597,0.27223031,0.41125341,15.42107084,15.50010527,1,1,1114.0213934,1
3151,0.51743781,0.52043053,0.526183,0.23697287,0.41572132,16.00882064,16.02959529,1,1,1584.42375408,1
3152,0.49943983,0.48600572,0.53809473,0.28223282,0.43740001,15.42743142,15.47123106,1,1,101.93814849,1
3153,0.49034951,0.47755782,0.54333704,0.2468799,0.42342508,15.59859717,15.64244073,1,1,108.39573232,1
3154,0.48965219,0.47494944,0.52853471,0.28988777,0.44495632,15.77607804,15.84314008,1,1,103.53159356,1
3155,0.49577936,0.47828568,0.51651146,0.27425886,0.42717044,15.43424559,15.57395091,1,1,120.43603262,1
3156,0.47873651,0.49129534,0.51691754,0.30744085,0.40862918,15.51096849,15.51867678,1,1,107.91604581,1
3157,0.47855866,0.49170139,0.51681722,0.34787586,0.39168782,15.47556205,15.57356314,1,1,285.31653749,1
3158,0.44067419,0.52333013,0.5465451,0.39046805,0.41384547,15.66865383,15.71185935,1,1,1560.51924386,1
3159,0.4518189,0.52787472,0.52719741,0.35265872,0.4325992,15.74381153,15.83341129,1,1,104.64644632,1
3160,0.47772862,0.50199159,0.54191008,0.39537843,0.45392008,15.2360825,15.29617162,1,1,113.64965935,1
3161,0.48244714,0.51065592,0.52682668,0.43746583,0.44793192,15.7047853,15.75735228,1,1,100.0000499,1
3162,0.48640373,0.48892968,0.54094482,0.45323893,0.43590583,15.50173925,15.5629711,1,1,181.181711,1
3163,0.49808524,0.48566759,0.5164515,0.41882192,0.45701087,15.5564541,15.60293515,1,1,1512.1657374,1
3164,0.49809865,0.48615145,0.51660713,0.45057107,0.47787007,15.50109127,15.6139604,1,1,1561.86975179,1
3165,0.55443885,0.49775764,0.54230259,0.49155958,0.4595892,15.88410485,15.93813422,1,1,1199.49643095,1
3166,0.55634447,0.51475247,0.5441801,0.451737,0.45289177,15.80584856,15.85924058,1,1,1552.34688115,1
3167,0.53794649,0.51137775,0.53627986,0.48970543,0.44224651,15.73580572,15.7670367,1,1,670.59968858,1
3168,0.5348146,0.52724023,0.53274118,0.5291969,0.43260071,16.01907876,16.16182975,1,1,100.26862263,1
3169,0.54393087,0.51932908,0.53663527,0.54428416,0.4140499,15.59584682,15.61079666,1,1,1064.42475963,1
3170,0.54388409,0.51947853,0.53660162,0.51165063,0.43550039,14.93785972,14.97882054,1,1,123.81867167,1
3171,0.51503133,0.45011223,0.55978412,0.52016622,0.41680547,15.66505365,15.79199984,1,1,118.82917636,1
3172,0.5183864,0.45691587,0.55404536,0.55976029,0.39847714,15.98815114,16.12920006,1,1,100.00206375,1
3173,0.51482446,0.46912642,0.55638603,0.58097185,0.38098174,15.50364083,15.57386317,1,1,105.02717292,1
3174,0.49504416,0.46463718,0.53398888,0.53937794,0.40332303,15.78161847,15.92313191,1,1,1407.81654027,1
3175,0.50435974,0.47356395,0.54667639,0.49968302,0.38697967,15.41021465,15.48510907,1,1,100.02461262,1
3176,0.50451913,0.47265675,0.54677426,0.53959786,0.4091323,15.24761732,15.25192195,1,1,101.01014115,1
3177,0.50875491,0.42316243,0.56304968,0.57880522,0.3909501,15.67382713,15.71907831,1,1,1441.07866993,1
3178,0.5064436,0.43124501,0.53855595,0.55115145,0.37339247,15.83788001,15.88033264,1,1,1504.28056523,1
3179,0.50692025,0.42096131,0.5199602,0.58456215,0.36037403,15.8294596,15.89131904,1,1,103.38207506,1
3180,0.49223635,0.43549174,0.52955381,0.56885351,0.35000566,15.76476181,15.78129159,1,1,100.00509108,1
3181,0.49223337,0.43571979,0.5295463,0.60613806,0.33300592,15.35355112,15.38394304,1,1,123.26360275,1
3182,0.55151756,0.46121014,0.55305523,0.56454401,0.31634585,15.54135546,15.55802689,1,1,254.88542433,1
3183,0.57084646,0.4616203,0.55314036,0.60297613,0.3399405,15.50508484,15.58513187,1,1,149.0814389,1
3184,0.56211018,0.48996107,0.52930926,0.60999314,0.32314581,16.03639462,16.13604163,1,1,1579.24769582,1
3185,0.55793563,0.4764235,0.54691258,0.56787645,0.32553012,15.27663189,15.37994492,1,1,100.74869248,1
3186,0.55120184,0.50089925,0.54751462,0.60651384,0.34676426,15.3387143,15.38721593,1,1,467.54327479,1
3187,0.55157308,0.50170396,0.54764382,0.56662389,0.36865298,15.14885019,15.19285416,1,1,100.00324834,1
3188,0.53890583,0.44644493,0.57637994,0.52529302,0.35326346,15.38178319,15.46774517,1,1,1584.51792616,1
3189,0.54286509,0.46002101,0.56540676,0.56476444,0.3761817,15.73484905,15.87250063,1,1,100.24683904,1
3190,0.53700216,0.45527745,0.5424834,0.53986223,0.38130688,15.55663989,15.59578265,1,1,100.00057694,1
3191,0.53269347,0.4517887,0.54897045,0.52332911,0.36883989,15.29701307,15.35773821,1,1,144.23112032,1
3192,0.5262769,0.46544265,0.54770147,0.48607978,0.37035783,15.97866781,16.10792535,1,1,107.00757333,1
3193,0.52648717,0.46666678,0.54748201,0.44660753,0.39051566,15.53334772,15.61080437,1,1,995.46314019,1
3194,0.53453871,0.41657167,0.55648052,0.40786264,0.4126854,15.47481638,15.48529531,1,1,547.03773991,1
3195,0.52105398,0.40975591,0.55585212,0.43679518,0.42151991,15.60501578,15.73337559,1,1,100.00164258,1
3196,0.51978907,0.41769374,0.54214211,0.47331594,0.43472271,15.20063391,15.27770798,1,1,100.03280916,1
3197,0.4888896,0.4248495,0.53275207,0.45312164,0.45493066,15.84994333,15.95674339,1,1,1571.28967997,1
3198,0.49459188,0.43795824,0.548641,0.49405139,0.46574152,15.59654209,15.63419876,1,1,1583.74391198,1
3199,0.49461416,0.43705355,0.54858833,0.53236725,0.48579293,15.94065039,16.06706114,1,1,145.44329337,1
3200,0.57798117,0.47455259,0.56986502,0.56996255,0.50210474,15.80722242,15.91200208,1,1,1573.05565746,1
3201,0.55157787,0.47478104,0.56852827,0.57903914,0.51919378,15.68234798,15.79457186,1,1,976.97966749,1
3202,0.55541075,0.47161038,0.57183492,0.55401661,0.4988137,15.65372296,15.72115056,1,1,100.1528417,1
3203,0.55638654,0.48006677,0.55063059,0.57307606,0.51556188,15.93300166,16.02961366,1,1,100.82973334,1
3204,0.56550757,0.49243699,0.5623525,0.60055325,0.51038481,15.59669607,15.67709424,1,1,570.78048945,1
3205,0.55440384,0.50931594,0.56166167,0.55856916,0.49187335,15.8719674,15.94677363,1,1,100.00183699,1
3206,0.55454294,0.50955914,0.56173534,0.59717054,0.48447192,15.8191634,15.83544145,1,1,1101.90977437,1
3207,0.56234357,0.46014823,0.56170733,0.6350942,0.50478208,15.57211642,15.62416659,1,1,131.16711216,1
3208,0.55415435,0.46796519,0.58872595,0.67237307,0.5246864,15.70319572,15.71527218,1,1,101.86169461,1
3209,0.52973146,0.47047767,0.58541569,0.70892499,0.54381569,15.83079079,15.90560606,1,1,1151.16284422,1
3210,0.5299547,0.47721092,0.55307848,0.69156877,0.52377999,15.63597957,15.73048894,1,1,1583.15720761,1
3211,0.53377468,0.48596023,0.57173198,0.72531828,0.54316213,15.53484403,15.56826342,1,1,123.64946037,1
3212,0.52889253,0.49360856,0.55100031,0.68710161,0.54240473,16.11909591,16.24006752,1,1,102.47651071,1
3213,0.52847769,0.49441674,0.55114685,0.64630883,0.52169251,16.3483281,16.46095292,1,1,287.05559817,1
3214,0.49548911,0.4444046,0.5692369,0.68270292,0.50127656,15.71706431,15.801095,1,1,119.61999541,1
3215,0.51295481,0.44868966,0.56802,0.7190481,0.49319307,15.23407407,15.24111186,1,1,524.37103044,1
3216,0.48678024,0.4673041,0.56343273,0.67479367,0.47402967,15.68651062,15.80006591,1,1,1357.94441352,1
3217,0.49655554,0.46337137,0.5469165,0.65727131,0.49418291,15.47898387,15.5452177,1,1,1539.20112535,1
3218,0.50164997,0.45403304,0.55618455,0.61432353,0.51380926,15.43230511,15.43699593,1,1,101.53094783,1
3219,0.50197471,0.45346644,0.55615552,0.65181265,0.53342336,15.83237367,15.97705864,1,1,100.00009377,1
3220,0.54802139,0.44933239,0.55105089,0.66478115,0.51413746,15.81460565,15.95053922,1,1,100.29417507,1
3221,0.54236063,0.47024579,0.57492427,0.68243921,0.53385463,15.77869088,15.8918199,1,1,133.08322424,1
3222,0.54344179,0.47325925,0.56613527,0.67847521,0.55311448,15.16660204,15.18153795,1,1,364.34956541,1
3223,0.544161,0.47595297,0.56444099,0.71322684,0.57095665,15.74029805,15.89386254,1,1,272.14979982,1
3224,0.52673923,0.49968792,0.54500775,0.67140907,0.58935094,15.7615068,15.87074703,1,1,1152.3017123,1
3225,0.52700329,0.49868478,0.544819,0.70746257,0.60749126,15.93078049,16.0018182,1,1,1584.70984801,1
3226,0.5590864,0.44039857,0.54216638,0.69131582,0.62528697,15.60632658,15.7479878,1,1,323.55330737,1
3227,0.52333829,0.45248706,0.54269614,0.67205992,0.60278623,16.02629034,16.18584076,1,1,100.86769363,1
3228,0.52162882,0.45490857,0.56386551,0.70861872,0.62072757,15.6667412,15.7065683,1,1,100.0471617,1
3229,0.50190824,0.47001436,0.53168932,0.74444563,0.63643245,15.8261872,15.87275431,1,1,100.00126287,1
3230,0.51118598,0.496284,0.53442828,0.76193092,0.65369685,15.58824885,15.68212867,1,1,111.52198449,1
3231,0.51125054,0.497051,0.53461609,0.7965177,0.65177519,15.71132921,15.8352759,1,1,1267.49012955,1
3232,0.49876113,0.45679148,0.55759358,0.78725599,0.62874812,15.56043842,15.59791761,1,1,1580.4084795,1
3233,0.50512387,0.45549097,0.52591649,0.81741062,0.60651503,15.8286057,15.92395816,1,1,968.14715015,1
3234,0.48283068,0.45385575,0.51560221,0.77394339,0.58438929,16.08081146,16.08107841,1,1,100.81210964,1
3235,0.48747731,0.45663362,0.51610534,0.73032313,0.56315209,15.44370932,15.46752028,1,1,100.0497421,1
3236,0.46869499,0.45715591,0.52800425,0.68580218,0.57815594,15.6457969,15.70808791,1,1,121.65096631,1
3237,0.46902707,0.45775586,0.52797666,0.72208165,0.59659277,16.14583331,16.28373715,1,1,1344.38979287,1
3238,0.53141333,0.52651019,0.54152441,0.75592334,0.61420281,15.67399326,15.68371977,1,1,167.38225607,1
3239,0.53794848,0.51693641,0.53137691,0.79034088,0.63191424,15.76203489,15.90635961,1,1,104.00735977,1
3240,0.52227525,0.51522315,0.5241833,0.80848723,0.62283928,15.24871702,15.32337113,1,1,1530.8374906,1
3241,0.52974959,0.51179168,0.5422215,0.84001253,0.63473369,15.60488356,15.67659883,1,1,1581.81132547,1
3242,0.53613178,0.53308828,0.53807595,0.79321343,0.63631971,16.06547549,16.09990237,1,1,410.37394413,1
3243,0.53635266,0.53322069,0.5381055,0.82714729,0.65046062,15.9561291,16.04442129,1,1,1470.4435,1
3244,0.54948592,0.49076838,0.54981932,0.78099479,0.6351329,15.69588304,15.79639711,1,1,1535.81920813,1
3245,0.53960039,0.4977575,0.55902228,0.75376461,0.61243047,15.75128309,15.87946031,1,1,111.87009938,1
3246,0.52268579,0.49647731,0.53456938,0.78868586,0.63017703,15.38357111,15.4648389,1,1,916.63371899,1
3247,0.50914447,0.50811197,0.55224149,0.8229121,0.62548922,15.79236054,15.89163083,1,1,1578.39637623,1
3248,0.50796265,0.519532,0.54845627,0.77987373,0.64255614,15.57787155,15.62716666,1,1,100.52590261,1
3249,0.50797464,0.519664,0.54855654,0.73912354,0.65970337,15.18467112,15.32096612,1,1,1577.68170069,1
3250,0.54741237,0.50003494,0.50020412,0.69437043,0.67079012,15.35352674,15.41001585,1,1,496.66972472,1
3251,0.53684364,0.50526556,0.4434643,0.65755362,0.65455652,15.55428974,15.56103126,1,1,1479.88191217,1
3252,0.51891849,0.50583376,0.39732059,0.69381923,0.63149667,15.57494428,15.69923796,1,1,1305.26115296,1
3253,0.52097441,0.51382209,0.35547003,0.70845262,0.61112414,16.44950376,16.59128954,1,1,101.70476622,1
3254,0.52055767,0.51331927,0.35533425,0.74280639,0.62867058,15.38254359,15.49919063,1,1,107.74472823,1
3255,0.51878601,0.48746603,0.37317775,0.69798026,0.60610197,15.82002797,15.87344835,1,1,100.47016314,1
3256,0.4943355,0.49028095,0.38964316,0.73205122,0.61445347,15.06857456,15.15298276,1,1,1583.08541991,1
3257,0.49233236,0.4930178,0.40733016,0.69184936,0.63200177,15.407345,15.55253416,1,1,125.26043234,1
3258,0.49343121,0.47770007,0.43394461,0.65281126,0.64934327,15.7787351,15.83426529,1,1,1540.60626682,1
3259,0.49327603,0.47655334,0.43383128,0.60985103,0.66635365,15.58102044,15.69120178,1,1,100.22622451,1
3260,0.55707932,0.49894542,0.44452035,0.56765452,0.64315053,15.74493855,15.77624277,1,1,516.81895671,1
3261,0.55681162,0.52004297,0.45640001,0.5263306,0.65793191,15.75441431,15.9097374,1,1,1584.89316282,1
3262,0.53159873,0.5048947,0.46250781,0.52272606,0.64636925,15.96951104,16.04111141,1,1,273.65690158,1
3263,0.53441026,0.53123673,0.45705123,0.51999202,0.66337586,15.72116555,15.75907024,1,1,255.63908421,1
3264,0.52545683,0.53741384,0.46630081,0.52816619,0.64078997,15.71160738,15.75376504,1,1,111.23128197,1
3265,0.52554121,0.53807004,0.46625933,0.48835399,0.65770886,15.55575449,15.66652723,1,1,165.33326415,1
3266,0.51181563,0.46299804,0.46964372,0.52714721,0.67449848,15.88766813,16.01129489,1,1,110.16932732,1
3267,0.51817929,0.4661773,0.47580846,0.53265753,0.65106649,16.1742317,16.32348983,1,1,1133.18474805,1
3268,0.48549191,0.48866383,0.48934944,0.49216209,0.66419196,15.67275134,15.76191603,1,1,184.05071008,1
3269,0.4772982,0.50009566,0.48671203,0.46382325,0.6423449,15.45755252,15.54074369,1,1,818.74105956,1
3270,0.47477984,0.50703388,0.50200108,0.43843113,0.61953427,16.15180088,16.28893267,1,1,1584.8084354,1
3271,0.4751248,0.50782614,0.50189637,0.47966159,0.63714227,15.73981889,15.78348044,1,1,1584.84196689,1
3272,0.49509016,0.57966569,0.51867473,0.44026206,0.63291518,15.16713921,15.29680873,1,1,197.2192683,1
3273,0.49949212,0.56787857,0.53172226,0.48141194,0.61798239,15.71096682,15.84889159,1,1,106.89946256,1
3274,0.49767908,0.55423936,0.51217224,0.51230679,0.63560801,15.49787949,15.60448081,1,1,100.0000569,1
3275,0.51369239,0.54917359,0.50666751,0.5239031,0.6130652,15.66943382,15.74654922,1,1,1584.3427541,1
3276,0.53443419,0.53521622,0.51751215,0.5583676,0.59080634,15.52166362,15.59157209,1,1,1576.51384175,1
3277,0.53486438,0.5362163,0.51765171,0.54449091,0.60258333,15.85194873,15.95321497,1,1,692.42641807,1
3278,0.54972534,0.49451191,0.54210351,0.58323939,0.58793837,15.6253172,15.69686317,1,1,1390.90212486,1
3279,0.5213506,0.49657261,0.52127039,0.61926556,0.59703939,15.59960844,15.67765867,1,1,188.20306601,1
3280,0.52643114,0.51643277,0.53275298,0.59848392,0.57514749,15.72927297,15.80988282,1,1,160.00242626,1
3281,0.51438274,0.50663705,0.52923018,0.6365141,0.58482365,15.60698268,15.61987164,1,1,157.61246147,1
3282,0.51384646,0.51736011,0.52547807,0.59652389,0.56376817,15.97126962,16.02571727,1,1,111.68924947,1
3283,0.5139259,0.5180541,0.52561302,0.55461642,0.58217001,15.59268366,15.73100888,1,1,1385.39002526,1
3284,0.4937754,0.47206148,0.54002021,0.55828265,0.60008339,15.67112682,15.81110598,1,1,1557.95651495,1
3285,0.49133081,0.46008706,0.53170601,0.59711695,0.6180326,15.52560835,15.5787366,1,1,100.01134895,1
3286,0.48289827,0.46986236,0.53554137,0.61564206,0.59643925,15.8582095,15.87461629,1,1,488.97785578,1
3287,0.48660278,0.47193357,0.53362889,0.57335753,0.60818944,15.2434955,15.35349944,1,1,1520.38387515,1
3288,0.47101107,0.48893736,0.54615878,0.53189246,0.58604268,16.30508666,16.44904306,1,1,220.23513387,1
3289,0.4709155,0.48970147,0.54621787,0.49273138,0.60431865,15.79346171,15.94316418,1,1,1359.6188063,1
3290,0.51073776,0.55703221,0.5755093,0.51779859,0.58234016,15.78525051,15.82994971,1,1,115.12256505,1
3291,0.50472501,0.56418565,0.55449273,0.53412245,0.60008441,15.64882204,15.78058006,1,1,450.66382947,1
3292,0.52702122,0.55341441,0.53765297,0.56310428,0.60092462,15.99555411,16.07070873,1,1,308.10201882,1
3293,0.52241356,0.55612208,0.55100118,0.59306138,0.58906408,15.7584329,15.77161792,1,1,113.41063563,1
3294,0.52595468,0.55392619,0.56299213,0.60944657,0.6072664,15.68493459,15.69913684,1,1,101.26271987,1
3295,0.52566321,0.55385067,0.56318555,0.6014371,0.6242455,15.89232617,16.01013874,1,1,109.96239817,1
3296,0.50310243,0.53590045,0.58306144,0.56192535,0.60335571,15.66534296,15.78537733,1,1,290.54097816,1
3297,0.48877166,0.53148293,0.57133828,0.52070857,0.62083775,15.78744051,15.89384648,1,1,559.00799583,1
3298,0.4794523,0.52122646,0.57444547,0.56029416,0.59843943,15.65478077,15.67537113,1,1,100.05646862,1
3299,0.49307477,0.52701139,0.5600673,0.51917785,0.6151482,15.62687619,15.74949052,1,1,620.14826257,1
3300,0.49335465,0.50337079,0.56876359,0.55876911,0.63229715,16.48869603,16.57587218,1,1,1578.64777173,1
3301,0.4887898,0.51320911,0.56037264,0.51913748,0.61625391,15.37727365,15.39113691,1,1,109.388252,1
3302,0.48874221,0.51471303,0.56058825,0.55864254,0.60541877,15.40197351,15.5229034,1,1,182.84286179,1
3303,0.52194337,0.58852683,0.55476041,0.59746968,0.61887905,15.63498862,15.65719836,1,1,100.58331919,1
3304,0.52536647,0.5819907,0.55142566,0.55573638,0.59650176,15.91438435,15.95948875,1,1,588.84138497,1
3305,0.54317053,0.55834899,0.53666999,0.59327734,0.57457175,15.76338273,15.89479359,1,1,101.77396524,1
3306,0.5375571,0.58303533,0.53544104,0.6312695,0.59306942,15.67028142,15.7067636,1,1,104.6990533,1
3307,0.53755782,0.58419596,0.53546173,0.66844461,0.61117579,15.63342237,15.70819679,1,1,171.92112026,1
3308,0.51640435,0.5725431,0.53828165,0.7005883,0.62701015,15.78241808,15.84782549,1,1,1105.43610041,1
3309,0.51281899,0.56392935,0.55504825,0.66024399,0.63288983,15.70471887,15.72940811,1,1,100.00798844,1
3310,0.5207739,0.56358982,0.54849324,0.6170395,0.64921369,15.56381045,15.58856888,1,1,100.00104793,1
3311,0.50152811,0.56777128,0.54295512,0.65467827,0.66607263,15.63745661,15.76515433,1,1,1277.03384428,1
3312,0.51117334,0.53512497,0.55219294,0.63804345,0.68120396,16.2099045,16.22596449,1,1,1578.85591704,1
3313,0.49689981,0.5562597,0.54173613,0.67515231,0.69636404,15.4085546,15.49915482,1,1,109.85127892,1
3314,0.49686681,0.55758505,0.54168873,0.7115024,0.67308476,15.67391481,15.77911371,1,1,135.25558185,1
3315,0.46170342,0.575819,0.54403371,0.74551673,0.65037141,15.90876962,15.94591602,1,1,1582.65152892,1
3316,0.46043203,0.55809298,0.55186082,0.70087202,0.64111769,15.28165247,15.32926124,1,1,1005.58117495,1
3317,0.47135431,0.55002275,0.53949249,0.65687722,0.61850652,16.01740132,16.03958009,1,1,1583.55710309,1
3318,0.46852342,0.53079994,0.54844194,0.69373143,0.59613656,15.68893081,15.73848503,1,1,103.03131407,1
3319,0.48102044,0.53176637,0.53655035,0.64986143,0.60855407,15.58254193,15.62311043,1,1,284.98749867,1
3320,0.48831165,0.53286612,0.55015983,0.60696962,0.60233479,15.69557816,15.7774489,1,1,905.26224687,1
3321,0.48848192,0.53407534,0.55006001,0.56488992,0.62000514,15.87220908,16.01719511,1,1,132.67420464,1
3322,0.47772017,0.59539283,0.57760548,0.53040296,0.63650192,16.05301732,16.10119359,1,1,1154.56428038,1
3323,0.47861109,0.58148689,0.5511647,0.52497254,0.61377286,16.29661792,16.37660711,1,1,117.79873599,1
3324,0.49747867,0.57592231,0.53725867,0.56406088,0.59149801,15.65295766,15.77954264,1,1,1574.52054079,1
3325,0.49209731,0.54840178,0.55709654,0.52278137,0.60799312,15.44098449,15.50312388,1,1,1584.53121965,1
3326,0.50829213,0.55266803,0.54864096,0.55743753,0.60362442,15.60736003,15.62816989,1,1,100.11538016,1
3327,0.50813063,0.55018938,0.54886901,0.5163411,0.62104419,15.29289897,15.29542633,1,1,1515.41144076,1
3328,0.47235299,0.56566129,0.55837313,0.47791546,0.63841661,15.56187581,15.6112598,1,1,1574.93908639,1
3329,0.48330397,0.54840571,0.56548517,0.50734477,0.64590892,15.38493612,15.5232998,1,1,176.40435827,1
3330,0.49532831,0.53059595,0.53779832,0.54660498,0.65585903,16.15939561,16.16043785,1,1,633.65608361,1
3331,0.47957776,0.53963342,0.53891825,0.53630461,0.67264123,15.59506243,15.71715357,1,1,100.6599318,1
3332,0.50155085,0.52490546,0.54454546,0.50224881,0.67071938,15.60086204,15.64069112,1,1,1481.87139712,1
3333,0.50132256,0.52506516,0.54454533,0.53888798,0.64730502,15.55517083,15.70963249,1,1,100.57856976,1
3334,0.47917958,0.51314359,0.57306618,0.49853437,0.64973999,15.72078848,15.73861533,1,1,100.00166773,1
3335,0.47762609,0.52203776,0.56020711,0.50060222,0.62676011,15.99477128,16.09656841,1,1,602.38153127,1
3336,0.46853946,0.51816698,0.54424468,0.51235983,0.62134414,15.47322285,15.52744433,1,1,1584.56473854,1
3337,0.47779809,0.50632552,0.53574244,0.47212697,0.63817186,15.50956298,15.60383804,1,1,1545.35178486,1
3338,0.48358295,0.50110214,0.53386469,0.43283126,0.64679456,15.57727754,15.58103932,1,1,105.84737046,1
3339,0.48349375,0.500878,0.53372627,0.47413481,0.63559654,15.66240361,15.68522462,1,1,1523.80199027,1
3340,0.47156374,0.53978124,0.54184265,0.51457508,0.65288223,15.43756211,15.46825948,1,1,1549.81742135,1
3341,0.50485936,0.55880799,0.5580599,0.47428987,0.62991798,15.27032524,15.35953715,1,1,100.00053714,1
3342,0.50228087,0.52086883,0.53723166,0.5146551,0.60733317,15.64049216,15.76623244,1,1,107.59855773,1
3343,0.51892044,0.52015556,0.53975838,0.55431679,0.62242002,16.10223487,16.1121499,1,1,100.43086107,1
3344,0.53363445,0.52734687,0.55047926,0.56778104,0.60017681,15.49398064,15.56014006,1,1,586.79887194,1
3345,0.53333854,0.52709432,0.55014629,0.52643589,0.5864226,15.77519689,15.82720535,1,1,100.0005644,1
3346,0.56980993,0.52265321,0.56691549,0.56567499,0.56936044,15.89210257,15.99467626,1,1,100.15540215,1
3347,0.55259318,0.53695222,0.57309156,0.52459094,0.55710436,15.72869951,15.80805114,1,1,119.05619207,1
3348,0.55457817,0.52028764,0.54966502,0.56407027,0.53684665,15.10138316,15.21642846,1,1,100.07006046,1
3349,0.55101721,0.5428119,0.53951373,0.60218268,0.51810195,15.92101954,16.05746328,1,1,872.7335712,1
3350,0.51838709,0.5390568,0.55847019,0.56538683,0.5106552,15.85012645,15.86815742,1,1,100.82621578,1
3351,0.51853318,0.53960208,0.55845331,0.59324957,0.49044992,15.709882,15.74765851,1,1,1584.63513163,1
3352,0.48433755,0.50285018,0.56205152,0.5647544,0.48453709,15.32583037,15.34757582,1,1,105.40872723,1
3353,0.4645059,0.50736156,0.57312579,0.54618473,0.46489614,15.85201014,15.871882,1,1,100.37240555,1
3354,0.46440545,0.50018247,0.55178282,0.58526074,0.44815892,15.5373912,15.67621573,1,1,129.42659326,1
3355,0.46760175,0.50610092,0.56445507,0.54358312,0.429201,15.57993486,15.62961144,1,1,1575.24103362,1
3356,0.4842391,0.51004021,0.56037975,0.50286741,0.43077909,15.92890744,15.98954612,1,1,1315.67767552,1
3357,0.48434586,0.50971117,0.56054571,0.54257998,0.43384114,15.81453395,15.93995247,1,1,110.98819992,1
3358,0.4857142,0.56770444,0.58021915,0.58022904,0.45502582,15.93802761,16.02357053,1,1,100.0062185,1
3359,0.49846435,0.53543104,0.54223362,0.56850322,0.44528991,16.01957814,16.13085674,1,1,1529.76390996,1
3360,0.50653301,0.54533415,0.54105181,0.52724478,0.42638789,15.47493533,15.59234023,1,1,179.24556557,1
3361,0.51904067,0.5204797,0.5361027,0.55870734,0.41265977,15.7175797,15.79173205,1,1,1571.24270463,1
3362,0.51920402,0.51994761,0.53619451,0.51757452,0.394409,15.40598461,15.42876109,1,1,1482.81073622,1
3363,0.50603458,0.4958904,0.53632957,0.47812749,0.41652068,15.89146354,15.89917688,1,1,342.32852571,1
3364,0.50488516,0.49783994,0.54786237,0.46863217,0.43772669,15.91047941,16.04587338,1,1,1584.00005905,1
3365,0.49406995,0.49578291,0.55878205,0.50893908,0.41897254,15.25260788,15.31314476,1,1,100.00749104,1
3366,0.47584986,0.47394039,0.55033231,0.5387461,0.43858526,15.76370516,15.79961819,1,1,1573.2222179,1
3367,0.48873076,0.49282288,0.54316421,0.54149492,0.45511224,16.13111721,16.19144863,1,1,146.84735419,1
3368,0.48869844,0.49221914,0.54316752,0.55700242,0.43825743,15.52954558,15.63996271,1,1,1561.28104602,1
3369,0.53582225,0.52179642,0.54122259,0.5958418,0.45896574,15.68382206,15.83836096,1,1,111.28784636,1
3370,0.55002121,0.54199136,0.53974611,0.5756144,0.47577718,16.29020379,16.32786558,1,1,106.45591527,1
3371,0.55391473,0.552998,0.55891395,0.55802032,0.49122923,15.64640185,15.74105449,1,1,860.12972016,1
3372,0.54950913,0.54167984,0.54585882,0.56385088,0.47142027,15.84143113,15.99146264,1,1,1568.52181397,1
3373,0.53867182,0.56203169,0.53704404,0.59444286,0.45317823,15.17826114,15.25092951,1,1,1506.36981609,1
3374,0.53827424,0.56146576,0.53714236,0.55516637,0.47094134,15.81259204,15.96567337,1,1,129.40811468,1
3375,0.51396598,0.55565066,0.55515911,0.51521929,0.49152189,15.83693021,15.94733459,1,1,100.97124928,1
3376,0.53173772,0.54453189,0.5638424,0.55491428,0.4985591,15.47792215,15.50216413,1,1,107.66824186,1
3377,0.51101464,0.52893188,0.54691868,0.55457686,0.47948194,16.01359453,16.13062368,1,1,1584.88648662,1
3378,0.51064773,0.54729733,0.5533829,0.57202004,0.46518359,15.95763562,16.03781114,1,1,101.93774244,1
3379,0.50910419,0.53265734,0.53513789,0.53066,0.45361747,15.48647575,15.5947228,1,1,1428.31629542,1
3380,0.49867839,0.54019719,0.55079573,0.56264645,0.44389992,15.92045086,16.05900302,1,1,100.00699523,1
3381,0.49853497,0.53932048,0.55072365,0.52351997,0.46393802,15.60104344,15.6960061,1,1,274.95531404,1
3382,0.47643476,0.51764747,0.57183081,0.56281052,0.46300727,15.56094014,15.60330725,1,1,1584.43685346,1
3383,0.47122538,0.51100679,0.55470395,0.55849826,0.48373124,16.15158176,16.30362107,1,1,204.70857307,1
3384,0.46023462,0.52345967,0.54488474,0.54257239,0.46412926,15.7460117,15.8818619,1,1,1517.46405137,1
3385,0.48633359,0.52674465,0.51133485,0.50225704,0.48449893,15.65020318,15.65468518,1,1,1501.59943948,1
3386,0.48547429,0.50157472,0.52197246,0.50210244,0.47338899,16.24891134,16.31590739,1,1,1446.07177605,1
3387,0.4854989,0.5012774,0.52214494,0.46225939,0.49359644,15.113892,15.19290804,1,1,1449.15935983,1
3388,0.47884506,0.56663331,0.53759022,0.42535679,0.50548939,15.23879144,15.29243528,1,1,1584.82908014,1
3389,0.4647461,0.55185909,0.54210913,0.38686664,0.48598944,15.61803726,15.69209358,1,1,1561.12042591,1
3390,0.4798294,0.53532941,0.52991932,0.42831859,0.4837706,15.54422108,15.54948584,1,1,852.73465829,1
3391,0.50363166,0.51943586,0.52917152,0.45077061,0.50357913,15.94217462,16.00226833,1,1,359.72816939,1
3392,0.50565823,0.52772955,0.5309189,0.41879238,0.48355399,15.54473889,15.55021252,1,1,1580.36949411,1
3393,0.50537257,0.52842151,0.53101163,0.38710129,0.50379134,15.38310691,15.52454392,1,1,1304.68763123,1
3394,0.48876281,0.56522432,0.53053152,0.35698419,0.48376955,15.79580665,15.94756779,1,1,100.00010097,1
3395,0.5092513,0.5496881,0.53048181,0.32020646,0.46528504,15.65538762,15.6720473,1,1,107.8570881,1
3396,0.49898857,0.55222995,0.52120469,0.3634588,0.44598027,15.94786947,16.05126475,1,1,1584.88853531,1
3397,0.50407132,0.55589071,0.52465127,0.4058872,0.46706065,15.92167197,16.06480641,1,1,1315.01312352,1
3398,0.50425952,0.5541229,0.52486556,0.36792517,0.44821972,15.58414083,15.59650157,1,1,1477.45143759,1
3399,0.45301823,0.55614584,0.52834022,0.39268787,0.46857124,16.25122616,16.40263934,1,1,100.00000063,1
3400,0.46102424,0.55282657,0.52221514,0.41950582,0.48789931,15.84236396,15.97428908,1,1,1348.98955935,1
3401,0.47236346,0.53176082,0.53113892,0.45542806,0.4886354,15.63878446,15.77115043,1,1,100.05410491,1
3402,0.46945256,0.54860055,0.52339795,0.49030121,0.50791361,15.91194256,15.98420173,1,1,485.62711075,1
3403,0.48613941,0.53230672,0.51997552,0.45051106,0.5274498,15.59185002,15.67565006,1,1,1579.57992289,1
3404,0.48637408,0.53241508,0.51996255,0.46643824,0.52321691,15.99482001,16.03311952,1,1,102.80873086,1
3405,0.45070135,0.58243243,0.54907178,0.57062701,0.46863366,15.54488955,15.62240441,1,1,103.58713286,0
3406,0.45599595,0.57388286,0.53960708,0.58323861,0.40870082,15.40219841,15.44970901,1,1,254.65711372,0
3407,0.47654193,0.56755544,0.5263971,0.52927281,0.3641453,15.98877526,16.13497086,1,1,1584.74518157,0
3408,0.47823843,0.53555268,0.53264499,0.64371293,0.42230808,15.48081701,15.61347739,1,1,100.01134938,0
3409,0.50426852,0.52591113,0.52264407,0.76068441,0.47919438,15.80751522,15.91671627,1,1,106.71351734,0
3410,0.50441459,0.52603753,0.52291158,0.63548741,0.41398092,15.72684318,15.83110403,1,1,100.00269174,0
3411,0.44608135,0.45055786,0.49810973,0.51401589,0.43801394,15.78869301,15.87428037,1,1,364.48770394,0
3412,0.38953407,0.40583523,0.46511677,0.63319005,0.49766652,15.46299165,15.54520712,1,1,103.06298085,0
3413,0.30540399,0.35625194,0.43073505,0.74588459,0.44367175,15.84507007,15.87377649,1,1,369.70808015,0
3414,0.25765386,0.30467042,0.39337031,0.70575988,0.42531026,15.77323684,15.92069465,1,1,104.03917413,1
3415,0.22275831,0.26922891,0.37641357,0.74152102,0.4105332,15.69782956,15.75316057,1,1,103.03262699,1
3416,0.22259509,0.27021706,0.37651059,0.73245852,0.3971558,15.76287715,15.80994227,1,1,100.00008526,1
3417,0.26405563,0.36792007,0.38944071,0.68843009,0.37923681,15.75360586,15.81901838,1,1,715.40775077,1
3418,0.26809577,0.36590311,0.3920168,0.68297504,0.36167039,15.95599336,16.03422005,1,1,100.19204801,1
3419,0.28715331,0.36832483,0.4004424,0.71720693,0.3844367,15.27564269,15.28800144,1,1,1040.66198947,1
3420,0.2971462,0.37051958,0.3846283,0.69558923,0.3669506,15.82515442,15.83617203,1,1,104.21595468,1
3421,0.31184456,0.37025294,0.38458353,0.72955938,0.35651128,15.66085771,15.70221328,1,1,128.50973335,1
3422,0.32390295,0.36567308,0.3916138,0.75204223,0.33938107,15.71987756,15.83901638,1,1,1070.00362664,1
3423,0.35202583,0.36751847,0.39896151,0.78343667,0.33200022,15.62263118,15.72663926,1,1,1584.71610561,1
3424,0.35774691,0.38558462,0.40276932,0.79065366,0.35470833,16.24938201,16.38118681,1,1,101.94917335,1
3425,0.36329984,0.38492296,0.39636504,0.78440289,0.33761498,16.17780521,16.32467307,1,1,339.27323209,1
3426,0.37608426,0.37737502,0.41111622,0.73877978,0.36062039,15.14609681,15.23503135,1,1,109.08461563,1
3427,0.38968063,0.37994042,0.41203607,0.77386047,0.34678414,15.72681397,15.79275082,1,1,123.46798298,1
3428,0.39688184,0.37013165,0.41097308,0.72849792,0.32989147,15.54294443,15.61721507,1,1,113.09044071,1
3429,0.39739054,0.37055637,0.41112603,0.74577182,0.34510659,15.50431635,15.5100264,1,1,1569.88425556,1
3430,0.44094825,0.41366679,0.42263132,0.70179108,0.36813993,16.07236307,16.18468873,1,1,1411.94883772,1
3431,0.44726581,0.42354589,0.41480341,0.735066,0.38732821,15.78389671,15.88327433,1,1,104.59913487,1
3432,0.45600678,0.43550418,0.43748113,0.69036469,0.36982465,15.72675475,15.74200826,1,1,797.5733071,1
3433,0.4508761,0.43925668,0.42327952,0.65024269,0.39241602,15.81314153,15.91200292,1,1,130.35648652,1
3434,0.47987748,0.43514225,0.43751258,0.62448494,0.37576634,15.57827827,15.71167473,1,1,100.00001956,1
3435,0.47192525,0.45635216,0.43233984,0.65752763,0.36112317,15.37264539,15.43445406,1,1,1582.00264573,1
3436,0.48817719,0.4558726,0.42837376,0.61447987,0.36162425,15.76724304,15.8350298,1,1,148.73847503,1
3437,0.46603143,0.45738718,0.44262007,0.64641183,0.38316505,15.2894376,15.34793144,1,1,1583.24748186,1
3438,0.46588776,0.45676823,0.44266504,0.60397492,0.4040411,15.2861993,15.37505804,1,1,356.44801862,1
3439,0.5317186,0.5211392,0.44702565,0.59976934,0.39018003,15.53445685,15.53694845,1,1,100.10463201,1
3440,0.52861945,0.51632356,0.45973133,0.55777988,0.40396199,15.48002644,15.61594246,1,1,100.08444277,1
3441,0.54425163,0.53130137,0.45980716,0.51951352,0.42575837,16.01032254,16.10345001,1,1,151.25042853,1
3442,0.51745299,0.51194028,0.46256492,0.51231941,0.40756847,15.82896119,15.88539827,1,1,140.68314927,1
3443,0.52123616,0.53254012,0.47415689,0.49574197,0.42830345,15.6742632,15.77237475,1,1,1492.03896193,1
3444,0.52097641,0.53331976,0.47427272,0.53508026,0.44973402,15.6861915,15.77295466,1,1,1579.70568423,1
3445,0.4814374,0.50916233,0.4824885,0.57434378,0.47037107,15.61417485,15.75445969,1,1,1578.48388338,1
3446,0.4898162,0.52515946,0.50114823,0.61226104,0.46162899,15.91148114,15.91368424,1,1,1584.88010488,1
3447,0.47098151,0.50356161,0.49807417,0.62459428,0.47635372,15.68410116,15.7668157,1,1,1582.6987026,1
3448,0.47715731,0.48733827,0.50076017,0.66210238,0.49339015,15.60898123,15.74285195,1,1,1434.34061045,1
3449,0.48140306,0.49449264,0.4855088,0.61891415,0.47352379,15.75750163,15.79190929,1,1,1129.60972624,1
3450,0.48268616,0.48655427,0.49798886,0.65157524,0.49402428,15.64916335,15.65749355,1,1,100.08266148,1
3451,0.48272556,0.48726299,0.49800683,0.68553741,0.51413118,15.29865582,15.31209552,1,1,1575.43072203,1
3452,0.47320062,0.51260024,0.5111448,0.72128288,0.52866611,15.76755378,15.80939326,1,1,1532.1095976,1
3453,0.47897586,0.50165151,0.51544924,0.67686354,0.50874404,15.81317268,15.90661024,1,1,785.63570982,1
3454,0.46982684,0.49674035,0.50772023,0.71240554,0.52292208,15.46216342,15.58572177,1,1,760.98888319,1
3455,0.49265419,0.50545038,0.50475204,0.66818683,0.5362135,15.7974668,15.86943979,1,1,1486.42845741,1
3456,0.49470592,0.48014407,0.51700113,0.69872993,0.54955076,16.16544427,16.29919076,1,1,1552.51530648,1
3457,0.49439714,0.48211136,0.51689624,0.72919153,0.56854122,15.71321134,15.82473951,1,1,1582.90070417,1
3458,0.53864079,0.50694134,0.53695865,0.76459881,0.5871306,15.44819362,15.45882306,1,1,850.05902937,1
3459,0.52438166,0.52034679,0.5236478,0.74394655,0.60484034,15.73111475,15.85335069,1,1,100.33505638,1
3460,0.55133008,0.51683523,0.54071222,0.69926391,0.62009211,16.05166483,16.0869017,1,1,1319.83808032,1
3461,0.53430313,0.54405058,0.52365629,0.73429346,0.63766371,15.66789437,15.76614661,1,1,106.17254382,1
3462,0.53859443,0.51977783,0.52324545,0.7604995,0.65489758,15.58027094,15.60739957,1,1,1584.88561692,1
3463,0.53858001,0.51897252,0.52321761,0.78821745,0.63180033,15.85411349,15.90403647,1,1,137.52367732,1
3464,0.51760029,0.48596042,0.54042205,0.80948358,0.62807733,15.4062063,15.41580925,1,1,1536.08392627,1
3465,0.50689737,0.49316241,0.5395701,0.84025109,0.62225073,15.74456894,15.87987961,1,1,204.97816314,1
3466,0.52269842,0.48199248,0.5279679,0.86004217,0.62248209,15.27417521,15.37959651,1,1,1584.37190601,1
3467,0.49778691,0.48728988,0.53494578,0.81295962,0.63979962,15.44542614,15.49798541,1,1,100.52366265,1
3468,0.49368353,0.47492337,0.53953609,0.83830427,0.61820511,15.50659971,15.63885925,1,1,1581.97060733,1
3469,0.49357865,0.47472964,0.53962483,0.79305597,0.63576708,15.46701713,15.48881889,1,1,100.05970928,1
3470,0.5094401,0.53355744,0.54940135,0.81821443,0.61367873,15.74234075,15.78296833,1,1,105.15157252,1
3471,0.54280669,0.52686769,0.5425881,0.77251118,0.59996941,15.40094889,15.4914165,1,1,1555.52612007,1
3472,0.53919457,0.52172911,0.51205792,0.73086204,0.57902859,15.96497212,15.97414711,1,1,1584.73618387,1
3473,0.54765058,0.53049493,0.50848761,0.76624416,0.5590546,15.38171024,15.52568447,1,1,102.29933384,1
3474,0.54788129,0.52974281,0.50851204,0.72091931,0.54037539,15.48150272,15.48696765,1,1,1584.51143711,1
3475,0.53035242,0.47651597,0.5337825,0.68710816,0.52980557,15.484043,15.58776782,1,1,1557.45297748,1
3476,0.52155681,0.49339484,0.52956709,0.72305036,0.51934625,15.76682657,15.8226159,1,1,936.60913136,1
3477,0.51612279,0.49857542,0.52140061,0.67899894,0.5078699,15.45413451,15.53070391,1,1,1583.85392512,1
3478,0.5275621,0.50443668,0.50963507,0.63542654,0.52763915,15.32510492,15.33230326,1,1,315.90879775,1
3479,0.52094583,0.50187977,0.51974845,0.59272356,0.50710885,15.75153952,15.89692852,1,1,1584.58275251,1
3480,0.52105077,0.50131866,0.51970797,0.55086926,0.4873728,15.46411951,15.55963714,1,1,145.88031103,1
3481,0.5718654,0.48474531,0.54816555,0.50985679,0.49383495,15.80080738,15.89226069,1,1,185.0560976,1
3482,0.55841245,0.48122066,0.53717292,0.48077179,0.47435861,15.97778986,16.0592997,1,1,100.62585325,1
3483,0.56837453,0.50904725,0.53964392,0.46032086,0.45816333,15.56823013,15.68703944,1,1,100.34843586,1
3484,0.54237723,0.50362706,0.52720558,0.5010885,0.46923233,15.50691474,15.52150045,1,1,100.02067922,1
3485,0.53937617,0.52041846,0.52531803,0.48002795,0.44987411,15.94517854,16.0380887,1,1,100.23229932,1
3486,0.5394013,0.51953152,0.52511846,0.47437485,0.43117926,15.35065956,15.42475588,1,1,100.00912187,1
3487,0.5195177,0.51002135,0.55329775,0.50923881,0.41259637,15.44540709,15.49055874,1,1,100.22312491,1
3488,0.5308155,0.50500795,0.54691467,0.54815498,0.43429537,16.2982459,16.39769162,1,1,1243.0863846,1
3489,0.51805626,0.4921276,0.55282345,0.50744699,0.41561007,15.47410887,15.60258818,1,1,100.97085702,1
3490,0.5123659,0.48208218,0.55036375,0.47454813,0.39730038,15.81598705,15.82849581,1,1,100.00039702,1
3491,0.51407534,0.48236401,0.5384564,0.51102317,0.41933132,16.07851957,16.13998964,1,1,100.00213125,1
3492,0.51506076,0.47471123,0.52400379,0.47080349,0.42724667,15.49482538,15.51145372,1,1,465.54973091,1
3493,0.51522202,0.47450032,0.5239861,0.50031826,0.40940717,15.17904762,15.29360534,1,1,1584.85459539,1
3494,0.49742032,0.43393477,0.53576128,0.47179038,0.3912195,16.05146686,16.17507852,1,1,100.20491293,1
3495,0.49459488,0.43506569,0.53002728,0.43264948,0.37341125,15.30078206,15.436356,1,1,1576.68393003,1
3496,0.47490188,0.42016262,0.53355837,0.47215796,0.39019691,15.52295851,15.58505729,1,1,135.86477752,1
3497,0.48579893,0.4285345,0.51328443,0.51124829,0.41004229,15.57191384,15.68266927,1,1,304.18745932,1
3498,0.48824495,0.43405459,0.5257193,0.40270592,0.34991574,16.09477022,16.1536738,1,1,100.49757468,0
3499,0.48825331,0.43386025,0.52570016,0.36859557,0.41186005,15.42733073,15.54942335,1,1,100.00772562,0
3500,0.56595698,0.52214868,0.50989282,0.48356053,0.35462733,15.27507723,15.41079904,1,1,830.62005968,0
3501,0.5906768,0.59301756,0.47032748,0.37478628,0.40686813,15.84295233,15.86049127,1,1,1057.46814268,0
3502,0.63123858,0.65397986,0.45588197,0.25746134,0.46919536,15.68316082,15.6990586,1,1,137.30904023,0
3503,0.65444726,0.68624334,0.44087189,0.14382601,0.41675946,15.45409946,15.60307811,1,1,1579.53215811,0
3504,0.65476519,0.68662372,0.4406969,0.2691448,0.4838815,15.62498246,15.74522083,1,1,100.16664432,0
3505,0.59704364,0.61333715,0.47479544,0.16414399,0.46596139,15.58386485,15.72821639,1,1,102.50938816,0
3506,0.51794701,0.57985647,0.49160349,0.12169335,0.41374703,15.46305721,15.50238468,1,1,1572.32889851,0
3507,0.44265451,0.51297853,0.5053037,0.01762907,0.3875194,15.83390045,15.97089287,1,1,1545.45406274,0
3508,0.36822161,0.43299902,0.54633817,0.14700465,0.45637164,15.63207938,15.7193739,1,1,918.90932692,0
3509,0.31517204,0.392162,0.57176143,0.27365627,0.43873595,15.77292264,15.78331534,1,1,100.10905179,0
3510,0.29337252,0.35996952,0.5736767,0.16383611,0.49970758,15.85984699,15.94649753,1,1,129.55022882,0
3511,0.29318988,0.36104645,0.57385185,0.05069368,0.44668463,15.64443733,15.7731233,1,1,100.00024643,0
3512,0.40878034,0.48723165,0.57753886,0,0.51528592,15.40034497,15.54278187,1,1,1289.54080498,0
3513,0.48912762,0.50813901,0.53181014,0.12673694,0.55434409,15.36879609,15.50894477,1,1,1343.24302894,0
3514,0.57812234,0.53998672,0.49837772,0.13520922,0.54692564,15.12762319,15.18455918,1,1,100.73814162,1
3515,0.68068062,0.60233962,0.47282551,0.18250272,0.5279781,15.62097118,15.68321868,1,1,101.59383156,1
3516,0.76865754,0.6381277,0.44640835,0.18268565,0.5078724,15.80824296,15.89844807,1,1,179.33941488,1
3517,0.8031853,0.67022791,0.42419612,0.15091791,0.50852469,15.97928404,16.03338663,1,1,1584.890776,1
3518,0.80329698,0.67157613,0.42395495,0.11793797,0.48836198,15.47946101,15.53028171,1,1,100.18175745,1
3519,0.78608261,0.64207343,0.44010121,0.16486108,0.46860912,15.80911441,15.92533171,1,1,1584.28903687,1
3520,0.79141054,0.62444439,0.43846567,0.21118586,0.48873686,15.74267425,15.88466219,1,1,756.24954282,1
3521,0.80416866,0.63199961,0.43795305,0.17696417,0.50894379,15.55922909,15.59636882,1,1,1581.14407476,1
3522,0.75102501,0.63523122,0.4364748,0.22341802,0.5285923,15.44931876,15.50085686,1,1,1426.66447804,1
3523,0.77840911,0.63586283,0.42832501,0.18894966,0.51456778,15.57629954,15.63041893,1,1,170.15511528,1
3524,0.7466417,0.64223751,0.44424973,0.23491261,0.53309689,15.64862622,15.74102194,1,1,1334.21067377,1
3525,0.72082975,0.62243892,0.45110123,0.27969196,0.5429989,15.34928839,15.36865176,1,1,100.11080464,1
3526,0.72187858,0.60459497,0.44514383,0.24410713,0.54507414,15.71343265,15.81719581,1,1,120.59773313,1
3527,0.70444361,0.63237149,0.44467699,0.28921191,0.55420258,15.77655799,15.78564737,1,1,100.01128015,1
3528,0.6836749,0.59945782,0.45139656,0.25350002,0.57134945,15.4352985,15.53529398,1,1,331.64896394,1
3529,0.68946628,0.61773318,0.43324061,0.21849966,0.55015897,15.64809793,15.70908962,1,1,311.12450647,1
3530,0.67850588,0.6148155,0.45129919,0.2632376,0.52965744,15.74813494,15.78588622,1,1,319.45665857,1
3531,0.67849797,0.61421066,0.45139668,0.22947618,0.54493048,16.07249455,16.19710263,1,1,824.28102278,1
3532,0.6614486,0.55626928,0.4701985,0.27086907,0.53012692,15.74016599,15.85333638,1,1,1571.50214075,1
3533,0.63861198,0.56517136,0.45998539,0.26399164,0.50959489,15.61478817,15.65896563,1,1,102.8063885,1
3534,0.64965421,0.54518412,0.47594036,0.23145404,0.52533574,15.74205024,15.75244525,1,1,105.97784017,1
3535,0.64113797,0.55496385,0.46021024,0.19682674,0.53575749,15.85576741,16.01256699,1,1,1147.69977697,1
3536,0.60975263,0.54606366,0.46899496,0.16934963,0.52649097,15.57930843,15.67031152,1,1,880.71187774,1
3537,0.61520718,0.55740782,0.46245266,0.21325931,0.52903987,16.17841178,16.3187088,1,1,104.87123977,1
3538,0.6069806,0.55716178,0.46655098,0.17899437,0.50846132,15.70498761,15.71030197,1,1,106.88696821,1
3539,0.60259365,0.54543519,0.47420598,0.22464571,0.52800241,15.63599053,15.68489374,1,1,118.26864189,1
3540,0.60096696,0.5532259,0.48440646,0.26246531,0.54482938,15.61514992,15.63305804,1,1,100.14357518,1
3541,0.60093098,0.55300498,0.48459487,0.275005,0.56369692,15.5928099,15.69644243,1,1,105.91987181,1
3542,0.58145496,0.52064125,0.50861964,0.31683195,0.58134668,15.31074922,15.36555543,1,1,100.00405508,1
3543,0.59371822,0.5118192,0.49952099,0.33659366,0.59971873,15.75534436,15.87231775,1,1,138.13757512,1
3544,0.58388809,0.49986167,0.51372239,0.31409585,0.57772454,15.62160485,15.70197396,1,1,1018.5915591,1
3545,0.55239348,0.51548095,0.48779936,0.35781148,0.57636458,16.11273163,16.27344548,1,1,1440.28249092,1
3546,0.5456343,0.5187476,0.50485701,0.39847289,0.55483731,15.41567004,15.53312718,1,1,101.10766745,1
3547,0.55863957,0.52231763,0.5071208,0.36477791,0.5337414,15.23263318,15.35945002,1,1,100.27434581,1
3548,0.55648798,0.4991409,0.49645825,0.38612939,0.5135459,15.66974875,15.6827198,1,1,102.59881881,1
3549,0.55652698,0.49872037,0.49644413,0.41625581,0.53322039,16.22543602,16.26108563,1,1,1282.79805259,1
3550,0.56644783,0.46183507,0.5095158,0.4563651,0.51362975,15.87485053,16.00826369,1,1,705.58240518,1
3551,0.5480532,0.48363371,0.51395483,0.49723551,0.52693064,15.93839229,16.02861808,1,1,101.18037757,1
3552,0.53393524,0.46790315,0.51226796,0.49650967,0.54429967,15.33655589,15.42274457,1,1,119.86279277,1
3553,0.54932264,0.48693216,0.52334747,0.53654479,0.5408921,15.6236306,15.73868067,1,1,156.13520739,1
3554,0.53185095,0.49987589,0.52535355,0.57580333,0.5433926,15.86330318,15.97438144,1,1,1534.98627276,1
3555,0.50720816,0.50484764,0.51007333,0.53551724,0.52497938,15.23052374,15.34526391,1,1,100.00970694,1
3556,0.50733506,0.50346316,0.5100295,0.57049834,0.50457421,15.8244628,15.97200816,1,1,1338.20941352,1
3557,0.46578228,0.48094157,0.53629167,0.59818653,0.52434354,16.19333857,16.30637568,1,1,746.46694827,1
3558,0.45857485,0.49104947,0.50908893,0.5616028,0.54332072,15.68899586,15.84554362,1,1,771.10620301,1
3559,0.48442394,0.48436998,0.53228352,0.53434846,0.529972,15.66237557,15.71538022,1,1,156.94712415,1
3560,0.47902776,0.47776548,0.5308833,0.5736274,0.53378711,15.48806421,15.62499249,1,1,1584.8593298,1
3561,0.47189011,0.46433716,0.51345595,0.61213372,0.55278167,15.92820164,16.07911816,1,1,103.94102476,1
3562,0.47213646,0.46577341,0.51337997,0.61370513,0.53234768,15.71945115,15.75875598,1,1,1535.15645524,1
3563,0.50499128,0.53894411,0.53154745,0.64511224,0.5150802,15.37080848,15.51412775,1,1,1584.81578201,1
3564,0.51839938,0.51224722,0.51368804,0.68220819,0.49747334,16.05053975,16.14060967,1,1,137.12722102,1
3565,0.52754871,0.51211036,0.52644779,0.63864293,0.48032432,15.51255831,15.5255734,1,1,188.08398694,1
3566,0.52549511,0.51064898,0.53372024,0.675558,0.46071882,15.42348118,15.47119275,1,1,439.41792236,1
3567,0.53535424,0.51804907,0.51787702,0.64107755,0.44202551,15.91450031,15.96747208,1,1,1583.03617889,1
3568,0.53537749,0.52015272,0.51798932,0.67500627,0.46233694,15.88513996,15.99518788,1,1,130.38122293,1
3569,0.52103135,0.48472745,0.54232099,0.70812635,0.44635186,15.93116304,16.04321111,1,1,1581.24076181,1
3570,0.50712656,0.47360079,0.52119324,0.66452837,0.46725107,15.90377743,16.04222623,1,1,100.00293146,1
3571,0.50081876,0.49573053,0.52711261,0.70091886,0.44794623,15.36730274,15.37316039,1,1,100.00954141,1
3572,0.50787055,0.49287244,0.528282,0.73684849,0.46892677,15.59961715,15.62285018,1,1,103.87053667,1
3573,0.49227551,0.5041745,0.52135659,0.77101733,0.489499,15.3207708,15.36058161,1,1,108.78837356,1
3574,0.49220759,0.50448028,0.52122356,0.80558144,0.46970902,15.41626216,15.55398134,1,1,101.57487075,1
3575,0.4517796,0.51029885,0.53961899,0.82660432,0.49031483,15.43841999,15.48861091,1,1,100.0506528,1
3576,0.44871266,0.49995899,0.53641684,0.78858878,0.51002993,15.80428072,15.87338673,1,1,100.17785969,1
3577,0.4604257,0.50015568,0.53145474,0.74309426,0.52519564,15.77519202,15.83864268,1,1,1536.38868866,1
3578,0.46533008,0.49213723,0.54075947,0.76490921,0.52515977,15.74639812,15.88049498,1,1,881.89571475,1
3579,0.47628196,0.48677916,0.51897637,0.72384825,0.50629395,15.33103595,15.45166598,1,1,102.66060411,1
3580,0.47635744,0.48667366,0.51881041,0.6850035,0.52328906,15.8439379,15.94637438,1,1,100.79599569,1
3581,0.46702658,0.54224037,0.52497993,0.65658433,0.50282334,16.0760207,16.08715928,1,1,100.02119353,1
3582,0.49710371,0.55407133,0.54089761,0.6934503,0.48760102,15.41058089,15.53903641,1,1,628.64232566,1
3583,0.50562395,0.54992962,0.5363481,0.66727224,0.50778774,15.22092392,15.28290724,1,1,475.88293625,1
3584,0.52145706,0.51944067,0.53796585,0.70389442,0.48808756,15.87357875,15.94188782,1,1,100.00175805,1
3585,0.52439705,0.52836739,0.52867793,0.73981653,0.50832577,16.02126977,16.03943934,1,1,100.01122283,1
3586,0.52426807,0.52892996,0.52881681,0.71358341,0.52738005,15.34191021,15.442467,1,1,884.02763505,1
3587,0.50922137,0.53006386,0.54864855,0.68371742,0.5126388,15.81688741,15.96812102,1,1,1228.49800008,1
3588,0.50415898,0.51820111,0.54987834,0.72004104,0.51394412,15.767022,15.8863269,1,1,108.76045161,1
3589,0.50125361,0.49552654,0.54907049,0.75499578,0.49579887,15.458112,15.50193572,1,1,104.7039364,1
3590,0.4967329,0.50391572,0.54246786,0.71011954,0.5154675,15.89422392,16.04402281,1,1,117.95424612,1
3591,0.50341279,0.50875676,0.54638303,0.7344052,0.53469683,15.55949837,15.68918754,1,1,104.77211837,1
3592,0.50599599,0.48829333,0.52550546,0.76970863,0.52087507,15.88297389,16.0389391,1,1,136.14765085,1
3593,0.50567089,0.48897476,0.52519361,0.79369421,0.53527912,15.79819349,15.81403413,1,1,100.00432271,1
3594,0.55254371,0.48108412,0.54021266,0.77642415,0.55436656,15.09573422,15.21647926,1,1,1555.43559001,1
3595,0.55139017,0.51236585,0.54069435,0.77023604,0.54241939,15.1150696,15.17929804,1,1,100.00005532,1
3596,0.53229185,0.51841684,0.54381203,0.73250034,0.54271771,15.71103179,15.71107143,1,1,156.81180506,1
3597,0.54798463,0.5134811,0.53469286,0.68785108,0.56039654,15.73817767,15.77218422,1,1,620.82071063,1
3598,0.53736069,0.51461045,0.5216708,0.71862465,0.54263221,16.15154132,16.15185096,1,1,178.11347691,1
3599,0.53736789,0.51298065,0.52145277,0.67480007,0.52178277,16.03801797,16.12768858,1,1,115.56372243,1
3600,0.58112291,0.49249516,0.5416603,0.63185713,0.52554278,15.54807954,15.68047227,1,1,125.99087247,1
3601,0.54681897,0.50285818,0.54471892,0.5892265,0.50506755,16.04919781,16.08079921,1,1,106.01078415,1
3602,0.53584366,0.52875972,0.54538476,0.62743337,0.49115979,15.68838696,15.68885785,1,1,103.14301775,1
3603,0.54158955,0.51869806,0.52077753,0.65742713,0.51132423,15.77975422,15.92811068,1,1,1467.1632424,1
3604,0.51572857,0.51748043,0.52513249,0.62793689,0.5310672,15.53200182,15.6133931,1,1,791.85806871,1
3605,0.53441328,0.52075149,0.53836837,0.66537588,0.5107425,15.84495196,15.92194602,1,1,396.5390589,1
3606,0.53425288,0.51996725,0.53853709,0.70206811,0.49200456,15.55239087,15.67640175,1,1,114.4159936,1
3607,0.49105578,0.50224275,0.55528889,0.65802785,0.47354387,16.00526973,16.14324978,1,1,1273.82149939,1
3608,0.50091847,0.50472543,0.54498295,0.69483566,0.4540731,15.9204289,15.93340122,1,1,100.03935458,1
3609,0.51211854,0.48817543,0.54907536,0.66160305,0.4349967,15.72953915,15.82626145,1,1,1234.1400533,1
3610,0.50163978,0.49650414,0.55749177,0.69640948,0.41673485,15.94299596,15.9738038,1,1,198.83548234,1
3611,0.5060801,0.47492853,0.56176818,0.72722069,0.43829978,15.50380763,15.65013753,1,1,1363.90133817,1
3612,0.51118626,0.47571378,0.56062034,0.76237026,0.45152636,15.83562944,15.95123231,1,1,1584.47260065,1
3613,0.5111789,0.47607143,0.56048388,0.77085107,0.43357192,15.66753205,15.75576378,1,1,1134.87564146,1
3614,0.56186195,0.47614255,0.57024725,0.72558736,0.41721283,15.98114486,16.06889713,1,1,854.74437593,1
3615,0.54043845,0.48445268,0.58086504,0.72413543,0.40767681,15.71981905,15.83478891,1,1,100.00161496,1
3616,0.55655616,0.49080226,0.56703542,0.7590509,0.4026783,15.78292053,15.83986407,1,1,124.31376094,1
3617,0.54774235,0.51487391,0.56768732,0.73062067,0.38464906,15.73706919,15.83910064,1,1,1584.84253631,1
3618,0.52299367,0.52596711,0.56451125,0.76596395,0.37004398,15.44752823,15.48636516,1,1,1459.27390438,1
3619,0.52309171,0.5254687,0.56452742,0.80029432,0.36007661,16.1342795,16.23251755,1,1,918.33710298,1
3620,0.57038817,0.47669593,0.59253041,0.75429455,0.38287485,15.49568065,15.53946146,1,1,100.0000486,1
3621,0.55694669,0.49703115,0.58225099,0.70932629,0.37317073,15.57290075,15.67679138,1,1,1471.69189071,1
3622,0.53345603,0.49176607,0.5616917,0.74513765,0.39547184,15.83252523,15.87806894,1,1,235.64699233,1
3623,0.51159538,0.52360616,0.57099742,0.7002906,0.37792478,15.35155613,15.47201233,1,1,1463.7143726,1
3624,0.50268842,0.51036559,0.56165146,0.73593491,0.38308333,15.73084438,15.75282364,1,1,102.71784659,1
3625,0.50294859,0.5102143,0.56170715,0.76983895,0.39843353,15.59982905,15.69689274,1,1,100.05552803,1
3626,0.54033582,0.52608281,0.56849446,0.80441422,0.38834797,15.15553826,15.2150963,1,1,411.2493741,1
3627,0.53766045,0.53353125,0.5793765,0.83832158,0.41050064,15.36258743,15.39955348,1,1,804.18244523,1
3628,0.53614102,0.54688032,0.55867586,0.87133647,0.42940461,15.74035311,15.76697537,1,1,1567.34646486,1
3629,0.51834603,0.541045,0.54586315,0.84258576,0.41088882,15.53893592,15.68022994,1,1,1579.65512223,1
3630,0.51669803,0.56321123,0.55181203,0.82717163,0.39365468,15.77633948,15.91598142,1,1,100.53103007,1
3631,0.51704578,0.562852,0.5517886,0.85954871,0.38956579,15.55181072,15.60791829,1,1,1583.82990227,1
3632,0.50635168,0.57051627,0.56721714,0.81490073,0.40636217,16.1728884,16.21577743,1,1,124.6403465,1
3633,0.49055679,0.54489492,0.56168651,0.80133883,0.38823638,15.85069902,15.86868914,1,1,142.32188255,1
3634,0.4987297,0.54235521,0.55477655,0.75601858,0.40996336,15.95821642,15.98670169,1,1,194.1333764,1
3635,0.49590804,0.53208347,0.57572972,0.72241345,0.41514941,15.70559446,15.86031223,1,1,144.92813823,1
3636,0.48897104,0.5412141,0.55203287,0.67796812,0.39848722,15.78296683,15.8170616,1,1,1246.03530917,1
3637,0.49835141,0.54323246,0.5678432,0.68014433,0.38051775,15.47751895,15.55803941,1,1,1444.23798535,1
3638,0.49851364,0.54245691,0.5680163,0.63803858,0.40036651,15.94387329,15.95550818,1,1,1576.46420834,1
3639,0.49474273,0.55872792,0.59823502,0.59594671,0.38331294,15.30942193,15.45310482,1,1,138.14966762,1
3640,0.48343219,0.53702875,0.58267387,0.61984457,0.36580242,15.51863778,15.59384442,1,1,1583.49394951,1
3641,0.50063425,0.54620845,0.55847778,0.58406892,0.34942908,15.4079406,15.4385156,1,1,1406.45988484,1
3642,0.49082314,0.54476932,0.56820694,0.60908653,0.37025369,15.55731652,15.59247673,1,1,1373.43884362,1
3643,0.48377531,0.52825559,0.55941458,0.64683121,0.35393126,15.77498218,15.7787469,1,1,156.9942253,1
3644,0.4836304,0.52874791,0.55931071,0.68054591,0.33838018,15.98970015,15.9983326,1,1,321.78802006,1
3645,0.44085625,0.55772539,0.57475004,0.71672371,0.32164867,15.37248307,15.43690345,1,1,1332.83053673,1
3646,0.45933994,0.56540143,0.57093597,0.68993705,0.33463229,15.68215178,15.6980358,1,1,107.04866806,1
3647,0.4744499,0.56132129,0.57691576,0.72612948,0.35121513,15.56865306,15.68861226,1,1,1473.20075365,1
3648,0.4842336,0.53158279,0.56231651,0.68166519,0.33419144,15.45580345,15.56934601,1,1,1505.24893248,1
3649,0.50007628,0.5364754,0.54904423,0.63837125,0.35168353,15.44435818,15.5949471,1,1,994.7015934,1
3650,0.49965785,0.53537702,0.54903499,0.64059712,0.33518175,15.66238493,15.69265465,1,1,100.00003697,1
3651,0.56171636,0.56922833,0.55817376,0.67773115,0.34757966,15.48018986,15.55727554,1,1,1550.87018545,1
3652,0.55216482,0.55856674,0.56298892,0.63431284,0.35264321,15.31435571,15.31550291,1,1,102.06824521,1
3653,0.54777677,0.56769697,0.56274922,0.65345037,0.34797127,15.70159452,15.74107231,1,1,1504.63567521,1
3654,0.54442259,0.5708531,0.55335424,0.61038147,0.37095059,16.11787681,16.25139406,1,1,577.72417703,1
3655,0.54285618,0.58555091,0.52590768,0.64635876,0.35353667,15.56585256,15.5825642,1,1,593.63454142,1
3656,0.5429814,0.58599362,0.52593978,0.60350492,0.33655837,15.51007653,15.61929141,1,1,238.46039964,1
3657,0.55897306,0.5477358,0.55504285,0.64101661,0.32108344,15.76545065,15.85904131,1,1,1582.10699775,1
3658,0.53591721,0.54573278,0.53809766,0.59821586,0.30466285,15.43337175,15.44137264,1,1,910.20753494,1
3659,0.53728138,0.57481107,0.54624893,0.55865143,0.29268392,15.93636114,16.02197479,1,1,110.3111532,1
3660,0.53115192,0.5585553,0.53360098,0.59535429,0.27945264,15.92126566,16.02328973,1,1,937.4243202,1
3661,0.52497335,0.56256733,0.53549959,0.55392685,0.2777646,15.59415347,15.67052973,1,1,1583.59223921,1
3662,0.52498311,0.5632768,0.53567383,0.53984314,0.26221189,15.67546809,15.6885316,1,1,1540.53141699,1
3663,0.51204664,0.5559148,0.53842003,0.50554355,0.24696946,15.75424974,15.81115432,1,1,171.11298917,1
3664,0.48985145,0.55007654,0.55443939,0.54102208,0.26659107,15.65461686,15.73018013,1,1,1583.79388153,1
3665,0.49565354,0.5439161,0.55082027,0.57948003,0.25168207,15.71072054,15.716136,1,1,1373.71778969,1
3666,0.49678314,0.542864,0.53023214,0.61778335,0.26776578,15.42974928,15.46538769,1,1,886.75840381,1
3667,0.50283238,0.52599331,0.5517721,0.58993999,0.26061291,15.61013807,15.64745996,1,1,101.19329979,1
3668,0.49041611,0.53510743,0.53488346,0.54987517,0.24743073,16.15191376,16.17516483,1,1,190.37400946,1
3669,0.49059204,0.53525064,0.53488353,0.51871017,0.27058797,15.67784995,15.79478832,1,1,346.14708534,1
3670,0.47158269,0.55572056,0.5607548,0.49133491,0.25885599,15.75347989,15.86012392,1,1,101.51208371,1
3671,0.45738307,0.56144118,0.53498546,0.45179661,0.24370136,15.66940193,15.78643448,1,1,432.40554059,1
3672,0.48827234,0.55017482,0.53184926,0.47147797,0.26772021,15.83900326,15.91895457,1,1,1584.8655885,1
3673,0.48267978,0.53329713,0.55456138,0.44050225,0.28360775,15.56462967,15.58775358,1,1,100.19766046,1
3674,0.4987232,0.52012923,0.53576867,0.47862652,0.26811734,15.84887218,15.87909681,1,1,1583.77944184,1
3675,0.49896942,0.52083816,0.53576439,0.51898007,0.27740935,15.52727147,15.59587424,1,1,104.08262344,1
3676,0.45856961,0.54580401,0.54077902,0.5585547,0.29347562,15.69832913,15.79770526,1,1,100.01327719,1
3677,0.48241385,0.55726828,0.55366049,0.51841189,0.31760562,15.45491843,15.49780281,1,1,1564.02725606,1
3678,0.50179072,0.54278921,0.52621316,0.55802464,0.33573806,15.95305159,16.04389468,1,1,100.00511997,1
3679,0.49868063,0.52145113,0.53256514,0.52254553,0.31902491,15.76542003,15.91512662,1,1,1556.88655626,1
3680,0.49847293,0.52044322,0.53236069,0.54365626,0.30264504,15.32089798,15.44477709,1,1,502.51228014,1
3681,0.47613415,0.59828528,0.53706262,0.50419205,0.2926143,15.32967704,15.33718659,1,1,100.48674194,1
3682,0.50154543,0.59153775,0.5388081,0.48111805,0.27690808,15.91141294,16.03480127,1,1,1225.08537256,1
3683,0.50228849,0.55448368,0.51704639,0.44152308,0.29816014,15.40987827,15.53595377,1,1,954.64399925,1
3684,0.51332065,0.56131506,0.51545943,0.40280947,0.32121751,15.71373504,15.77544331,1,1,871.74366068,1
3685,0.51353449,0.56159744,0.5152111,0.44475316,0.34478661,15.33178212,15.38972085,1,1,106.10950848,1
3686,0.48021623,0.52310301,0.52540912,0.40616863,0.36010849,15.28662993,15.30337099,1,1,1050.09534593,1
3687,0.47663473,0.54245723,0.52894361,0.39978869,0.38290517,16.18331771,16.21520711,1,1,1292.31046628,1
3688,0.47019577,0.52922149,0.53341322,0.36182586,0.36804941,15.66630104,15.81102324,1,1,100.09554714,1
3689,0.47780165,0.52908168,0.53229413,0.32471443,0.35254371,15.61761763,15.69307236,1,1,1584.80556911,1
3690,0.48850367,0.52894112,0.52163131,0.28897833,0.33561255,15.56088997,15.59724156,1,1,1582.08325356,1
3691,0.48875237,0.52980082,0.52168287,0.33319873,0.35889978,15.58564475,15.62410704,1,1,789.64637062,1
3692,0.44758904,0.56083271,0.52185204,0.35517296,0.34172221,15.43472836,15.46167002,1,1,1367.51349146,1
3693,0.45440154,0.53461888,0.53997704,0.34296109,0.36486521,15.3589104,15.44307928,1,1,103.26649117,1
3694,0.45659153,0.53296961,0.51931251,0.38498074,0.38648475,15.5618134,15.6297421,1,1,1584.58174751,1
3695,0.4552923,0.52267722,0.53529109,0.34832134,0.40875484,15.24403515,15.27032569,1,1,194.4928318,1
3696,0.48280155,0.50784758,0.52916552,0.31141132,0.43057887,15.83824261,15.90846936,1,1,1521.47845278,1
3697,0.48603017,0.50247768,0.52473661,0.30682798,0.45196678,15.80681049,15.86907399,1,1,102.30703015,1
3698,0.48605308,0.50311096,0.52462694,0.35069034,0.46980348,15.80088912,15.801752,1,1,730.49296421,1
3699,0.4463189,0.56221128,0.54430796,0.39358873,0.45825328,15.51790587,15.6203173,1,1,122.20187688,1
3700,0.45793107,0.53191687,0.52253516,0.43571659,0.44030633,15.66029792,15.76807776,1,1,1422.08400175,1
3701,0.46793704,0.53072118,0.52145655,0.39702373,0.4557016,16.11407552,16.25347964,1,1,1333.39516466,1
3702,0.48195235,0.51981352,0.54326147,0.43883787,0.46191511,15.8178239,15.84141047,1,1,100.01940159,1
3703,0.48388493,0.51283061,0.51990483,0.40722037,0.46590056,15.63959333,15.7077996,1,1,271.47395446,1
3704,0.48363039,0.51266331,0.51986135,0.36995776,0.44664022,15.6220708,15.75153496,1,1,100.22325394,1
3705,0.43522743,0.54177689,0.54669655,0.38201462,0.46753232,15.00459697,15.04488156,1,1,100.0869175,1
3706,0.4576974,0.54423665,0.53956259,0.42280437,0.48607737,15.83885825,15.94568768,1,1,105.13303222,1
3707,0.45030316,0.53701473,0.5435397,0.4414244,0.48326484,15.51340629,15.60406052,1,1,743.71552979,1
3708,0.47712547,0.51597886,0.53321211,0.40273988,0.50357694,15.65835957,15.67587413,1,1,100.00617612,1
3709,0.46152212,0.51920345,0.5190644,0.44467656,0.48410467,15.88250218,15.95198374,1,1,100.13999388,1
3710,0.47236046,0.50507031,0.51787095,0.48356586,0.50373438,15.61656399,15.74025464,1,1,131.46984825,1
3711,0.47250029,0.50545438,0.51788702,0.52386068,0.52361737,15.71861768,15.83337017,1,1,201.91663181,1
3712,0.48077746,0.57010257,0.52029222,0.55870665,0.54218541,15.57765413,15.64145874,1,1,1577.68937049,1
3713,0.48997608,0.55821096,0.52429403,0.59753251,0.56057469,16.02148481,16.07100888,1,1,135.49176242,1
3714,0.49866845,0.56905534,0.52648322,0.55675085,0.54278261,15.41870228,15.52918314,1,1,128.89007875,1
3715,0.49164741,0.56097781,0.52256454,0.59549033,0.5228043,15.41706085,15.50918298,1,1,274.57569343,1
3716,0.49538592,0.53510232,0.51352341,0.55366832,0.50288889,15.30804802,15.39173469,1,1,164.38617612,1
3717,0.49527305,0.53450639,0.51341403,0.59133093,0.52276727,15.5565314,15.5671556,1,1,200.43247852,1
3718,0.55428231,0.5520658,0.52363137,0.57826077,0.50597036,15.41678611,15.45736547,1,1,100.00042201,1
3719,0.55827101,0.57783769,0.52973669,0.61422137,0.48589078,15.79823428,15.86816309,1,1,156.84459385,1
3720,0.57118588,0.58136452,0.51162197,0.65138592,0.504253,15.5421653,15.64779019,1,1,100.07625257,1
3721,0.54833088,0.57349617,0.50897961,0.68819535,0.52414341,15.77656043,15.81514834,1,1,1379.13804146,1
3722,0.54620892,0.58901696,0.5292706,0.72252706,0.50879197,15.89217804,15.9438636,1,1,379.3734198,1
3723,0.54614211,0.58945863,0.52925681,0.75807626,0.48980482,15.62531829,15.68152907,1,1,959.57845481,1
3724,0.50571138,0.55874947,0.52930686,0.79252672,0.48870919,15.89501271,15.90550083,1,1,1560.52537284,1
3725,0.49223991,0.54604224,0.53455104,0.82410879,0.46898974,15.9010378,15.99217292,1,1,101.88235569,1
3726,0.51810535,0.55637681,0.55156608,0.77765548,0.48960026,15.65208157,15.72864912,1,1,1203.9071352,1
3727,0.49660222,0.55850302,0.55102669,0.81171577,0.46981897,15.79743289,15.85642439,1,1,100.56601623,1
3728,0.5024927,0.55164522,0.53272937,0.78943848,0.4509744,15.81802211,15.86397803,1,1,1584.84382368,1
3729,0.49078682,0.54559635,0.52628296,0.82296251,0.45414335,15.52523121,15.68035182,1,1,100.90533466,1
3730,0.49098711,0.5443226,0.5262939,0.77650352,0.43606699,15.72517714,15.79129817,1,1,1376.72239754,1
3731,0.47377934,0.5441352,0.53225589,0.80970372,0.41820646,15.71918687,15.75393836,1,1,607.98384015,1
3732,0.4881174,0.54440947,0.54500956,0.81033706,0.42768994,15.71319473,15.78562141,1,1,102.25806705,1
3733,0.47769323,0.53289051,0.53316356,0.81215338,0.44907488,15.75369087,15.78733585,1,1,1480.48903362,1
3734,0.48984582,0.52521799,0.54111979,0.8444882,0.47008221,15.19192277,15.29165262,1,1,1584.79423413,1
3735,0.49786262,0.54320564,0.54624871,0.82737497,0.47958464,16.20875575,16.24211039,1,1,1558.77743313,1
3736,0.49793348,0.54383895,0.54633677,0.78101768,0.46465107,15.50340435,15.52210163,1,1,118.17523573,1
3737,0.45500016,0.57910964,0.56344707,0.81536123,0.44541019,15.91730295,15.96452591,1,1,1536.94329553,1
3738,0.47607484,0.54827373,0.56986061,0.79019441,0.46649719,16.29464615,16.39094769,1,1,295.91802819,1
3739,0.46691802,0.5664907,0.55761857,0.82404076,0.44716739,15.50300697,15.61138064,1,1,100.00192911,1
3740,0.46679838,0.55462708,0.56476885,0.85485435,0.42896732,15.5568433,15.62426317,1,1,1396.81337028,1
3741,0.48958768,0.54174675,0.54171676,0.80775727,0.4502641,15.52299038,15.56297894,1,1,134.86867697,1
3742,0.48984254,0.54363591,0.54166915,0.84113136,0.4691979,16.17471487,16.19954686,1,1,801.82011015,1
3743,0.45600672,0.57025879,0.5524102,0.79694293,0.45345777,15.46531824,15.49684097,1,1,1552.66947829,1
3744,0.45519628,0.56363996,0.5601599,0.81461872,0.43439794,15.0627453,15.19835147,1,1,1574.84644532,1
3745,0.45797242,0.53832946,0.56077715,0.77270049,0.45270336,16.12084136,16.21289847,1,1,100.44910883,1
3746,0.45266613,0.52841978,0.5442379,0.80660137,0.4346146,15.99795307,16.12726626,1,1,1584.70167397,1
3747,0.47493103,0.52867593,0.55318204,0.81132021,0.42141684,15.74790644,15.87286556,1,1,100.1414277,1
3748,0.47310533,0.5363027,0.53575097,0.81112152,0.40322153,16.05773689,16.15468127,1,1,1533.52745927,1
3749,0.4731844,0.53624304,0.53552937,0.81362291,0.41400683,15.90667853,16.0645565,1,1,1572.9955107,1
3750,0.46567533,0.57449199,0.54472313,0.83809693,0.43572512,15.99744982,16.021378,1,1,1358.57987487,1
3751,0.47511847,0.57244285,0.55546233,0.87133447,0.45629676,15.95409453,16.01133384,1,1,705.91976692,1
3752,0.48078228,0.54479609,0.54820854,0.82404255,0.47297338,15.76728069,15.80011093,1,1,114.09684447,1
3753,0.48931492,0.5494041,0.53239778,0.7780172,0.46390996,16.07228692,16.14058797,1,1,100.13242753,1
3754,0.49609472,0.55033328,0.55620753,0.73799711,0.48154802,15.72657924,15.83846886,1,1,100.00304607,1
3755,0.49626691,0.55172103,0.5558322,0.69335122,0.4798885,16.02931222,16.15584924,1,1,1165.78335799,1
3756,0.45571418,0.57811771,0.57058381,0.56967855,0.53375453,15.58146763,15.65593744,1,1,133.39617792,0
3757,0.46077443,0.55380948,0.54404713,0.56381632,0.48648161,15.64282732,15.7040289,1,1,107.69557028,0
3758,0.47256075,0.54834619,0.5475314,0.68250495,0.42722966,15.9355657,15.99149151,1,1,136.10797678,0
3759,0.48540952,0.54429265,0.54439512,0.79885275,0.47756364,15.21894819,15.24395107,1,1,1572.29894629,0
3760,0.48567074,0.54476508,0.54426423,0.75680432,0.52515048,15.94994699,16.09394295,1,1,107.11036913,0
3761,0.4333742,0.49784004,0.5188139,0.84392828,0.57999381,15.56209664,15.66578729,1,1,1446.83765071,0
3762,0.44083341,0.42847242,0.48966378,0.84198717,0.57392686,15.38562465,15.42900697,1,1,239.10897567,0
3763,0.44521706,0.33897957,0.44955639,0.71515353,0.50744761,15.30508595,15.37787736,1,1,1297.97674982,0
3764,0.44549129,0.26902773,0.42382579,0.7803087,0.44387069,15.94414917,15.98977613,1,1,1533.58509003,0
3765,0.445367,0.22806267,0.38864431,0.69675307,0.49751082,15.57789355,15.61970969,1,1,100.00106926,0
3766,0.44509434,0.22845757,0.38851279,0.58405839,0.43839649,15.54638101,15.60177629,1,1,1503.38737293,0
3767,0.50259161,0.29844181,0.43172801,0.46329041,0.49142736,15.68742785,15.70320483,1,1,106.08818204,0
3768,0.51805799,0.3667124,0.46725724,0.40811354,0.55085984,16.03146108,16.06803188,1,1,1327.72175922,0
3769,0.53150199,0.46381305,0.49826329,0.29030406,0.61144704,15.48987719,15.49504084,1,1,160.32561184,0
3770,0.53709728,0.53330482,0.5199915,0.40555359,0.67463036,16.02565822,16.10994691,1,1,100.3644081,0
3771,0.55098334,0.60574491,0.57269681,0.28744594,0.73632678,16.13797068,16.26893363,1,1,100.31586271,0
3772,0.55097637,0.64639998,0.56311505,0.41154572,0.68060105,15.16908482,15.29090972,1,1,1583.89273608,0
3773,0.55102188,0.6467068,0.56321698,0.45704703,0.74204454,15.45091155,15.59879315,1,1,100.08414864,0
3774,0.50478944,0.57199315,0.55867052,0.43104671,0.7571962,15.53326527,15.54274153,1,1,100.47867019,1
3775,0.48902283,0.50874451,0.53508795,0.47242572,0.77123402,16.06230272,16.10364749,1,1,158.15488914,1
3776,0.47268452,0.43153262,0.51981343,0.51295163,0.78580515,15.71989813,15.84449034,1,1,110.66370763,1
3777,0.44135005,0.35517834,0.48526162,0.47271083,0.80005153,16.14613197,16.14699954,1,1,170.03534435,1
3778,0.42145996,0.28526466,0.46473172,0.43325662,0.80052918,15.97774791,16.11096352,1,1,1584.53303109,1
3779,0.42298415,0.2368816,0.46761782,0.43483118,0.80576078,15.99091415,16.04164497,1,1,1574.78395456,1
3780,0.42339936,0.23708433,0.4678789,0.41681388,0.81959113,15.37289929,15.49400963,1,1,1579.44903369,1
3781,0.47694345,0.26537774,0.48809737,0.45550539,0.79361998,15.35346259,15.38629719,1,1,363.01299217,1
3782,0.47672275,0.27198963,0.48664615,0.41848464,0.79065537,15.51225536,15.51284979,1,1,100.41083156,1
3783,0.46498469,0.28808797,0.48233285,0.457636,0.8024004,15.65070299,15.71704366,1,1,485.14287419,1
3784,0.4737891,0.29583097,0.4858575,0.41848771,0.77635372,15.15804713,15.21916413,1,1,192.08381643,1
3785,0.49479001,0.30022097,0.47630155,0.38049918,0.75123214,15.72910412,15.73200602,1,1,1041.12151843,1
3786,0.48232867,0.3098114,0.49337965,0.34776743,0.76133918,15.5229282,15.54894074,1,1,100.16166588,1
3787,0.49857761,0.30998958,0.49113482,0.39079993,0.77067069,15.85612375,15.99928123,1,1,1098.6849981,1
3788,0.49382375,0.32128825,0.47282394,0.35362111,0.78525661,15.56184651,15.62369194,1,1,1180.09736025,1
3789,0.49380017,0.32026488,0.47301375,0.39654781,0.79944527,15.42329653,15.4366889,1,1,285.87927639,1
3790,0.54648544,0.34351101,0.48907304,0.35967867,0.80916937,15.46012241,15.52275736,1,1,120.90236131,1
3791,0.52772455,0.3408822,0.49122528,0.40015711,0.82298562,15.69743194,15.75638425,1,1,100.04056693,1
3792,0.5339394,0.36152605,0.48125182,0.41817383,0.79653121,16.09326867,16.10502946,1,1,133.95179874,1
3793,0.55119533,0.3733165,0.48854042,0.45981032,0.77289386,16.04286694,16.13549999,1,1,834.16269858,1
3794,0.52773035,0.36160458,0.49209619,0.49245475,0.76708508,15.43759925,15.56471244,1,1,118.29573641,1
3795,0.53505085,0.37248775,0.48116119,0.5325892,0.78167426,15.85370637,15.90639074,1,1,1309.53705166,1
3796,0.53510129,0.37368691,0.48105262,0.57129326,0.75604727,15.92685076,16.06441543,1,1,1539.97302196,1
3797,0.58558415,0.38543389,0.48505427,0.52986752,0.7689545,15.88483481,16.00618441,1,1,100.13437261,1
3798,0.5882327,0.37607325,0.50987792,0.4896497,0.74388666,15.46040143,15.49461407,1,1,442.32474364,1
3799,0.57186997,0.39717137,0.50437744,0.45800133,0.75883128,15.60176325,15.68390689,1,1,1512.23403736,1
3800,0.57467431,0.41868578,0.50130993,0.49700804,0.7336888,15.8442033,15.91010674,1,1,173.22311048,1
3801,0.57649991,0.4282216,0.50727395,0.4573415,0.70907851,15.18297716,15.27160622,1,1,728.28522796,1
3802,0.54435379,0.41254659,0.48620831,0.41951567,0.68492819,15.59217642,15.6627567,1,1,131.37671424,1
3803,0.54610155,0.42313082,0.4845019,0.39225379,0.66308738,16.12246076,16.17588874,1,1,1361.53309221,1
3804,0.54599959,0.42328992,0.48450977,0.43267017,0.64002823,16.24562944,16.30770328,1,1,114.21966651,1
3805,0.59817211,0.41144291,0.48601131,0.39630472,0.61825741,15.67353766,15.81145352,1,1,1327.18185574,1
3806,0.58045421,0.41551422,0.50036922,0.43763567,0.63381521,15.47347413,15.47859134,1,1,1583.42488925,1
3807,0.58158116,0.42993354,0.50207397,0.39926811,0.65113752,15.86298042,15.8660413,1,1,1572.55766295,1
3808,0.58000386,0.43170375,0.49829309,0.41193324,0.63049763,15.83488073,15.97861418,1,1,100.00260109,1
3809,0.55718872,0.4410667,0.49714077,0.37398112,0.64707732,15.53558313,15.60599069,1,1,101.56293822,1
3810,0.56326781,0.46518703,0.48907597,0.41599951,0.64200772,15.86689432,15.96192521,1,1,1431.17177835,1
3811,0.56311111,0.46434573,0.48934508,0.37823043,0.61916858,15.49884534,15.53259753,1,1,100.00406795,1
3812,0.60858082,0.4379028,0.49836738,0.34305944,0.6365065,15.32658212,15.37385578,1,1,1398.62862919,1
3813,0.58657582,0.44447598,0.4993072,0.30692904,0.65267718,15.7143682,15.71786336,1,1,103.27671438,1
3814,0.57508634,0.47020325,0.50517357,0.34599068,0.66962363,15.78600419,15.92860254,1,1,1559.31664009,1
3815,0.57276328,0.46513862,0.51664323,0.31298631,0.68622601,15.58057159,15.63987246,1,1,1577.52098867,1
3816,0.54969099,0.48950178,0.49253664,0.35672409,0.66302856,15.44200555,15.55566339,1,1,130.12737771,1
3817,0.56350371,0.50099065,0.5143969,0.39716026,0.63979326,15.89428109,15.94141122,1,1,1524.59835939,1
3818,0.53690862,0.5053057,0.49582046,0.4096142,0.65656371,15.16852959,15.3128543,1,1,1565.71674408,1
3819,0.53689572,0.50480431,0.49592241,0.37153039,0.63521875,16.14045765,16.19103745,1,1,1137.44475072,1
3820,0.5706728,0.46696857,0.52058445,0.33410049,0.65129605,16.0578239,16.15288598,1,1,100.27692636,1
3821,0.56096732,0.4788346,0.50762718,0.37733248,0.64166763,15.48678078,15.50266706,1,1,1584.89285677,1
3822,0.54332651,0.4787234,0.52479555,0.41971358,0.61961582,15.49620027,15.60984575,1,1,1383.42201805,1
3823,0.54626292,0.50760191,0.51384357,0.46131749,0.63721495,15.74406607,15.83617946,1,1,100.25929623,1
3824,0.51984095,0.51678463,0.52273578,0.46241174,0.64363925,15.83092237,15.92072727,1,1,100.22389899,1
3825,0.51959995,0.51785734,0.52282732,0.42319465,0.62117697,15.44900371,15.45196122,1,1,1354.81533844,1
3826,0.50618234,0.47921798,0.5409714,0.38473203,0.63856833,15.9750502,15.976042,1,1,101.92266548,1
3827,0.49518014,0.48418754,0.52371195,0.34914714,0.61585001,15.54416252,15.56520241,1,1,1584.78373314,1
3828,0.48249819,0.47777293,0.53143452,0.31632498,0.63350677,16.21306383,16.30291048,1,1,135.48718196,1
3829,0.49320736,0.48850189,0.51616962,0.28383322,0.65082452,15.67974484,15.69223684,1,1,110.64265346,1
3830,0.47100379,0.48358636,0.5305595,0.32783018,0.62836847,15.63669571,15.69953366,1,1,1502.26573486,1
3831,0.47099284,0.48396989,0.53065049,0.29149413,0.64578681,15.91253495,15.92620847,1,1,100.2624267,1
3832,0.52911792,0.54753946,0.53529247,0.27613069,0.62396914,15.50622942,15.59476222,1,1,1343.16507613,1
3833,0.54037886,0.54105728,0.53681412,0.24061252,0.61392629,15.44269096,15.50488181,1,1,100.43987086,1
3834,0.54968581,0.55228244,0.5496301,0.20580365,0.63017422,15.97956555,16.10047419,1,1,205.61634631,1
3835,0.55347551,0.55368308,0.52418862,0.21033637,0.64574096,15.28181812,15.38773383,1,1,100.00318205,1
3836,0.5505574,0.55341718,0.54754346,0.19400519,0.66280289,15.41553681,15.42627254,1,1,112.49085565,1
3837,0.55058515,0.55358053,0.54760878,0.16572971,0.67954495,15.72206648,15.73880808,1,1,382.52137687,1
3838,0.57045442,0.48571702,0.56211409,0.13243287,0.68105261,15.59114367,15.70501901,1,1,100.26936404,1
3839,0.53614023,0.4859921,0.54948118,0.09978994,0.65767882,15.72526712,15.78758161,1,1,119.43809155,1
3840,0.51982961,0.492216,0.55696552,0.12984992,0.64649389,16.08006122,16.14056933,1,1,101.74960392,1
3841,0.52214525,0.51232557,0.54945504,0.1724908,0.63679102,15.52008102,15.66385214,1,1,204.0801118,1
3842,0.50503566,0.53078403,0.54448419,0.13944122,0.61455432,15.95289568,16.01526351,1,1,1464.99157346,1
3843,0.50489758,0.52950826,0.54463689,0.1152226,0.63091319,15.68889178,15.81610472,1,1,1584.88554998,1
3844,0.46599614,0.5122202,0.56215944,0.16272124,0.6089327,16.0008608,16.0179967,1,1,105.54168349,1
3845,0.48675736,0.51255721,0.54294952,0.15281507,0.62011298,15.27870289,15.41465068,1,1,334.34889428,1
3846,0.48018512,0.49957126,0.5310164,0.19356367,0.62371877,15.67643157,15.80346825,1,1,1584.82891492,1
3847,0.46459339,0.4906793,0.5185851,0.23895335,0.60970065,15.89955982,16.01147902,1,1,100.17861428,1
3848,0.46454559,0.49042257,0.51875215,0.27545405,0.58751368,15.10825428,15.25625104,1,1,100.2539953,1
3849,0.44469455,0.54767695,0.53631071,0.24052683,0.57542832,16.10034731,16.20858125,1,1,1431.67063517,1
3850,0.4776606,0.53176598,0.54394687,0.27253821,0.57951622,15.54920229,15.64956101,1,1,423.69426366,1
3851,0.49187289,0.52989032,0.53993777,0.31490936,0.59792451,15.60971518,15.72337809,1,1,100.84223978,1
3852,0.4751024,0.52027815,0.52792818,0.30750554,0.58479695,15.96229237,16.04622773,1,1,100.03533655,1
3853,0.50384714,0.514102,0.51993117,0.2847388,0.57839812,16.08298267,16.0964368,1,1,100.11320644,1
3854,0.50372609,0.51447313,0.51978453,0.24908499,0.57847985,15.78552193,15.84675097,1,1,1328.96466547,1
3855,0.57070145,0.52014211,0.52170589,0.29297316,0.57601514,15.99596834,16.04064599,1,1,100.00000306,1
3856,0.56108911,0.51997263,0.53937193,0.33711216,0.55629873,15.29649624,15.30348864,1,1,103.06088236,1
3857,0.53096506,0.55458307,0.51666851,0.38015593,0.57419163,15.86799143,15.90800112,1,1,100.16711319,1
3858,0.54721258,0.56484824,0.53716123,0.34264563,0.59237159,15.71322905,15.86092,1,1,1316.96206441,1
3859,0.53587102,0.57036093,0.53602145,0.37988154,0.5705298,15.82238482,15.85293275,1,1,1527.58718589,1
3860,0.53589702,0.56956869,0.53578665,0.36424271,0.54953867,15.84204965,15.90910371,1,1,100.02501767,1
3861,0.51763735,0.57850314,0.54913781,0.32909256,0.52894619,15.6613557,15.79046403,1,1,100.28574283,1
3862,0.50384702,0.55044929,0.54987953,0.37099617,0.5483163,15.66697196,15.81846671,1,1,111.91517243,1
3863,0.50383216,0.53891613,0.56291112,0.37367602,0.52736362,15.04399092,15.18838448,1,1,103.81589477,1
3864,0.52146015,0.56025968,0.54609965,0.33665702,0.50681681,15.89514631,15.9048769,1,1,798.90216587,1
3865,0.50638968,0.54996653,0.54963034,0.37623286,0.51216003,16.11838227,16.18575264,1,1,142.54330726,1
3866,0.52423272,0.54548198,0.54674058,0.41868672,0.49211611,15.53141983,15.59900442,1,1,100.01864704,1
3867,0.51115644,0.51732902,0.54054225,0.45315101,0.48626657,15.67841111,15.69003013,1,1,100.56777211,1
3868,0.51112381,0.51645113,0.54026091,0.49350007,0.50613347,16.11611797,16.16516127,1,1,117.30534315,1
3869,0.47267109,0.4682113,0.55122624,0.49903579,0.49566463,15.71851986,15.73580971,1,1,1584.36046622,1
3870,0.4752974,0.46361367,0.55177081,0.46141386,0.50500488,15.57281143,15.66703492,1,1,1545.48160451,1
3871,0.47537132,0.45714939,0.5312985,0.42224812,0.52262243,15.63522531,15.64534604,1,1,1576.16072556,1
3872,0.45648371,0.46024753,0.53699954,0.38975732,0.54216986,15.26954332,15.29694847,1,1,100.00861337,1
3873,0.45514654,0.46093868,0.53714985,0.35212606,0.52137745,15.92868723,15.96043552,1,1,104.3188689,1
3874,0.45521153,0.46118432,0.53723682,0.31696026,0.53457806,15.57270903,15.69859374,1,1,1084.53446579,1
3875,0.49515063,0.51958436,0.54799974,0.36060911,0.51512088,15.62609648,15.77340243,1,1,1493.04108364,1
3876,0.49638682,0.52403892,0.5370275,0.32377979,0.495063,15.67595799,15.77756631,1,1,1576.83424331,1
3877,0.50858693,0.52297189,0.53628264,0.28868588,0.47520336,16.11575963,16.19035209,1,1,1497.7779159,1
3878,0.51987205,0.53735825,0.55177894,0.2531154,0.45878952,15.6536104,15.71095001,1,1,572.90992912,1
3879,0.51463092,0.53141473,0.55873598,0.2924618,0.47950236,15.76915522,15.866671,1,1,487.9031956,1
3880,0.51949662,0.52454296,0.53854442,0.2616018,0.45991231,16.01067294,16.06849873,1,1,105.97417386,1
3881,0.51952756,0.52389886,0.53855319,0.24623669,0.4487148,15.9275748,15.95130814,1,1,100.40691206,1
3882,0.53578815,0.48092494,0.54424615,0.26829106,0.45979487,15.37744007,15.49816022,1,1,555.98846113,1
3883,0.53457617,0.48885379,0.53784887,0.23292547,0.44475683,15.96390661,16.04113981,1,1,121.59848778,1
3884,0.52644449,0.49181585,0.54336944,0.27537913,0.43805101,15.62571518,15.64770453,1,1,100.00540973,1
3885,0.50722141,0.50291508,0.52309334,0.31986943,0.45809242,15.71757385,15.81029898,1,1,100.7882605,1
3886,0.502454,0.52298551,0.54526632,0.3054337,0.4389314,15.90772448,16.0506945,1,1,154.84290834,1
3887,0.50228448,0.52346277,0.54535218,0.3194152,0.42022962,16.02749735,16.06824392,1,1,1562.44998013,1
3888,0.49397039,0.5213348,0.56019583,0.3629927,0.40183778,15.81336495,15.83459441,1,1,1485.72551632,1
3889,0.47512423,0.49624021,0.55694678,0.4057327,0.42380077,15.38608646,15.4590601,1,1,1485.43465404,1
3890,0.48655053,0.4940395,0.54602638,0.44305459,0.40907591,15.7392984,15.85051252,1,1,107.89212543,1
3891,0.47456158,0.51898365,0.51463362,0.45934446,0.39413555,15.70579028,15.81296583,1,1,1374.12432617,1
3892,0.47431786,0.51788855,0.51461403,0.48532179,0.4162528,16.23564371,16.2730386,1,1,131.94647731,1
3893,0.51158124,0.59401559,0.54418629,0.44743609,0.43791917,15.64338797,15.75717811,1,1,100.00065084,1
3894,0.50821273,0.59708584,0.5137928,0.414097,0.45691511,15.69331601,15.76506666,1,1,1584.02164761,1
3895,0.53892653,0.58263222,0.5343947,0.38889554,0.43778623,15.7179522,15.82172656,1,1,118.01405403,1
3896,0.54891894,0.57488777,0.5344685,0.43083837,0.45284009,15.21219049,15.30514799,1,1,101.8258828,1
3897,0.52847506,0.59200941,0.53270304,0.39261453,0.46629763,15.72423615,15.75549695,1,1,100.97048143,1
3898,0.52836911,0.59264811,0.53282764,0.43382978,0.446976,15.67912824,15.73844826,1,1,1474.50988745,1
3899,0.51037366,0.58460862,0.54169313,0.39515858,0.46800293,15.54986173,15.67362356,1,1,1584.44786619,1
3900,0.48179592,0.58089941,0.53270148,0.3586666,0.48863005,16.11396007,16.12883594,1,1,1577.38660019,1
3901,0.49646529,0.56939422,0.54127526,0.32313161,0.50885739,15.93471666,15.982382,1,1,970.87160235,1
3902,0.48530693,0.56436813,0.53966778,0.30832093,0.51430664,15.75081952,15.78719646,1,1,810.94319944,1
3903,0.49919948,0.54201571,0.54733751,0.34781297,0.53400697,15.82899818,15.91538825,1,1,1584.00065435,1
3904,0.49743662,0.55452142,0.54547565,0.31209854,0.55330641,15.72466215,15.75852182,1,1,100.00145671,1
3905,0.49772493,0.55455987,0.54553591,0.30418801,0.53227015,15.90189697,15.93713842,1,1,101.94956656,1
3906,0.44788373,0.55833526,0.56317325,0.2862373,0.55060333,15.68960196,15.80233247,1,1,139.8479859,1
3907,0.45064287,0.56483026,0.55139516,0.31862127,0.53276065,15.89243313,15.96620702,1,1,388.88746879,1
3908,0.46943092,0.5520762,0.5480642,0.28240629,0.51210617,15.95613443,16.06645722,1,1,100.00005731,1
3909,0.4587825,0.55731616,0.55311237,0.24676008,0.49191498,15.75865659,15.79368419,1,1,101.2573248,1
3910,0.4818133,0.54040825,0.5422231,0.28889751,0.50581479,15.95009533,16.01382093,1,1,1044.6826114,1
3911,0.49224488,0.53916354,0.56514132,0.31754803,0.4871483,14.91391501,15.02297251,1,1,737.6029079,1
3912,0.49221155,0.53978182,0.56506583,0.28808624,0.46877367,15.54876179,15.68546982,1,1,1564.85615468,1
3913,0.52967103,0.64098548,0.57979849,0.25235239,0.46994759,15.91404099,16.05765785,1,1,283.69938436,1
3914,0.53878173,0.63169143,0.55067702,0.29397925,0.45057373,15.63839813,15.75329545,1,1,132.09889653,1
3915,0.55830535,0.61812278,0.52852214,0.3377559,0.43908425,15.7373851,15.80736609,1,1,100.02245869,1
3916,0.553535,0.62213607,0.52780909,0.38011352,0.42938013,15.59016651,15.62303206,1,1,100.00220348,1
3917,0.55359065,0.62285621,0.5277476,0.35009367,0.42915805,15.97218459,16.07560882,1,1,100.81368942,1
3918,0.53073563,0.61256614,0.55618671,0.39033803,0.45056049,15.71102444,15.85070879,1,1,100.00881794,1
3919,0.51262442,0.58618734,0.54116469,0.43253042,0.43603465,15.53481788,15.61199274,1,1,1296.66649769,1
3920,0.52688753,0.60148206,0.55087765,0.463499,0.42278978,16.04951195,16.1569545,1,1,100.11975472,1
3921,0.52526409,0.60016319,0.52917363,0.49876829,0.404341,15.8036359,15.94139654,1,1,100.00829118,1
3922,0.50185711,0.58808511,0.53170162,0.53396403,0.39215336,15.35159619,15.45511428,1,1,130.46923433,1
3923,0.51218903,0.59259287,0.54996811,0.57260734,0.37435874,15.76815335,15.77297117,1,1,1347.90357066,1
3924,0.5122257,0.5931513,0.55011339,0.61114617,0.39685833,15.90596427,15.98484127,1,1,1506.68613899,1
3925,0.46893903,0.58390529,0.56036872,0.63684522,0.41802338,15.73020889,15.75608239,1,1,1584.88161135,1
3926,0.48003169,0.58072333,0.57247538,0.59698533,0.42761899,15.85171653,15.89980084,1,1,1508.29833768,1
3927,0.46503241,0.56263136,0.57286916,0.58234401,0.41024476,15.25847725,15.26095376,1,1,100.00000219,1
3928,0.49156807,0.58116645,0.54834556,0.60491882,0.42004529,15.6087436,15.7517477,1,1,100.65256848,1
3929,0.48715154,0.5765285,0.55829385,0.57777429,0.44052043,15.37495159,15.49985044,1,1,1582.90668588,1
3930,0.48688905,0.57647484,0.55836013,0.61619743,0.46170952,15.77051255,15.8871958,1,1,106.67763232,1
3931,0.45411636,0.62254689,0.57057912,0.59864626,0.44247571,15.91144928,16.01601483,1,1,101.79153712,1
3932,0.46193998,0.5965566,0.57656616,0.55674949,0.45280853,15.59581078,15.7306615,1,1,1385.80979916,1
3933,0.46192687,0.58982743,0.57467929,0.52369008,0.47287761,15.92534161,16.03539268,1,1,101.75384282,1
3934,0.47743163,0.5798173,0.5713134,0.48564513,0.48118173,15.70677674,15.83978185,1,1,100.00004661,1
3935,0.48220765,0.57593344,0.55667343,0.4637138,0.46155852,15.82781458,15.84819575,1,1,132.15996872,1
3936,0.48210336,0.57516655,0.55664685,0.50443206,0.47914371,16.15231177,16.26408943,1,1,377.47553763,1
3937,0.44901305,0.6048253,0.56459118,0.47296053,0.46748955,16.36483732,16.40879751,1,1,124.74830761,1
3938,0.4826043,0.62034116,0.55759288,0.43479252,0.48813599,15.86142029,15.95801873,1,1,1177.16678899,1
3939,0.4926084,0.59085568,0.54321964,0.39995487,0.50619423,15.69241284,15.73175137,1,1,718.65828686,1
3940,0.4930046,0.5992439,0.55859544,0.36636128,0.52605007,15.80512948,15.81502227,1,1,114.79783372,1
3941,0.48836799,0.59252937,0.55774586,0.40903309,0.54494522,16.15263965,16.24023816,1,1,1584.86852988,1
3942,0.48839542,0.59242483,0.55794883,0.45021482,0.56404324,15.04934175,15.15391646,1,1,1562.03620768,1
3943,0.45598722,0.61141691,0.57221214,0.41783262,0.54277078,15.88270513,15.90139438,1,1,746.23202748,1
3944,0.48443797,0.63015191,0.57725567,0.38024749,0.56189332,15.66336763,15.68874306,1,1,1472.65930144,1
3945,0.49138708,0.61044739,0.58088561,0.41983613,0.58048145,15.80943319,15.92207729,1,1,100.05194534,1
3946,0.49706026,0.58005687,0.56232029,0.38226548,0.59883525,15.82947688,15.95536212,1,1,1112.50749477,1
3947,0.50686331,0.59000899,0.57688716,0.41759654,0.60077031,15.99214138,16.14887731,1,1,554.90281038,1
3948,0.50668188,0.59059425,0.57690264,0.45265612,0.61555267,16.2371853,16.24463203,1,1,691.18710135,1
3949,0.46898626,0.59106094,0.60162672,0.49206018,0.59488626,16.00970045,16.13785173,1,1,100.27941041,1
3950,0.48359386,0.58003205,0.57089561,0.46571327,0.61288099,16.21364144,16.27779204,1,1,1560.30014414,1
3951,0.46596502,0.56520649,0.59359663,0.50638524,0.59450502,15.5174706,15.59844773,1,1,1169.75904138,1
3952,0.47398824,0.57416957,0.57191453,0.4670472,0.57377597,15.68936487,15.73967939,1,1,1234.60701794,1
3953,0.48257174,0.55918347,0.57751573,0.50734392,0.55784406,15.5562792,15.6941965,1,1,678.25256197,1
3954,0.48268925,0.55920838,0.57775022,0.53556163,0.56351999,15.8397075,15.90546807,1,1,1052.71090272,1
3955,0.46314842,0.5823919,0.58237319,0.57481877,0.57987262,15.77391118,15.82264395,1,1,101.00733473,1
3956,0.45029773,0.57258161,0.59659162,0.61318284,0.59606095,15.69143084,15.83704176,1,1,100.59346301,1
3957,0.46206452,0.57099319,0.56794566,0.57123544,0.6141395,15.34522917,15.47384998,1,1,100.07021075,1
3958,0.45947097,0.55300255,0.56977017,0.55613301,0.59185684,15.86563558,15.91520642,1,1,1039.99597044,1
3959,0.47992114,0.56857942,0.5843727,0.52183476,0.60992099,15.51483027,15.56937647,1,1,100.13484699,1
3960,0.47990324,0.5672072,0.58425248,0.55556666,0.58772392,15.47865707,15.58655762,1,1,104.86516887,1
3961,0.47249848,0.63036184,0.61030923,0.51445533,0.60595488,15.77468262,15.86219228,1,1,1551.7667068,1
3962,0.46866626,0.62307398,0.58530675,0.52724783,0.61034314,15.68592516,15.71534909,1,1,908.34092313,1
3963,0.48752922,0.59029288,0.58586959,0.56577485,0.59236979,15.6590706,15.68829584,1,1,100.37879182,1
3964,0.48700489,0.59876764,0.59632247,0.54111954,0.57965645,15.65203899,15.67123615,1,1,105.06433389,1
3965,0.51058145,0.56896008,0.59108253,0.58019452,0.5599977,15.73598794,15.84726532,1,1,588.08014335,1
3966,0.51019279,0.56963043,0.59102308,0.53893307,0.57870059,15.37039525,15.4668947,1,1,1538.87145323,1
3967,0.49341694,0.57618235,0.60657169,0.57812261,0.55747719,15.9059122,15.95049589,1,1,1551.12052959,1
3968,0.49405982,0.56901148,0.61973218,0.55405708,0.57630539,15.66497103,15.74784662,1,1,105.80120685,1
3969,0.49046373,0.56283905,0.61401913,0.51297701,0.57601304,15.63954038,15.73913778,1,1,1584.88192972,1
3970,0.49326234,0.55728136,0.59052047,0.47290258,0.59430644,15.63094553,15.76428929,1,1,755.78316933,1
3971,0.48783726,0.55293445,0.60068785,0.43960268,0.59421955,16.12897101,16.17467395,1,1,1583.93945348,1
3972,0.50264843,0.53674759,0.58412654,0.47944175,0.57233639,15.61964736,15.69277165,1,1,1167.64274486,1
3973,0.50229573,0.53668523,0.58422381,0.51984867,0.57299927,15.5020134,15.57377948,1,1,1584.8188298,1
3974,0.46135925,0.50092241,0.59583307,0.55653727,0.57128653,16.00052734,16.12247727,1,1,312.8924283,1
3975,0.46609917,0.52301648,0.59594554,0.51541464,0.5559792,15.39711742,15.53322897,1,1,1582.62973884,1
3976,0.46756518,0.49899628,0.55919975,0.47510833,0.57484881,15.56480454,15.60717902,1,1,1058.34607936,1
3977,0.45119851,0.50240823,0.56752264,0.46112571,0.59333853,15.57768213,15.66191813,1,1,1034.71986109,1
3978,0.45780832,0.49832979,0.54234017,0.49769886,0.57183786,15.34030545,15.41591662,1,1,1581.915091,1
3979,0.45810913,0.49881821,0.54232727,0.49564429,0.59038856,15.81497432,15.89441932,1,1,115.44030767,1
3980,0.46526398,0.54019061,0.5535343,0.45592768,0.56882039,15.5197799,15.53311027,1,1,158.51875005,1
3981,0.46668653,0.53390557,0.55861452,0.41684372,0.55010097,15.88033923,15.96493431,1,1,344.63547133,1
3982,0.47508328,0.54119313,0.5493091,0.37852039,0.52911301,15.57883756,15.59279223,1,1,100.16442424,1
3983,0.47150084,0.51873953,0.5591215,0.42087037,0.50858775,15.69242379,15.73123872,1,1,1183.66841586,1
3984,0.4967636,0.50987559,0.53657831,0.3824587,0.50293231,15.35918721,15.46967416,1,1,1580.69199125,1
3985,0.5065664,0.50698918,0.55612292,0.42409741,0.52147176,16.11517081,16.13252475,1,1,107.15500141,1
3986,0.50654171,0.50782836,0.55626914,0.46531388,0.53044191,15.54904278,15.63317976,1,1,100.00006568,1
3987,0.46709072,0.48340094,0.5781552,0.50429514,0.50983312,15.6898511,15.81755495,1,1,1584.56911447,1
3988,0.47132002,0.46697697,0.56231777,0.46423983,0.48963862,15.91880401,15.95808602,1,1,237.52592711,1
3989,0.45249932,0.46195857,0.54523092,0.50418231,0.47792553,15.28649947,15.37612869,1,1,1584.84848202,1
3990,0.45691807,0.47206008,0.52986667,0.5091228,0.48968781,15.70677914,15.71509492,1,1,1575.57514505,1
3991,0.45698718,0.4595177,0.51224852,0.47995411,0.50960721,16.05578729,16.18825717,1,1,497.35480922,1
3992,0.45708319,0.45829361,0.51221652,0.45666196,0.52933598,16.11944606,16.18772664,1,1,1568.1746192,1
3993,0.49912117,0.5337561,0.51531033,0.49752654,0.50875258,16.02526682,16.04325085,1,1,553.84238343,1
3994,0.51873848,0.53879845,0.5238225,0.45757609,0.51793747,15.63043843,15.72552842,1,1,100.15040997,1
3995,0.51478289,0.53953781,0.52310433,0.41842931,0.49998386,15.8565632,15.9034654,1,1,100.08170513,1
3996,0.50787963,0.52266661,0.5192741,0.45990713,0.49647762,15.59944609,15.68623845,1,1,121.80514227,1
3997,0.51848869,0.52853102,0.51566478,0.42070959,0.51654177,15.67171579,15.7534483,1,1,1055.66410585,1
3998,0.5189442,0.52879127,0.51560071,0.38257474,0.51303226,15.60100718,15.72347531,1,1,100.09368457,1
3999,0.47658431,0.499053,0.53535892,0.34648331,0.53270784,15.52127405,15.65705085,1,1,208.26802536,1
4000,0.46817777,0.47980651,0.51633972,0.3293137,0.51206595,15.77534024,15.8659382,1,1,1541.97595376,1
4001,0.47112749,0.49382332,0.52136091,0.37149317,0.53153193,15.78461764,15.79224389,1,1,1402.86138069,1
4002,0.46397857,0.47949849,0.51229144,0.33416077,0.51138356,15.39151468,15.50341813,1,1,137.17961164,1
4003,0.4652065,0.48034163,0.51858401,0.36019284,0.52487504,15.46597593,15.55825642,1,1,100.00689132,1
4004,0.46510194,0.4799616,0.51862375,0.40158891,0.5098515,15.52646539,15.53119592,1,1,101.61145038,1
4005,0.51498875,0.54490121,0.52070536,0.3641178,0.52597908,15.66370101,15.70568414,1,1,373.9470791,1
4006,0.50922072,0.55929199,0.52409237,0.38690457,0.5056966,15.63786187,15.67580711,1,1,133.21437722,1
4007,0.50768071,0.56091044,0.53316079,0.41545796,0.48955212,15.33828673,15.41437678,1,1,123.45545272,1
4008,0.54254252,0.5585511,0.53729819,0.45708596,0.46991639,15.70037474,15.82695895,1,1,201.62534049,1
4009,0.54427819,0.53753816,0.52561248,0.43903296,0.49013778,15.33386267,15.43065711,1,1,136.81961461,1
4010,0.54424949,0.53762699,0.52552394,0.47221312,0.5103099,15.61875325,15.64363866,1,1,1584.89040993,1
4011,0.5675319,0.46669376,0.53728702,0.51224221,0.53010269,15.45631046,15.49866,1,1,1580.68214148,1
4012,0.53698086,0.47741171,0.55169006,0.55161043,0.51079336,15.84948844,15.97361579,1,1,106.70731112,1
4013,0.53269222,0.48083814,0.53241804,0.51575216,0.49191886,16.19454437,16.31611423,1,1,103.17164733,1
4014,0.52911079,0.48546306,0.55166833,0.47590736,0.47219503,15.84914207,15.93698821,1,1,266.69209945,1
4015,0.51119297,0.50640479,0.54368299,0.46612811,0.45277239,15.78204501,15.8033309,1,1,458.9626614,1
4016,0.51142343,0.50617673,0.54339108,0.44787392,0.43400787,15.71855122,15.86563634,1,1,1582.96040658,1
4017,0.55408611,0.50360381,0.55036502,0.4888631,0.41532852,15.6278203,15.7058707,1,1,1584.53159297,1
4018,0.56843861,0.51934919,0.56569709,0.4492126,0.39702198,16.15437751,16.22672158,1,1,100.00304589,1
4019,0.54279586,0.50620878,0.54526725,0.48986358,0.38351583,15.53363415,15.61651889,1,1,1468.69120426,1
4020,0.55214515,0.53343951,0.53644279,0.47141475,0.36679254,15.15687648,15.17380705,1,1,100.05147964,1
4021,0.53505583,0.51949482,0.54572702,0.51191846,0.36638078,15.72185796,15.72749861,1,1,1455.91592725,1
4022,0.53494821,0.52025593,0.54576019,0.47760599,0.34906003,15.35869954,15.36834145,1,1,116.56233219,1
4023,0.51694114,0.49600052,0.56784567,0.43828139,0.3320816,15.77071507,15.91960673,1,1,100.00043764,1
4024,0.5148999,0.48213655,0.54807341,0.44038994,0.32555337,15.95462643,16.08522399,1,1,102.58273164,1
4025,0.50541005,0.50039166,0.54460753,0.40166762,0.32211834,15.12014228,15.13767059,1,1,1558.83068063,1
4026,0.5064475,0.49380246,0.54145267,0.39905304,0.30726668,15.12710846,15.1705257,1,1,172.50201142,1
4027,0.49620696,0.48107867,0.5525503,0.40138122,0.29402638,15.3438207,15.36405058,1,1,142.03878442,1
4028,0.49619274,0.48127338,0.55257679,0.39195372,0.27855392,16.12133504,16.18963048,1,1,267.60239805,1
4029,0.47059353,0.48250263,0.55243716,0.35423688,0.30297107,15.65361733,15.71698323,1,1,100.00533378,1
4030,0.47776204,0.48581493,0.57516083,0.31725593,0.31090182,15.53177348,15.57642201,1,1,101.89769671,1
4031,0.47994193,0.48298044,0.54620011,0.2809621,0.30045328,15.95718207,16.0847775,1,1,125.13187457,1
4032,0.48376831,0.45952577,0.5454849,0.24656225,0.32048692,15.67119326,15.82109114,1,1,103.31344805,1
4033,0.47824711,0.46467959,0.56190249,0.24243845,0.3362068,15.82856719,15.92314082,1,1,1047.4625265,1
4034,0.47837413,0.46543917,0.56179372,0.21807555,0.31971881,15.79869991,15.90878904,1,1,1577.03528373,1
4035,0.56010111,0.4986397,0.56345102,0.25785202,0.34328167,15.83036554,15.97201669,1,1,1583.99748851,1
4036,0.53565486,0.49951971,0.58328291,0.24983394,0.36638954,15.67444017,15.80708104,1,1,1478.74394358,1
4037,0.54072163,0.51705746,0.56304556,0.26506653,0.35420165,15.41824452,15.42200245,1,1,185.86329137,1
4038,0.55214789,0.52692429,0.5700904,0.23101283,0.33717965,15.63778971,15.77345406,1,1,101.26140578,1
4039,0.54341555,0.53354817,0.55369986,0.27639257,0.3238182,15.51113559,15.60557429,1,1,100.00173606,1
4040,0.54329707,0.5334014,0.55364848,0.24325127,0.34721982,15.72520308,15.84159835,1,1,100.24355706,1
4041,0.51614574,0.49251015,0.55742388,0.21077547,0.37027304,15.38021018,15.45597237,1,1,760.05187484,1
4042,0.50031658,0.4806205,0.56819141,0.25655986,0.35581656,15.64583975,15.79074043,1,1,1579.8996991,1
4043,0.51375521,0.50189353,0.55752712,0.29738502,0.3786993,15.89372487,16.00721308,1,1,288.78998593,1
4044,0.50619392,0.4793407,0.57421536,0.26679732,0.36115522,15.86523799,15.86671783,1,1,135.79890691,1
4045,0.5172839,0.48622754,0.5572953,0.30001689,0.35574792,15.86077011,16.00885907,1,1,1558.94736552,1
4046,0.51733277,0.48531891,0.55752559,0.3337852,0.34722354,15.42618926,15.46903495,1,1,1409.28449581,1
4047,0.56122675,0.46803082,0.57686245,0.29711598,0.37027456,15.89783157,15.92108828,1,1,100.4131179,1
4048,0.56732491,0.47665865,0.56834621,0.34117306,0.39281001,15.54257088,15.65965405,1,1,100.13709123,1
4049,0.55736777,0.48795648,0.55206702,0.31000958,0.4149486,15.62600379,15.64805856,1,1,136.53105467,1
4050,0.54580115,0.49868851,0.56251972,0.29516276,0.40237346,15.81077591,15.86281213,1,1,1563.80971356,1
4051,0.52333871,0.51612946,0.55753398,0.3392595,0.42399236,15.51826505,15.62882851,1,1,100.6477938,1
4052,0.52318338,0.51715007,0.5572883,0.30413445,0.44524584,16.24476814,16.28006326,1,1,1535.29547212,1
4053,0.49355155,0.46925546,0.57400944,0.34738086,0.45628278,15.46684603,15.56996301,1,1,103.28590916,1
4054,0.48881979,0.47838832,0.55988298,0.31050942,0.47700107,15.84161805,15.94331699,1,1,100.00917639,1
4055,0.49588413,0.46767577,0.54690854,0.35422068,0.49733733,15.39470344,15.43293,1,1,100.87434347,1
4056,0.47924726,0.47870933,0.57441009,0.39710643,0.51650853,16.06875942,16.11491913,1,1,1584.8342269,1
4057,0.47844627,0.48091357,0.55541666,0.43692561,0.49640249,15.90861351,16.00420866,1,1,100.07466304,1
4058,0.47816338,0.48130072,0.55539048,0.47805274,0.48957198,15.1430011,15.23343256,1,1,146.77427033,1
4059,0.4911004,0.52958449,0.56499221,0.43852607,0.50878,15.45746733,15.56893916,1,1,1348.25493492,1
4060,0.49196088,0.52912455,0.55725519,0.40053508,0.51077117,16.18464391,16.32943304,1,1,1504.17247889,1
4061,0.49466877,0.54164706,0.56854488,0.4425235,0.53052551,15.59609606,15.67373046,1,1,1566.27696018,1
4062,0.50491065,0.51954506,0.55440707,0.40367317,0.50998825,15.60148237,15.62146775,1,1,100.02403584,1
4063,0.52655441,0.50932808,0.54206487,0.44533517,0.52919293,15.67169239,15.70812087,1,1,104.45959398,1
4064,0.52634975,0.50937403,0.54201002,0.41549473,0.50874724,15.16663432,15.25141519,1,1,102.76565152,1
4065,0.55373617,0.4716492,0.56043172,0.44873091,0.48894617,15.75983918,15.77565138,1,1,1566.44827608,1
4066,0.5179837,0.46427233,0.54345673,0.40993028,0.47095487,15.71539396,15.84908623,1,1,1511.33517436,1
4067,0.52184364,0.49410972,0.53542681,0.37518698,0.45187388,15.63441945,15.64903216,1,1,1581.27180999,1
4068,0.49899033,0.5028563,0.53514582,0.36763775,0.43283779,15.74235825,15.88154094,1,1,100.39388546,1
4069,0.48802641,0.48488491,0.55412848,0.41010548,0.45417805,15.78190407,15.9147043,1,1,1450.16213661,1
4070,0.48782434,0.4848851,0.55407378,0.37265541,0.4350971,15.57863331,15.69371504,1,1,117.72900154,1
4071,0.48570649,0.56905996,0.54078683,0.33520253,0.45488553,15.93314098,15.97989093,1,1,104.52289115,1
4072,0.48641832,0.55895446,0.54801586,0.30253698,0.4357903,15.7839565,15.84432223,1,1,1118.51451383,1
4073,0.50915181,0.54248984,0.52651094,0.30348111,0.45653869,16.07535922,16.21281557,1,1,100.04530687,1
4074,0.52642001,0.53268053,0.53090947,0.34736107,0.43743306,15.56603614,15.66721911,1,1,100.03953485,1
4075,0.52623443,0.533029,0.53107034,0.31745688,0.41868441,15.58659543,15.64083618,1,1,1584.79227427,1
4076,0.48455337,0.50146895,0.54179549,0.32494441,0.40048554,15.53021556,15.59910399,1,1,1523.09717426,1
4077,0.49172781,0.51315877,0.5480394,0.28844552,0.4224238,15.47857105,15.57622747,1,1,100.15133502,1
4078,0.47859131,0.48864276,0.5361365,0.25341512,0.44396792,15.43633089,15.47132342,1,1,1493.45108916,1
4079,0.4962639,0.50613092,0.52978865,0.29833526,0.42508891,15.61057131,15.71901869,1,1,105.342608,1
4080,0.48272467,0.48615661,0.55342181,0.26239182,0.4082706,16.00270495,16.04665968,1,1,119.23711249,1
4081,0.4825899,0.48600821,0.55356082,0.30713477,0.42927068,15.90232474,15.90844455,1,1,101.47422537,1
4082,0.54880821,0.57222835,0.55524776,0.34136912,0.44003862,15.57909574,15.62325167,1,1,1248.24645438,1
4083,0.52960039,0.57989562,0.54855719,0.37604616,0.42435767,15.41994813,15.49612351,1,1,115.70688927,1
4084,0.5406788,0.56437741,0.56232491,0.41851066,0.4060518,15.70438397,15.81683295,1,1,1348.70233736,1
4085,0.53942553,0.57617513,0.57055898,0.38236583,0.4204235,15.54672297,15.65778961,1,1,1032.55315798,1
4086,0.56112555,0.54459394,0.55949472,0.42467993,0.44131927,15.32688262,15.35993433,1,1,1584.86705317,1
4087,0.56096744,0.54500624,0.55938606,0.38618646,0.46249265,15.40676517,15.45976571,1,1,1581.48718706,1
4088,0.54010482,0.49947887,0.58294597,0.3484629,0.48176846,15.20180625,15.2989477,1,1,100.05916405,1
4089,0.55097848,0.4991643,0.55868887,0.32516128,0.46214216,15.67129561,15.74326082,1,1,100.24546321,1
4090,0.51957828,0.51967067,0.5859889,0.36852836,0.48289902,15.86648482,15.95820909,1,1,185.41217362,1
4091,0.52478311,0.50068987,0.56307997,0.40954754,0.50281422,15.69583546,15.83504794,1,1,102.22053323,1
4092,0.51609492,0.49748655,0.56851439,0.37288694,0.52254823,15.78385197,15.84310969,1,1,971.95998022,1
4093,0.51271177,0.49682215,0.55416468,0.33543307,0.50839253,15.69091837,15.70438863,1,1,187.74829472,1
4094,0.51234694,0.49633597,0.55410148,0.3787032,0.48824826,16.24755428,16.27250729,1,1,111.70603844,1
4095,0.48710539,0.47013652,0.5611821,0.34113717,0.50793302,15.67907584,15.80292296,1,1,1475.24969739,1
4096,0.47894549,0.45940795,0.54862531,0.30917162,0.48777436,15.54071478,15.61692265,1,1,1049.18800135,1
4097,0.47306031,0.45727464,0.56277731,0.33163258,0.5002087,15.90269439,16.03296579,1,1,634.34138942,1
4098,0.48903856,0.4689077,0.53514885,0.37484687,0.480247,16.17368894,16.32925983,1,1,1480.73496133,1
4099,0.47769246,0.4795036,0.537697,0.41121666,0.49980122,15.82939894,15.96269779,1,1,1576.70678611,1
4100,0.47748973,0.48089935,0.53780334,0.38951275,0.50883451,15.46574593,15.51995697,1,1,102.29262543,1
4101,0.53029088,0.53209442,0.5521758,0.43165036,0.4944698,15.92202156,16.01206805,1,1,101.09792841,1
4102,0.53939519,0.5175956,0.56234254,0.39340867,0.51458024,15.67970085,15.711795,1,1,1581.0124577,1
4103,0.54503721,0.52769078,0.54355706,0.4319346,0.49432915,15.45095689,15.51897091,1,1,100.03582655,1
4104,0.52587668,0.52909134,0.55049943,0.39473737,0.50886644,15.25243565,15.35438695,1,1,633.37252975,1
4105,0.52468512,0.53706495,0.534921,0.35844378,0.52818031,15.39151152,15.44629921,1,1,1577.41869805,1
4106,0.52449327,0.5368566,0.53482535,0.3984552,0.53373563,15.89900579,16.03724329,1,1,674.27956464,1
4107,0.53569097,0.47993777,0.55390075,0.43836818,0.51306503,15.89782131,15.91355421,1,1,107.49411678,1
4108,0.53268034,0.4933985,0.54490308,0.44546816,0.49281105,15.43724308,15.56951531,1,1,133.066855,1
4109,0.49968457,0.50919154,0.53364671,0.48589322,0.51288005,15.74785114,15.76621076,1,1,1333.43932712,1
4110,0.50847582,0.51115738,0.53254311,0.52354909,0.53242495,16.02065339,16.10949401,1,1,100.00000033,1
4111,0.49269128,0.51664022,0.51645735,0.56105433,0.55173262,15.79737112,15.87254946,1,1,100.1404299,1
4112,0.49269176,0.51729758,0.51620872,0.52823341,0.53092147,15.81039732,15.88257631,1,1,1448.99927927,1
4113,0.44854174,0.54333052,0.54567685,0.51890128,0.55028562,15.9180241,15.99111388,1,1,140.76286537,1
4114,0.45532512,0.53482612,0.53382025,0.47852329,0.56735892,16.04080444,16.10728474,1,1,101.09960994,1
4115,0.4676976,0.52984303,0.54201465,0.43901297,0.54606945,15.12502202,15.19795154,1,1,673.90459193,1
4116,0.48542521,0.50927654,0.53108289,0.44649349,0.52626132,15.95186441,16.09638022,1,1,104.5743063,1
4117,0.4905723,0.52405808,0.51382528,0.41096061,0.50576093,15.29678437,15.44237026,1,1,100.24523197,1
4118,0.49038162,0.52436657,0.51387644,0.45063932,0.52486134,15.89005614,15.98165956,1,1,264.66592585,1
4119,0.46329391,0.56472965,0.53282942,0.49158544,0.54436375,15.43648145,15.51372402,1,1,101.19825412,1
4120,0.45429593,0.56350704,0.51774276,0.51915469,0.5234959,15.65976519,15.72674363,1,1,100.56382782,1
4121,0.4743138,0.52234318,0.5369282,0.51749562,0.54101437,15.13876791,15.28417764,1,1,100.03006837,1
4122,0.49052182,0.54146335,0.53182615,0.55455032,0.55774932,15.52112151,15.62015942,1,1,214.92680409,1
4123,0.48550724,0.51682478,0.52834484,0.57257428,0.53659656,15.53476235,15.5395805,1,1,214.30856264,1
4124,0.48135867,0.4988254,0.52800756,0.53427418,0.51619375,15.77339066,15.89688359,1,1,118.72245708,1
4125,0.4818062,0.50020102,0.52807164,0.49378518,0.52270193,15.7683174,15.79095319,1,1,1583.75229173,1
4126,0.45413264,0.5346588,0.55471233,0.52227521,0.54203007,15.66238541,15.76978664,1,1,1425.10955934,1
4127,0.4541135,0.53329416,0.53965392,0.48245841,0.54737679,15.59417702,15.67071927,1,1,100.00949643,1
4128,0.46115125,0.52860679,0.55156771,0.44292371,0.56596632,16.12233645,16.21284019,1,1,1171.20902649,1
4129,0.4755908,0.51702997,0.5386852,0.48340358,0.58371982,15.74555218,15.80398677,1,1,111.1021118,1
4130,0.47479471,0.49173956,0.54141937,0.51317827,0.60188461,15.61461972,15.75476437,1,1,377.89635483,1
4131,0.47759845,0.50653242,0.5454493,0.49508741,0.60581787,15.56994418,15.66610467,1,1,133.86825537,1
4132,0.47761443,0.50570337,0.54560714,0.52019939,0.61919792,15.73658058,15.85825076,1,1,101.8979329,1
4133,0.47422035,0.56493566,0.56950705,0.54798126,0.59695685,15.86508982,15.97162477,1,1,1583.53266636,1
4134,0.48906852,0.55799312,0.55252099,0.58701132,0.59366643,15.7985324,15.85901967,1,1,607.80455105,1
4135,0.49742326,0.56203708,0.53178046,0.6029518,0.65147855,15.6933933,15.84975564,1,1,101.066202,0
4136,0.51102683,0.55827959,0.53272553,0.69907354,0.58995173,15.56352076,15.57012206,1,1,406.78552575,0
4137,0.51926743,0.52843692,0.55214703,0.57511663,0.64584159,15.85438668,15.99510405,1,1,100.9742877,0
4138,0.51942056,0.52889868,0.55229615,0.45361697,0.59287729,15.73195308,15.78480423,1,1,100.49141018,0
4139,0.50988717,0.50970725,0.40493068,0.57249503,0.53579464,15.06420462,15.11160697,1,1,1584.89263466,0
4140,0.55500093,0.43654519,0.2571128,0.69102059,0.48054869,16.32196472,16.45833209,1,1,490.26110288,0
4141,0.58787816,0.37330429,0.10779878,0.80518238,0.41679639,15.65360727,15.72537988,1,1,658.40912966,0
4142,0.60810313,0.33394052,0.00723727,0.91885067,0.47065835,15.6699229,15.69631902,1,1,111.98655917,0
4143,0.60813598,0.33335714,0.00693344,0.79079008,0.51567065,15.37397831,15.44781359,1,1,1338.69682023,0
4144,0.63686566,0.38351873,0.18553853,0.89848855,0.56837037,15.92649184,16.01561978,1,1,594.80707337,0
4145,0.57081362,0.43632774,0.35631911,0.78177855,0.60765517,15.80128098,15.92169227,1,1,1571.92843016,0
4146,0.51315793,0.5027125,0.59490679,0.65638967,0.66200568,15.57355599,15.58115941,1,1,1114.279772,0
4147,0.47011873,0.60180511,0.83426643,0.77289016,0.68685383,15.75924348,15.79250914,1,1,1584.13319107,0
4148,0.41973649,0.63793688,0.01388511,0.64916436,0.74138411,15.65739871,15.76229659,1,1,100.08551848,0
4149,0.38153051,0.7085237,0.16284822,0.61313815,0.68157657,15.27449199,15.27516755,1,1,253.00237079,0
4150,0.38145572,0.70868817,0.16277195,0.4917882,0.7393138,15.82230696,15.87337599,1,1,1584.89291362,0
4151,0.40966408,0.70680593,0.27281832,0.40986258,0.67971187,15.82442394,15.97487086,1,1,100.55866426,0
4152,0.45775488,0.65417128,0.37784398,0.29180919,0.6215173,15.65819288,15.77704605,1,1,101.34055165,0
4153,0.53820105,0.55896414,0.51573276,0.35629818,0.68566724,15.64106218,15.64120916,1,1,1463.16616564,0
4154,0.59009905,0.47943538,0.68099901,0.47904149,0.74038821,15.42334293,15.50116592,1,1,1404.27827978,0
4155,0.649263,0.43898212,0.76711858,0.54509153,0.80037896,15.42280951,15.5626227,1,1,1116.9875031,0
4156,0.69463071,0.39642781,0.8691953,0.46471893,0.73947744,15.83695677,15.87304276,1,1,100.79440306,0
4157,0.6944969,0.39724126,0.86944934,0.58516584,0.68040637,15.84964573,15.97914573,1,1,1582.51287711,0
4158,0.67043521,0.42307822,0.78485236,0.53526684,0.61987568,15.69043218,15.82710382,1,1,1568.67994555,0
4159,0.61692207,0.45306129,0.63315713,0.64812703,0.5593548,15.62449518,15.74223029,1,1,187.53109328,0
4160,0.50883729,0.5157292,0.48284047,0.73106047,0.61626646,15.43212828,15.55949098,1,1,1578.43756484,0
4161,0.42185972,0.60400769,0.32636365,0.60650155,0.59974876,15.76639953,15.85989759,1,1,100.14437713,0
4162,0.33465207,0.63932752,0.20063877,0.49360657,0.56980649,15.54265312,15.67877276,1,1,1306.03137517,0
4163,0.30015473,0.65670156,0.11656202,0.61369482,0.62217225,15.4931851,15.57460859,1,1,353.0576687,0
4164,0.30016053,0.65721584,0.1166443,0.49869879,0.55991069,15.71652965,15.77094545,1,1,100.04918532,0
4165,0.31060358,0.66900319,0.22608923,0.61855907,0.61955613,15.50829374,15.50918917,1,1,1326.34483389,0
4166,0.36667765,0.59623013,0.32271324,0.54659327,0.56385247,15.72309517,15.78778461,1,1,128.62030373,0
4167,0.44933345,0.50842881,0.47133663,0.42942917,0.58049576,15.92440811,15.94665027,1,1,1584.88867454,0
4168,0.5102758,0.43033188,0.61792858,0.47082437,0.59859698,15.03616899,15.11403273,1,1,762.26116432,1
4169,0.56763077,0.37718541,0.71695052,0.44294699,0.61646897,15.31869085,15.46630152,1,1,1518.44814792,1
4170,0.58654313,0.33599613,0.77384987,0.4629473,0.63396523,15.42003526,15.56339048,1,1,113.30181069,1
4171,0.58644429,0.33512657,0.77373065,0.42369328,0.63581415,16.21109765,16.25614982,1,1,102.2789936,1
4172,0.64300545,0.31688757,0.77399719,0.44902182,0.65304436,15.90004446,16.05140286,1,1,1583.54664091,1
4173,0.63102469,0.32547295,0.77994429,0.41005879,0.63242523,15.78826021,15.94235581,1,1,1584.89253357,1
4174,0.62595512,0.33225082,0.78528362,0.37186647,0.60982725,16.3320219,16.38275537,1,1,107.15923612,1
4175,0.62685158,0.34259809,0.77112051,0.41441779,0.6255815,15.29568894,15.37240785,1,1,171.1096486,1
4176,0.60180909,0.36223651,0.75418552,0.40054227,0.60311037,15.88914314,15.90395967,1,1,122.37610836,1
4177,0.58910045,0.3673209,0.74818683,0.36440116,0.60957238,15.80612931,15.95175151,1,1,1579.69041994,1
4178,0.59226135,0.38402141,0.74754718,0.39994029,0.58781868,15.70137232,15.82594249,1,1,228.14725216,1
4179,0.59054866,0.38059735,0.77544806,0.36970291,0.60596122,15.63861937,15.66115535,1,1,100.97125376,1
4180,0.59042762,0.38126058,0.77534429,0.41225065,0.58599328,16.45169068,16.48712451,1,1,1584.81849092,1
4181,0.65665637,0.3402318,0.80559033,0.37508824,0.60423605,15.80928742,15.92195223,1,1,214.77875172,1
4182,0.63132051,0.35317482,0.77588387,0.34545911,0.59921115,15.29612528,15.42752972,1,1,1570.02052886,1
4183,0.6111445,0.36612886,0.78935093,0.308885,0.57726721,15.93186207,15.93546245,1,1,1552.24452548,1
4184,0.62905108,0.37094782,0.76857461,0.35269852,0.59571941,14.98408528,15.09844429,1,1,100.00222575,1
4185,0.59765246,0.37065625,0.77192367,0.38665448,0.57429923,15.51610785,15.59316222,1,1,1584.89312116,1
4186,0.60507096,0.39109869,0.77395443,0.42828882,0.56013473,15.83297134,15.91833182,1,1,1538.91861911,1
4187,0.58754922,0.39892216,0.74600574,0.46846142,0.57797215,15.78912667,15.92734419,1,1,101.24007322,1
4188,0.58749765,0.39894668,0.7458552,0.47892223,0.59641195,15.82946444,15.88435719,1,1,103.96011356,1
4189,0.62143747,0.34921011,0.77329865,0.44091439,0.61447924,15.6415402,15.68774755,1,1,106.42600729,1
4190,0.61188951,0.34110571,0.76710935,0.40666852,0.59290263,15.38025198,15.43801506,1,1,119.94647399,1
4191,0.59638994,0.34980009,0.74506733,0.41109161,0.57105255,15.51415136,15.53877891,1,1,1581.44878939,1
4192,0.59081816,0.3576449,0.73135002,0.37339616,0.58933779,15.3808968,15.46297204,1,1,840.76619202,1
4193,0.5796337,0.36463093,0.72376493,0.3359339,0.56755113,15.93804002,15.98749939,1,1,100.45016393,1
4194,0.54443003,0.3749019,0.74286551,0.29922353,0.58452829,15.64482088,15.6501515,1,1,104.96310001,1
4195,0.54439829,0.37653332,0.74266466,0.26383738,0.59126515,16.01576957,16.09136421,1,1,1541.99456528,1
4196,0.58822666,0.32873601,0.77613327,0.30855213,0.58193267,15.58019723,15.61206018,1,1,100.13469285,1
4197,0.55399283,0.33052139,0.74612436,0.3523809,0.56038775,16.00307564,16.11782534,1,1,1240.89479719,1
4198,0.54620565,0.33668645,0.72182888,0.32138764,0.54084007,15.82844409,15.84631776,1,1,100.00468763,1
4199,0.54781481,0.35476794,0.70993962,0.28509466,0.52007019,16.13862798,16.16381392,1,1,100.06449313,1
4200,0.54504072,0.35248479,0.69551363,0.32926977,0.52664957,15.80133974,15.82815895,1,1,164.86710955,1
4201,0.51402075,0.37580084,0.71692046,0.29292498,0.54229046,15.66115255,15.69131802,1,1,192.93509055,1
4202,0.51375659,0.37617415,0.71684358,0.3326915,0.53756334,15.68924857,15.71410877,1,1,1584.88756332,1
4203,0.60012453,0.3689794,0.73225893,0.31960409,0.53768017,16.00582065,16.07226338,1,1,1579.00932738,1
4204,0.59129682,0.38365919,0.72237052,0.28561414,0.52867797,15.51891394,15.65893391,1,1,102.17721898,1
4205,0.56821761,0.40183171,0.71196086,0.32990186,0.54806629,15.2806989,15.32187634,1,1,1427.16036167,1
4206,0.5583622,0.40147204,0.71916622,0.30507024,0.56356215,15.64104324,15.7276107,1,1,123.20967604,1
4207,0.55618285,0.41328175,0.69088329,0.27716035,0.58226974,15.53784823,15.56629531,1,1,1584.89256632,1
4208,0.56303993,0.42449824,0.69174535,0.24319611,0.56855769,16.05266008,16.17018227,1,1,102.59300614,1
4209,0.56329603,0.42505902,0.69190663,0.20833578,0.55958573,15.45713769,15.55872792,1,1,1556.73331182,1
4210,0.57152582,0.37878698,0.70045002,0.25005411,0.57839153,15.60553441,15.65456648,1,1,100.00003047,1
4211,0.55344847,0.37673591,0.69808012,0.21975539,0.5568845,15.72254374,15.7571158,1,1,935.23313768,1
4212,0.54923464,0.40239224,0.67616165,0.19347166,0.53592562,16.00299837,16.00307161,1,1,1386.1162733,1
4213,0.54242966,0.40623165,0.69754773,0.23957311,0.53342296,15.5628261,15.66872901,1,1,100.24793654,1
4214,0.52545826,0.40302122,0.66543875,0.20478653,0.55154505,16.08744871,16.16049806,1,1,100.00232135,1
4215,0.51104881,0.41141449,0.68530661,0.25062476,0.53411171,15.64240749,15.77353893,1,1,101.86958104,1
4216,0.51098685,0.41204718,0.6854939,0.22072618,0.5534081,15.81755483,15.94283013,1,1,111.66429804,1
4217,0.56670179,0.41253327,0.69629506,0.26628228,0.53639893,16.44970178,16.59782457,1,1,1578.82656991,1
4218,0.55988727,0.42648814,0.66517382,0.30851332,0.5156731,15.42943123,15.46453723,1,1,934.29103149,1
4219,0.5363825,0.44136164,0.67558838,0.2723562,0.52605672,15.49213184,15.57445228,1,1,322.96678924,1
4220,0.53318327,0.43485397,0.65648924,0.23809228,0.50623917,15.99661954,16.09596783,1,1,1584.64570782,1
4221,0.53568493,0.43675021,0.65657627,0.20333415,0.48722213,15.24645447,15.31981838,1,1,100.00585137,1
4222,0.53591842,0.4367423,0.65656998,0.16932935,0.46765159,15.41936346,15.47603658,1,1,100.00029406,1
4223,0.58081065,0.43584115,0.67295746,0.21172581,0.48777896,15.36129141,15.4270402,1,1,1144.48499374,1
4224,0.59064298,0.43679751,0.65022547,0.18652508,0.48736728,15.63733974,15.68118086,1,1,399.23570017,1
4225,0.58362973,0.44375848,0.64576643,0.23182535,0.46781136,15.64032069,15.66728924,1,1,404.29815498,1
4226,0.54960484,0.4578336,0.65473477,0.27688088,0.46065969,15.46846499,15.59733743,1,1,165.29495226,1
4227,0.55645132,0.4649352,0.67197169,0.27154595,0.48066141,16.06246929,16.21095923,1,1,1477.71965071,1
4228,0.5397479,0.48082136,0.63572533,0.31611019,0.50104722,15.50410476,15.57104341,1,1,108.1610748,1
4229,0.53954427,0.48118427,0.63575684,0.28081207,0.52099567,15.71592726,15.84499051,1,1,554.98572985,1
4230,0.56776409,0.43756286,0.66465238,0.24650144,0.53112984,16.07743276,16.2314664,1,1,1164.4148079,1
4231,0.58641505,0.45164337,0.63278997,0.29103606,0.51052827,15.39092216,15.39640565,1,1,289.9260365,1
4232,0.55555487,0.44315995,0.62134506,0.33341351,0.49044157,16.35630021,16.48910597,1,1,243.80938309,1
4233,0.54220333,0.46912445,0.6040781,0.32564346,0.50952977,16.01283669,16.11413723,1,1,100.00444864,1
4234,0.54997082,0.47805015,0.61307733,0.28913437,0.49199159,16.00467482,16.16329394,1,1,1508.72713046,1
4235,0.5502271,0.47659464,0.61328198,0.25536349,0.47229539,15.66364919,15.80234296,1,1,1584.87818845,1
4236,0.5738326,0.45074634,0.63935246,0.22068033,0.45288459,15.63063855,15.76213197,1,1,100.20183702,1
4237,0.58447229,0.43581508,0.63953433,0.25137376,0.4338603,15.92106976,15.93561216,1,1,100.70635683,1
4238,0.57824036,0.47063099,0.62306456,0.23218235,0.4227865,16.07449676,16.19097749,1,1,124.5743592,1
4239,0.55903583,0.46228132,0.62078702,0.24933061,0.44366303,16.01208016,16.05966879,1,1,104.31493334,1
4240,0.53527631,0.49038682,0.61458672,0.29434025,0.43009673,15.36791588,15.42546978,1,1,100.0081737,1
4241,0.53482089,0.49052484,0.61455622,0.26612349,0.45007536,15.59309319,15.6846401,1,1,1576.82428018,1
4242,0.52006308,0.43602256,0.61274631,0.2313093,0.47107383,15.79789615,15.87549271,1,1,1582.17962922,1
4243,0.51985469,0.44177486,0.61343198,0.1988988,0.48385457,15.59309623,15.69633317,1,1,119.3670862,1
4244,0.51048849,0.44779003,0.58691863,0.24422502,0.47015469,15.94898584,15.99091341,1,1,102.20787032,1
4245,0.51547262,0.46305807,0.60710817,0.28898566,0.49063922,15.28268986,15.4307282,1,1,100.0300977,1
4246,0.49716312,0.45740288,0.57319997,0.31420677,0.47845652,15.65340596,15.68714989,1,1,992.8796616,1
4247,0.49734722,0.45712521,0.57316627,0.35292392,0.45933527,15.47401911,15.52475907,1,1,1332.3738798,1
4248,0.55756313,0.46173004,0.58340528,0.315875,0.46434099,15.79778885,15.82540281,1,1,1571.3357509,1
4249,0.55398747,0.49135384,0.5673033,0.35022297,0.44778781,15.64084685,15.73597974,1,1,100.00064062,1
4250,0.54252742,0.47744049,0.57241774,0.31322633,0.42883209,15.68104828,15.78847938,1,1,302.11614064,1
4251,0.53471713,0.48901167,0.55331796,0.2798436,0.43791036,16.08823773,16.24360182,1,1,100.19809287,1
4252,0.52728351,0.500155,0.57125583,0.27576663,0.45915177,15.40960081,15.45068496,1,1,1564.93368977,1
4253,0.52724971,0.50028982,0.57112903,0.24025565,0.47122051,15.86942326,15.96072846,1,1,104.44334975,1
4254,0.55672668,0.44134234,0.59275547,0.28540875,0.45243954,15.79224679,15.90426703,1,1,470.13958639,1
4255,0.54984361,0.46283879,0.57816639,0.32958171,0.43428937,15.89714131,16.02013958,1,1,1580.26506566,1
4256,0.52736373,0.4689949,0.57138562,0.3203426,0.41560503,16.06064,16.162447,1,1,124.26744721,1
4257,0.51051967,0.4581951,0.57880561,0.28393707,0.40023592,15.37113537,15.44461277,1,1,1527.99879064,1
4258,0.49754865,0.49176726,0.55677365,0.24827757,0.42131466,15.91183015,16.00221901,1,1,102.53415146,1
4259,0.49749098,0.49182785,0.55669541,0.2932966,0.44266282,15.57209418,15.63081631,1,1,1549.35996091,1
4260,0.57140431,0.51400611,0.57315126,0.32134908,0.4238098,16.29732636,16.42270059,1,1,587.56513298,1
4261,0.55267238,0.51230071,0.57586699,0.36492148,0.44444235,15.59338824,15.69682025,1,1,102.86872987,1
4262,0.55114266,0.53437615,0.54896945,0.40756798,0.42605419,15.72964981,15.78097737,1,1,544.76709752,1
4263,0.55526494,0.54208085,0.54576324,0.44752151,0.44744034,15.67967912,15.81091017,1,1,101.27296024,1
4264,0.53951686,0.53545471,0.56149184,0.41269691,0.45687218,15.65951838,15.74128362,1,1,135.53490376,1
4265,0.53957869,0.53484042,0.56124237,0.43556801,0.47539204,15.80522713,15.90495095,1,1,1450.16703126,1
4266,0.5081698,0.50952608,0.59163332,0.40141901,0.45601425,15.65446879,15.73040831,1,1,1584.87131003,1
4267,0.50395294,0.48754488,0.56399728,0.36344662,0.43745873,15.86369969,15.90215034,1,1,101.88318828,1
4268,0.49350081,0.50809988,0.57625388,0.32620227,0.44502615,15.81280028,15.8413746,1,1,100.0343945,1
4269,0.49361589,0.47984588,0.58048903,0.29214059,0.42679812,16.06943874,16.15031593,1,1,100.00026811,1
4270,0.48818331,0.48723557,0.57327439,0.25698291,0.44257225,16.00905251,16.13476806,1,1,100.0385874,1
4271,0.50480015,0.47736038,0.55549492,0.30163969,0.46095501,15.90747916,15.93637279,1,1,217.06634676,1
4272,0.50466093,0.47787074,0.55543169,0.26591027,0.4459242,15.929963,16.08742394,1,1,100.00288235,1
4273,0.54565802,0.47987963,0.57102965,0.31052296,0.46699483,15.44940579,15.54947994,1,1,101.54999653,1
4274,0.56069285,0.5119962,0.57405831,0.27431253,0.45177869,15.74157979,15.89206204,1,1,1581.6732116,1
4275,0.55394494,0.51331495,0.57686208,0.24454842,0.43280168,15.89238944,15.93907571,1,1,384.87846042,1
4276,0.52747324,0.51761517,0.57613015,0.26847389,0.45266104,15.90435405,16.00560407,1,1,1532.80138368,1
4277,0.54614392,0.52390607,0.55354336,0.3130687,0.43997834,15.29440793,15.4012684,1,1,1567.14006248,1
4278,0.51817324,0.54224295,0.54496568,0.35679385,0.42369933,16.15374427,16.22222381,1,1,1571.99183369,1
4279,0.51834988,0.54140075,0.54505379,0.39965603,0.40523017,15.92201595,15.96478568,1,1,102.43365874,1
4280,0.47032997,0.52282504,0.56974252,0.43996052,0.38712972,15.25820171,15.3566983,1,1,1509.32101074,1
4281,0.48101904,0.53044969,0.56616307,0.47361807,0.39734144,15.71815928,15.72246368,1,1,1422.18889163,1
4282,0.47814047,0.51631979,0.55223145,0.43539906,0.37939468,16.09244315,16.22012107,1,1,100.0011319,1
4283,0.47661729,0.52421565,0.55962849,0.39920986,0.36829931,15.52233468,15.61708425,1,1,104.41319245,1
4284,0.48092459,0.50881935,0.56392249,0.36122681,0.39064143,15.90150003,16.04563732,1,1,120.3630711,1
4285,0.48119545,0.50971373,0.56407765,0.40373669,0.37283047,15.69514244,15.71858828,1,1,1298.90869579,1
4286,0.47531804,0.54772394,0.59240801,0.44067037,0.35537853,15.7632127,15.82623971,1,1,117.56532552,1
4287,0.49124571,0.55213552,0.55598768,0.48073909,0.3628043,15.50011162,15.60421644,1,1,105.24924329,1
4288,0.47959133,0.54765774,0.56253518,0.48603588,0.38553931,15.69853922,15.83096954,1,1,172.11331434,1
4289,0.49739497,0.5202507,0.57095471,0.44632792,0.37021241,15.59055211,15.71214077,1,1,100.00425236,1
4290,0.49633206,0.51367423,0.56324231,0.43123639,0.3766753,15.97341758,16.07608736,1,1,100.00533007,1
4291,0.4963123,0.51235452,0.5632722,0.39261632,0.3975539,15.15233433,15.15888445,1,1,1104.93355721,1
4292,0.54726017,0.51658656,0.50546784,0.41190135,0.39097624,15.74512768,15.85445152,1,1,1088.09207063,1
4293,0.53505243,0.52033823,0.43203136,0.37372422,0.38284865,15.78429033,15.91755973,1,1,120.25453051,1
4294,0.52494927,0.52769713,0.38318079,0.41624967,0.39732752,15.66078246,15.694327,1,1,100.00255937,1
4295,0.50540836,0.53086451,0.3336181,0.45009973,0.37957901,15.20202743,15.2801319,1,1,1546.77009913,1
4296,0.50535047,0.53139147,0.33339473,0.4301799,0.36198753,15.66973715,15.72241693,1,1,102.59318083,1
4297,0.51347733,0.47323444,0.36753626,0.46995251,0.37896967,15.40752477,15.47894925,1,1,106.47242108,1
4298,0.52427257,0.50345058,0.39375868,0.51041455,0.40122228,15.91324374,16.05570862,1,1,100.06155814,1
4299,0.49540811,0.51452861,0.43165068,0.50847904,0.39190966,15.64725856,15.75277547,1,1,100.00473574,1
4300,0.49512945,0.50812488,0.45428654,0.53993696,0.37407168,15.76440317,15.91625225,1,1,101.8116735,1
4301,0.47815294,0.52045094,0.47954368,0.49920543,0.39459664,15.91980713,16.06626992,1,1,100.67686425,1
4302,0.4783398,0.52081454,0.47925939,0.53912807,0.41616439,15.92504933,16.00909359,1,1,211.8617797,1
4303,0.46078424,0.55660516,0.49876014,0.50022396,0.43784084,15.71969335,15.81762439,1,1,940.00144783,1
4304,0.48290816,0.56214927,0.4942387,0.49174673,0.45425758,15.73382412,15.88647252,1,1,611.26120003,1
4305,0.47733204,0.53321515,0.48836707,0.52278626,0.4703644,15.08062302,15.09237339,1,1,100.00014185,1
4306,0.49438114,0.5440285,0.50145571,0.56205264,0.4904823,15.71536447,15.75403874,1,1,103.87304528,1
4307,0.50219889,0.54069771,0.49782419,0.60020433,0.47144052,15.61412466,15.74339771,1,1,111.0943252,1
4308,0.50211206,0.54081587,0.49773574,0.61999207,0.45248122,16.08138048,16.21016457,1,1,100.0596694,1
4309,0.46280613,0.5343577,0.50241978,0.62780217,0.43345007,15.61374791,15.73349439,1,1,100.01289007,1
4310,0.46997021,0.53000563,0.52304372,0.59508196,0.42658868,15.41481215,15.44493839,1,1,131.95944257,1
4311,0.48585652,0.51547436,0.50980542,0.63309458,0.44715566,15.61483902,15.68843898,1,1,490.2378506,1
4312,0.46317233,0.53134233,0.51068082,0.59067281,0.46821069,15.69075767,15.71854849,1,1,103.16607233,1
4313,0.48293815,0.51518808,0.52305638,0.60217622,0.44886523,15.39100485,15.41592607,1,1,100.0307406,1
4314,0.4829682,0.51314289,0.52290896,0.64010141,0.46318306,15.88808991,15.91292779,1,1,100.00354563,1
4315,0.48773922,0.5518692,0.546924,0.59805786,0.48386481,15.57735238,15.73287913,1,1,1582.56689812,1
4316,0.49296772,0.55356818,0.52538597,0.63608044,0.4719551,15.6139733,15.66598474,1,1,107.89711416,1
4317,0.50999121,0.55647892,0.5180574,0.65924383,0.45251923,16.03840182,16.120868,1,1,188.85153623,1
4318,0.50655737,0.54232153,0.53017829,0.69174283,0.43395682,15.81543935,15.93538088,1,1,1344.15089058,1
4319,0.53231693,0.52662729,0.53187109,0.64970941,0.41761201,16.13253999,16.25016578,1,1,100.15271836,1
4320,0.532525,0.52648549,0.53202881,0.68652611,0.43119712,15.64731702,15.70928316,1,1,1486.97397949,1
4321,0.5385263,0.48539912,0.53201562,0.65061318,0.41264489,15.55782964,15.61939886,1,1,100.28314392,1
4322,0.52274316,0.50057584,0.55024232,0.68642295,0.42809974,15.52523268,15.67519226,1,1,659.06312604,1
4323,0.51881975,0.50450028,0.53790814,0.72269443,0.43598178,15.8131313,15.87418833,1,1,1578.75392337,1
4324,0.51439777,0.51080689,0.54907364,0.75824053,0.42773651,15.34128009,15.36643549,1,1,229.39132178,1
4325,0.50575292,0.52274393,0.52532597,0.79261617,0.41300675,15.56846439,15.60173612,1,1,236.74461649,1
4326,0.50556381,0.52415929,0.52520147,0.78075042,0.39476127,15.28240234,15.3053192,1,1,100.13450162,1
4327,0.55943175,0.58150004,0.55119372,0.73523331,0.38070533,15.28753304,15.32853594,1,1,107.99050955,1
4328,0.5752458,0.5835862,0.52513072,0.76393516,0.40270054,16.03790052,16.05294956,1,1,102.64896481,1
4329,0.58595296,0.59670363,0.53807502,0.72019823,0.40296385,15.76315156,15.86444507,1,1,183.74765394,1
4330,0.55410285,0.59426383,0.5179926,0.75504324,0.42358329,15.76967111,15.87022149,1,1,106.89504526,1
4331,0.57083278,0.57864871,0.52628305,0.70994381,0.40638243,15.39121053,15.48747412,1,1,100.0009462,1
4332,0.5707455,0.5791587,0.52657555,0.6657529,0.38844448,15.83516112,15.9636584,1,1,1469.83189053,1
4333,0.57412128,0.5337188,0.55381797,0.62283229,0.38620435,15.66280063,15.78463875,1,1,1583.83907273,1
4334,0.5581904,0.52127345,0.53465758,0.58037596,0.38485515,16.03095586,16.15683153,1,1,1363.22193906,1
4335,0.54544418,0.54732749,0.52853007,0.6175771,0.36715829,15.51429359,15.62311124,1,1,100.03369443,1
4336,0.52805003,0.53958042,0.52925082,0.57674083,0.35055752,15.61421139,15.70724384,1,1,106.91992024,1
4337,0.51853024,0.54237485,0.54664313,0.61348729,0.37233581,15.81478174,15.9573273,1,1,100.0001319,1
4338,0.52813511,0.53961493,0.54300337,0.65119068,0.39487147,15.40389946,15.43141482,1,1,1543.88991197,1
4339,0.52771154,0.53897487,0.54300525,0.65979429,0.41603766,15.23272927,15.36795534,1,1,395.5542458,1
4340,0.48797677,0.54581437,0.56700948,0.69432144,0.39784388,15.71463393,15.76462895,1,1,112.82066664,1
4341,0.50340155,0.51675292,0.5609185,0.65062507,0.41559716,15.697236,15.77301267,1,1,114.23094509,1
4342,0.49015928,0.51177413,0.5458222,0.61557848,0.40296636,15.46014701,15.58676645,1,1,102.23324475,1
4343,0.48407061,0.50139196,0.54190299,0.64996924,0.40049708,15.47432668,15.54827231,1,1,1508.34985223,1
4344,0.4991306,0.52067051,0.54555356,0.61434993,0.38257327,15.96735141,16.04065528,1,1,427.78100238,1
4345,0.51060523,0.51601128,0.53634539,0.58576728,0.37796706,15.76565721,15.90233102,1,1,407.33059388,1
4346,0.51081226,0.51645653,0.5361832,0.54406337,0.40000699,15.70626138,15.79563285,1,1,153.83395948,1
4347,0.46281107,0.52743868,0.56190166,0.58090396,0.42200468,16.01675605,16.07042025,1,1,1583.30687092,1
4348,0.49041885,0.51039045,0.53571256,0.59211439,0.44356454,15.81101231,15.81385997,1,1,262.31889291,1
4349,0.4701665,0.5148196,0.53389799,0.47700242,0.38178051,15.3449462,15.35581081,1,1,100.00632388,0
4350,0.49788406,0.48498057,0.55754566,0.59501801,0.32224761,15.44037747,15.57528372,1,1,100.1483355,0
4351,0.48852588,0.50413163,0.550674,0.47954095,0.34764232,15.68983498,15.83176252,1,1,1569.98261474,0
4352,0.48859338,0.50427933,0.55063503,0.3620642,0.28955008,16.23017178,16.26609356,1,1,102.53572399,0
4353,0.56370006,0.51755142,0.49620766,0.31709188,0.23236557,15.53425671,15.67044691,1,1,1172.72923928,0
4354,0.63794735,0.47393862,0.44813599,0.43915346,0.27054789,15.87160844,15.954508,1,1,1188.17126081,0
4355,0.73569363,0.44213526,0.37095245,0.55673642,0.32105259,16.0348395,16.0864666,1,1,184.0190317,0
4356,0.75101459,0.41322615,0.32927773,0.58324617,0.26005985,15.57378529,15.63019361,1,1,239.71166792,0
4357,0.75085488,0.41408516,0.32924628,0.59706233,0.21889954,15.86092771,15.86680404,1,1,948.96248628,0
4358,0.71089271,0.36632952,0.40720087,0.70285065,0.15696932,15.79601767,15.94944074,1,1,100.14249394,0
4359,0.597643,0.40039077,0.48231226,0.79969598,0.09507068,15.46182507,15.58456211,1,1,101.45333611,0
4360,0.48988384,0.43070687,0.54190158,0.78500938,0.10002145,15.76223638,15.90776392,1,1,149.43643773,1
4361,0.36258914,0.44852353,0.65347435,0.75387256,0.12389121,15.91798599,15.98861401,1,1,100.25749081,1
4362,0.27577242,0.46086418,0.70104839,0.78826887,0.13850686,16.10384967,16.17833978,1,1,122.12003019,1
4363,0.22353916,0.47810941,0.73572886,0.7963734,0.16362985,16.06091183,16.19482562,1,1,101.93633294,1
4364,0.22338497,0.47908263,0.73567686,0.83004514,0.19033036,15.57587139,15.57824608,1,1,1408.91192684,1
4365,0.24431696,0.56272894,0.7404646,0.79369892,0.21650833,15.73573689,15.81833064,1,1,100.00287641,1
4366,0.26344679,0.5468882,0.76714573,0.82647295,0.23866275,15.80653128,15.81622622,1,1,100.01040064,1
4367,0.27664934,0.54765208,0.75808033,0.8507513,0.26371558,16.2506996,16.33478467,1,1,102.20590552,1
4368,0.28114463,0.54688668,0.73660935,0.80526624,0.27511182,15.93363834,15.95091967,1,1,124.1429524,1
4369,0.31086976,0.56375032,0.7344177,0.75916527,0.25971147,15.53135572,15.66090285,1,1,1297.18994225,1
4370,0.32073473,0.54481715,0.72625706,0.71409678,0.28232792,15.45604731,15.55531558,1,1,107.37174561,1
4371,0.33754393,0.55737001,0.75573129,0.74925382,0.26814549,15.28021071,15.42660964,1,1,930.99932518,1
4372,0.36285725,0.56505155,0.74430457,0.78137065,0.27589696,15.88682099,15.91209768,1,1,100.01552218,1
4373,0.36000028,0.54611389,0.74673949,0.81314471,0.29981173,15.30165278,15.30418982,1,1,104.47284425,1
4374,0.38556838,0.54212456,0.73426667,0.76788992,0.32379182,15.1955467,15.20903202,1,1,100.00014843,1
4375,0.37472016,0.5450497,0.71785134,0.80252328,0.32231421,15.52610618,15.65121118,1,1,1347.91942246,1
4376,0.37491071,0.54492666,0.71763861,0.82067452,0.34516562,15.90291002,16.00470003,1,1,1566.4302942,1
4377,0.3873482,0.61270592,0.75679106,0.7859234,0.36605549,15.51339621,15.65305423,1,1,835.6933173,1
4378,0.41678559,0.62799363,0.73708179,0.81944276,0.38870708,15.91535198,15.96529709,1,1,958.71496541,1
4379,0.41795714,0.62826991,0.73764968,0.85305382,0.38723902,15.76245209,15.77262078,1,1,104.71776752,1
4380,0.42464766,0.60407845,0.72876576,0.88180352,0.40295113,15.69271533,15.69299097,1,1,100.79515683,1
4381,0.43755683,0.61224781,0.71508191,0.83661577,0.38489897,15.51353867,15.54086059,1,1,1469.67170979,1
4382,0.46881665,0.61377694,0.72339569,0.85481147,0.37069219,15.74982647,15.79922452,1,1,1314.67943153,1
4383,0.45323478,0.59705622,0.70492454,0.80780804,0.35331168,15.81239518,15.92969424,1,1,1582.99588204,1
4384,0.45337804,0.59744211,0.7048834,0.83285016,0.37574579,16.1643008,16.2245928,1,1,1584.37114425,1
4385,0.41532798,0.65289714,0.7408226,0.86528949,0.39822091,15.67862948,15.79810172,1,1,1555.46623473,1
4386,0.41959554,0.6496797,0.73164838,0.88599811,0.38026358,15.64725673,15.80349952,1,1,100.00013824,1
4387,0.42544005,0.62908718,0.72726512,0.91211279,0.4018547,16.36197397,16.50042688,1,1,1365.34223459,1
4388,0.44070149,0.60162253,0.71734826,0.94382101,0.40074035,15.71803012,15.85400433,1,1,101.62984686,1
4389,0.46638193,0.59647417,0.6857455,0.90020335,0.42249341,15.6904561,15.72683698,1,1,100.31626687,1
4390,0.47166088,0.60407328,0.67728806,0.93211602,0.40413739,15.7554809,15.89898058,1,1,100.00892064,1
4391,0.47149407,0.60540542,0.67755161,0.96345899,0.39414599,15.89668214,16.00450216,1,1,1068.23972734,1
4392,0.46413367,0.64149459,0.70583127,0.91544231,0.38184344,15.57343531,15.70083172,1,1,100.05466795,1
4393,0.45331285,0.61192284,0.6716912,0.86713415,0.36475043,15.80744058,15.87673015,1,1,479.45246134,1
4394,0.47226404,0.62097566,0.6818531,0.8564132,0.38742254,15.87874011,16.01988931,1,1,1584.349957,1
4395,0.45587857,0.59836869,0.66390103,0.80928534,0.38298839,15.42249521,15.50185628,1,1,1574.93866305,1
4396,0.48396474,0.60279356,0.6857907,0.76405788,0.36532901,15.81478121,15.83548108,1,1,1527.46806602,1
4397,0.48366106,0.57682085,0.66422796,0.7187822,0.36518019,15.89670509,15.96495094,1,1,133.45854607,1
4398,0.4787833,0.57999433,0.68779195,0.74563849,0.34787663,16.27304034,16.3417689,1,1,1584.87869658,1
4399,0.47829447,0.57954532,0.6879031,0.71182362,0.33093441,15.39534867,15.44157474,1,1,104.90233251,1
4400,0.47108361,0.64036285,0.68989448,0.74086723,0.35421631,15.6593946,15.70262452,1,1,100.00143048,1
4401,0.48042913,0.63715318,0.68546818,0.77492297,0.37713179,15.49882983,15.55114426,1,1,487.78914919,1
4402,0.49054971,0.61379686,0.654935,0.7295652,0.36061489,15.13433995,15.28268857,1,1,856.76366252,1
4403,0.50423847,0.61104944,0.65971732,0.68498422,0.38340073,15.49026409,15.58534512,1,1,155.97513828,1
4404,0.52912848,0.61930281,0.66886167,0.64132402,0.36653146,15.36790389,15.4837819,1,1,100.30089569,1
4405,0.52903464,0.61949633,0.66883447,0.60065344,0.35518934,16.26116299,16.33898207,1,1,122.68351461,1
4406,0.49929465,0.59579967,0.69361516,0.57614303,0.37612754,16.03201455,16.06870068,1,1,479.7335251,1
4407,0.50210242,0.60896099,0.66157162,0.53462158,0.39778481,15.27955896,15.42134192,1,1,1345.95095801,1
4408,0.48588406,0.59554644,0.67602527,0.57180285,0.37987655,15.88185869,15.90630127,1,1,1168.42144297,1
4409,0.49931431,0.60177292,0.65205542,0.60258036,0.39831597,15.64415881,15.74708662,1,1,100.00065194,1
4410,0.48616565,0.57812515,0.66131298,0.56125909,0.4203184,15.70843833,15.79777367,1,1,100.00463287,1
4411,0.49796231,0.56228717,0.64667109,0.60003356,0.43498525,15.59128724,15.70871605,1,1,104.09441206,1
4412,0.48323535,0.58837247,0.67761474,0.6018532,0.41677396,15.8329036,15.91910493,1,1,181.4509246,1
4413,0.4830922,0.58761877,0.67738118,0.60712662,0.39901785,15.63116522,15.72097883,1,1,100.07226022,1
4414,0.46354802,0.61603844,0.68784991,0.57845059,0.38103783,15.5082296,15.64048259,1,1,527.87624867,1
4415,0.45738838,0.61660995,0.70226272,0.6024971,0.40242632,15.79703001,15.84912179,1,1,100.03963793,1
4416,0.49032556,0.60079748,0.66810438,0.56045384,0.423884,15.05215369,15.1903807,1,1,103.40140999,1
4417,0.47941802,0.59030784,0.67255247,0.51932757,0.44540128,15.29245145,15.4447106,1,1,1542.95849413,1
4418,0.50366978,0.59580662,0.67732718,0.48642099,0.46649325,15.39382738,15.44947786,1,1,102.89530442,1
4419,0.50360247,0.59486126,0.67730144,0.52669241,0.48714245,15.60717293,15.68260868,1,1,1584.76674836,1
4420,0.49713468,0.5857303,0.70766163,0.48616335,0.48641304,15.80948595,15.89997899,1,1,556.34595808,1
4421,0.49640064,0.59315031,0.69093938,0.44695457,0.46702291,15.98657885,16.11516982,1,1,1558.48406247,1
4422,0.47797311,0.59480747,0.66746999,0.48799851,0.44809481,15.69617061,15.75958909,1,1,100.38876807,1
4423,0.4911036,0.58880082,0.68430619,0.45449606,0.46835866,15.86653377,15.98154715,1,1,445.91992706,1
4424,0.48855105,0.55192981,0.66031538,0.41693367,0.4759507,15.19256559,15.23501491,1,1,100.00000084,1
4425,0.49336201,0.55671575,0.68310071,0.37873625,0.482827,15.87800932,16.00016628,1,1,1581.54624297,1
4426,0.48052364,0.54246499,0.66527068,0.34116291,0.50245755,15.74651006,15.89977002,1,1,1468.03775656,1
4427,0.48075181,0.54352992,0.66547162,0.30745186,0.51970114,15.88366254,15.9392489,1,1,140.95639628,1
4428,0.44229644,0.59330223,0.6673478,0.27135436,0.53920503,15.82095319,15.8374892,1,1,108.61907926,1
4429,0.44099307,0.58967783,0.68551132,0.25667279,0.55729674,15.43183288,15.56837628,1,1,1584.87548878,1
4430,0.46751182,0.56616043,0.65406539,0.30150853,0.57559388,15.69825678,15.71808323,1,1,100.07334749,1
4431,0.47952218,0.54180218,0.64866705,0.34545909,0.55532972,15.89848764,15.99195715,1,1,169.09614642,1
4432,0.47745372,0.54988433,0.63989658,0.3132855,0.57419443,16.04652408,16.07836373,1,1,1577.71235598,1
4433,0.48111371,0.53155094,0.63435995,0.27712217,0.55276474,16.09991445,16.14267446,1,1,1343.29208648,1
4434,0.48122572,0.53172327,0.63450439,0.30771455,0.56554876,16.07657739,16.14718148,1,1,803.35792162,1
4435,0.46962834,0.61183447,0.64679486,0.27226466,0.54777728,15.43785716,15.5167995,1,1,1575.24405095,1
4436,0.48360366,0.60812367,0.64837418,0.2369711,0.52682434,15.99367641,16.03182537,1,1,100.00465169,1
4437,0.50171511,0.58084336,0.61730187,0.26413348,0.50628815,15.35610674,15.44417562,1,1,1467.56743994,1
4438,0.52685474,0.56497675,0.59707628,0.25242342,0.49967471,15.55100501,15.66797102,1,1,100.00109529,1
4439,0.51749107,0.56045485,0.61348606,0.21764489,0.51968047,15.47535807,15.59111542,1,1,112.63132352,1
4440,0.51750584,0.55911504,0.61328645,0.26035382,0.5368462,15.9775608,16.1323239,1,1,103.968328,1
4441,0.49895727,0.52585094,0.60596432,0.30514444,0.51621898,15.31157547,15.41315884,1,1,1444.62709237,1
4442,0.49079128,0.53481205,0.62639682,0.34904129,0.50389932,15.99838882,16.0249926,1,1,101.80753277,1
4443,0.49852909,0.52283896,0.61069643,0.38619922,0.48401634,15.79072303,15.84990813,1,1,125.59538694,1
4444,0.50040633,0.53629198,0.59564672,0.42841653,0.50170512,15.90642208,15.97326315,1,1,365.75755015,1
4445,0.48565548,0.54091569,0.59442376,0.41782437,0.51621681,15.30948769,15.35396948,1,1,1580.91381371,1
4446,0.48551292,0.54029732,0.59442297,0.37946789,0.53585266,15.53243788,15.64839191,1,1,106.9101411,1
4447,0.45584331,0.6031682,0.61282776,0.42032705,0.55510396,15.65342099,15.75267362,1,1,1533.27625942,1
4448,0.4602067,0.56202648,0.5993305,0.45812927,0.57396991,15.34507005,15.43464585,1,1,1584.84363724,1
4449,0.47231327,0.56342243,0.58338055,0.47246103,0.55264499,15.8373054,15.96393462,1,1,100.02016429,1
4450,0.47120121,0.54783406,0.57853488,0.43343726,0.53159222,14.97133706,15.01731452,1,1,102.11526784,1
4451,0.47603394,0.55531753,0.57165,0.47476589,0.5508886,15.85954726,15.97103531,1,1,802.57771595,1
4452,0.4761752,0.5547436,0.57172876,0.51373383,0.55797325,15.70409363,15.72746519,1,1,1584.82942099,1
4453,0.49356033,0.61782004,0.597706,0.5490054,0.57677726,15.51923626,15.62893923,1,1,1517.33109016,1
4454,0.50692938,0.6177094,0.58240837,0.50806483,0.59277294,16.13417828,16.25589209,1,1,120.18211733,1
4455,0.50287873,0.60676391,0.56589562,0.46807236,0.57098138,16.16096315,16.28627689,1,1,1505.91334723,1
4456,0.5293129,0.61100178,0.55110649,0.42871116,0.55159352,15.25491183,15.35902638,1,1,1042.45280293,1
4457,0.53401033,0.58568232,0.55939039,0.46871298,0.57055556,15.25976261,15.28574151,1,1,1564.97085732,1
4458,0.53410626,0.58556797,0.55939474,0.44302732,0.54940805,15.66906321,15.78854305,1,1,100.01646231,1
4459,0.4981257,0.54476546,0.56848279,0.40424257,0.52843147,15.68090306,15.76267252,1,1,100.03622674,1
4460,0.50640057,0.55417519,0.56610927,0.38906904,0.50803928,15.88360676,15.88720349,1,1,100.00325045,1
4461,0.48450474,0.53888498,0.55742585,0.43125065,0.52100038,15.27712204,15.30979781,1,1,1472.60027989,1
4462,0.49112129,0.54094691,0.54976773,0.4455914,0.50464038,15.66428371,15.67354062,1,1,1473.83309103,1
4463,0.50088515,0.54541178,0.56843206,0.47689752,0.5242015,15.69837883,15.78103799,1,1,1396.17956563,1
4464,0.49226031,0.54961537,0.56237914,0.45205519,0.54371716,15.81376421,15.96815361,1,1,117.47333363,1
4465,0.49193325,0.55067589,0.56235496,0.4135469,0.53233342,16.02581689,16.07954218,1,1,116.54427626,1
4466,0.44253223,0.56364536,0.5758247,0.37891269,0.51309957,15.66008999,15.74064788,1,1,116.05660751,1
4467,0.4455509,0.54907389,0.56731069,0.34768555,0.53279742,16.13546916,16.28437244,1,1,100.0073979,1
4468,0.46057732,0.56313661,0.57749757,0.32556393,0.51615943,15.91116857,16.05960085,1,1,100.0633723,1
4469,0.47153922,0.5406573,0.55669464,0.29899407,0.53576775,15.68969755,15.77074444,1,1,180.77375228,1
4470,0.46525395,0.53568073,0.57491952,0.2647895,0.55254475,15.43723685,15.58516136,1,1,100.83128663,1
4471,0.46512538,0.53483083,0.57502006,0.3081301,0.56901397,15.90109663,15.98222648,1,1,100.21156766,1
4472,0.44413762,0.58886451,0.58519985,0.35196559,0.55353737,15.64565169,15.70646664,1,1,1580.91864323,1
4473,0.47452381,0.59763814,0.5879178,0.32844373,0.57244354,15.31393729,15.33487131,1,1,538.87922967,1
4474,0.47705187,0.58924723,0.57917219,0.29227407,0.56004826,15.85207784,15.92057918,1,1,892.81235894,1
4475,0.49219132,0.55577296,0.58845638,0.33399108,0.57883582,15.70642616,15.78912987,1,1,135.78984155,1
4476,0.50777167,0.54512955,0.58767459,0.37730524,0.57146019,15.81885071,15.8314897,1,1,101.42430579,1
4477,0.50380049,0.5362222,0.58831018,0.40853706,0.55969722,15.69546438,15.70787845,1,1,1581.58044439,1
4478,0.50363528,0.53618178,0.58847223,0.4221243,0.56433997,15.79375675,15.84223122,1,1,904.69773359,1
4479,0.48111699,0.52471572,0.61613204,0.46364985,0.58303884,16.26704695,16.27465446,1,1,100.17230053,1
4480,0.49293707,0.51862479,0.59373233,0.43910974,0.56311653,15.23139689,15.30195928,1,1,102.41969816,1
4481,0.47036369,0.51849133,0.56744122,0.48032745,0.54595155,15.75576334,15.90641916,1,1,101.73899316,1
4482,0.48946668,0.50504924,0.58838743,0.50997471,0.5650322,15.4347053,15.52820715,1,1,118.26559661,1
4483,0.47763427,0.51475394,0.58500636,0.54948457,0.56206648,15.58172353,15.64131987,1,1,167.82073256,1
4484,0.4774208,0.51520555,0.584833,0.58849471,0.58010795,15.34001422,15.4648658,1,1,877.24792619,1
4485,0.49876058,0.57265778,0.58671945,0.547028,0.59850579,15.63896979,15.67434322,1,1,1383.62290439,1
4486,0.51141511,0.58211301,0.59134202,0.58608535,0.58483524,15.68814408,15.70709566,1,1,106.29990292,1
4487,0.49808861,0.55876368,0.59119673,0.62110204,0.56835144,15.53675772,15.61270298,1,1,1307.36092604,1
4488,0.53221018,0.5613963,0.55805715,0.64359816,0.54699872,15.77258234,15.80261475,1,1,110.68577259,1
4489,0.52102464,0.53264689,0.56218766,0.60074276,0.56605873,16.12690571,16.183222,1,1,200.0450824,1
4490,0.52076844,0.53072796,0.56197333,0.56948838,0.50496481,15.88221428,15.9246151,1,1,902.22772914,0
4491,0.44850864,0.44707042,0.5351381,0.54069886,0.54770925,15.38782486,15.52477246,1,1,1330.24866464,0
4492,0.4128633,0.39338249,0.47396749,0.41992973,0.60687934,15.79404656,15.82296992,1,1,104.48687244,0
4493,0.38943912,0.32321898,0.4021963,0.30162106,0.54848928,15.7584426,15.84630427,1,1,487.48481041,0
4494,0.36280352,0.27056361,0.33677605,0.19388481,0.492457,16.21510942,16.30797821,1,1,992.72979876,0
4495,0.33026664,0.23275411,0.31670176,0.08010184,0.52166974,16.09869972,16.12559699,1,1,1584.80491005,0
4496,0.3301917,0.23358011,0.31673764,0.18327897,0.47045096,15.77948476,15.91606152,1,1,100.66042288,0
4497,0.41874868,0.32257545,0.37899024,0.30961232,0.41916491,15.98351775,16.05217627,1,1,259.19439553,0
4498,0.45157786,0.38311955,0.42156282,0.19685926,0.48297252,15.84013099,15.9962058,1,1,101.64213089,0
4499,0.49879525,0.47020818,0.5016786,0.08298914,0.43135661,15.73944954,15.84385458,1,1,104.26302946,0
4500,0.56170421,0.52954272,0.57999471,0.17548352,0.49957222,15.48969848,15.52046485,1,1,536.83605242,0
4501,0.61491802,0.60664087,0.61428144,0.07153541,0.56468312,15.51401433,15.60312174,1,1,1584.70887393,0
4502,0.61619965,0.61892647,0.65524048,0.19629869,0.63037208,15.38926589,15.3979879,1,1,1170.26657843,0
4503,0.61622686,0.61827715,0.65545879,0.08237273,0.57685302,15.75360375,15.8047263,1,1,104.42916785,0
4504,0.54240361,0.53504827,0.53376276,0.10005782,0.52591847,15.93553176,16.00278369,1,1,103.58333135,0
4505,0.4527004,0.52798383,0.37288887,0,0.48200836,15.94501036,15.97252332,1,1,100.28936625,0
4506,0.35138192,0.4700682,0.19122256,0.12999545,0.55180213,15.99038373,16.09182604,1,1,1021.32997284,0
4507,0.27197937,0.4391391,0.03847717,0.04965813,0.61919809,16.02989628,16.08388033,1,1,1514.82132762,0
4508,0.214877,0.44116208,0.94208827,0,0.57134316,15.66401304,15.73661828,1,1,100.03567425,0
4509,0.21524078,0.44130667,0.9417937,0.12957472,0.64105599,15.85361333,15.88461441,1,1,678.43451442,0
4510,0.32707,0.53626437,0.82703858,0.019114,0.59426679,15.82526399,15.97899364,1,1,1121.82229909,0
4511,0.4115417,0.57133266,0.68366704,0,0.66374479,15.57465919,15.62108516,1,1,140.08066057,0
4512,0.53179928,0.60598016,0.49011374,0,0.68913479,15.63733843,15.67607678,1,1,105.20456072,0
4513,0.61569124,0.64018913,0.28480616,0.04998772,0.70370566,15.96938611,15.98573619,1,1,1488.00688022,1
4514,0.69258222,0.64825733,0.13979834,0.09886426,0.71963113,15.96395834,16.03694544,1,1,128.90611844,1
4515,0.77372572,0.68383297,0.0404289,0.14081601,0.69763612,15.78979735,15.884473,1,1,783.36499226,1
4516,0.77439348,0.68294524,0.04055643,0.11309205,0.67369925,15.79070569,15.88796295,1,1,1564.46435294,1
4517,0.79087592,0.64684147,0.04572079,0.09880474,0.65119489,15.58012445,15.63436322,1,1,1483.05619605,1
4518,0.77431408,0.6430199,0.04988454,0.14680689,0.65501073,15.41058479,15.46362319,1,1,253.32918013,1
4519,0.76398561,0.66241881,0.0534275,0.1936648,0.6716952,16.52184174,16.61882551,1,1,275.07178958,1
4520,0.72943713,0.6323285,0.05841546,0.23663609,0.6828843,15.45777659,15.54875705,1,1,1584.79230307,1
4521,0.72283472,0.64750798,0.06798643,0.25860451,0.69757532,15.88184209,15.92882989,1,1,739.44303406,1
4522,0.69829983,0.63168434,0.07351712,0.29718152,0.71359907,15.6281759,15.69744091,1,1,926.07345438,1
4523,0.69995549,0.65114983,0.08276607,0.26137343,0.72795577,15.17885611,15.19678653,1,1,132.46134219,1
4524,0.69353253,0.62623636,0.08711186,0.22669316,0.74252699,16.04460277,16.07502252,1,1,100.00298128,1
4525,0.65774759,0.63135176,0.09277792,0.19305113,0.71823321,15.21300965,15.2820671,1,1,1579.25798007,1
4526,0.6623154,0.63939186,0.0939305,0.18432425,0.69740007,15.10400346,15.16309371,1,1,103.23078654,1
4527,0.65955308,0.6520649,0.09937583,0.22819566,0.71344263,15.89447032,15.98571049,1,1,425.50154389,1
4528,0.65980806,0.6517107,0.09962818,0.27346697,0.69480192,15.72921333,15.87310703,1,1,103.79723849,1
4529,0.64127038,0.6340218,0.10658339,0.31729193,0.67090614,16.18184158,16.29848369,1,1,100.01741747,1
4530,0.66148541,0.60728995,0.11489733,0.28105055,0.66572928,15.72746164,15.8487472,1,1,1583.26968283,1
4531,0.65654441,0.6304299,0.11988693,0.24547378,0.6424147,16.13031534,16.15035802,1,1,100.20382015,1
4532,0.62497333,0.63379338,0.13109306,0.28660317,0.65956431,16.37043635,16.38826576,1,1,110.27152779,1
4533,0.62722754,0.60686685,0.13386029,0.32989556,0.63735301,15.61310443,15.72286538,1,1,1575.61100217,1
4534,0.60832497,0.62447843,0.14520575,0.37328527,0.64756418,15.34479338,15.47747366,1,1,100.24078494,1
4535,0.58656531,0.60908472,0.15426534,0.3901138,0.66194564,16.03938961,16.16857049,1,1,1414.39359793,1
4536,0.59655285,0.61940317,0.15985144,0.35240824,0.67838081,15.72957638,15.85316677,1,1,1584.36500649,1
4537,0.57221247,0.61410707,0.15935845,0.31537709,0.65481479,15.47869571,15.63137101,1,1,167.58824375,1
4538,0.57212651,0.61455595,0.15938841,0.27907275,0.63171859,15.60215264,15.62182152,1,1,120.01192267,1
4539,0.55027751,0.57169193,0.17657164,0.2437825,0.64870762,15.89390428,15.89943594,1,1,150.19480905,1
4540,0.5575539,0.58264094,0.18166,0.28890685,0.62912676,15.63747333,15.78697926,1,1,715.0261087,1
4541,0.55111365,0.57823573,0.18871425,0.33312824,0.64642669,16.16199547,16.24812751,1,1,528.70551534,1
4542,0.54701921,0.57413574,0.20546349,0.37528994,0.62353987,15.81532067,15.90606559,1,1,100.09811497,1
4543,0.51933253,0.60049896,0.20982056,0.33900411,0.64106844,15.46313358,15.60770322,1,1,435.46220838,1
4544,0.52274594,0.60106873,0.21622959,0.37282172,0.62937776,15.86703611,15.87525419,1,1,173.277322,1
4545,0.52293275,0.60070412,0.21640651,0.41533284,0.64450378,15.70685243,15.84789059,1,1,1582.99108707,1
4546,0.51183945,0.59556682,0.23259389,0.45055572,0.66080448,15.69227884,15.75444287,1,1,1449.34179479,1
4547,0.49804848,0.58638492,0.24287846,0.41159096,0.63796932,15.91219559,16.05027932,1,1,455.09132252,1
4548,0.51082144,0.59156153,0.24542412,0.38777056,0.64743314,15.74776261,15.82136503,1,1,103.7636658,1
4549,0.49507636,0.5744073,0.26260329,0.35440672,0.62464187,15.51776215,15.64979587,1,1,112.98691629,1
4550,0.51357071,0.57236737,0.27587984,0.3962768,0.60230025,15.20185594,15.20356326,1,1,180.14769015,1
4551,0.51033842,0.56308368,0.274694,0.41473095,0.58804471,15.89726018,15.95345493,1,1,1584.39400862,1
4552,0.51004852,0.5617932,0.27469476,0.37814744,0.56655764,15.88149695,15.9402797,1,1,986.82746259,1
4553,0.4648826,0.55005416,0.28875851,0.36677545,0.54694444,15.61275809,15.63718681,1,1,118.24292188,1
4554,0.49243371,0.53791864,0.30929785,0.40938414,0.5462377,15.57843556,15.61063509,1,1,1575.60183199,1
4555,0.46806771,0.54549935,0.31309934,0.37132907,0.52538044,15.9644543,16.00039939,1,1,100.02765372,1
4556,0.48920956,0.54585691,0.33251317,0.4037219,0.50487349,15.7738287,15.89689901,1,1,118.76526731,1
4557,0.47587642,0.53112902,0.34877172,0.44564654,0.48482919,15.7860232,15.79570834,1,1,110.68623215,1
4558,0.47584146,0.53362713,0.34871156,0.45667999,0.4999216,15.75916627,15.87065639,1,1,100.36026316,1
4559,0.47516252,0.62266059,0.36378931,0.49512385,0.49717643,15.66054779,15.67867857,1,1,100.00511934,1
4560,0.48016357,0.59336749,0.37968177,0.51681429,0.48388145,16.20966341,16.22731959,1,1,100.34422482,1
4561,0.4887333,0.57371365,0.39847158,0.55646742,0.50238035,15.44549034,15.55358197,1,1,100.10686127,1
4562,0.50208642,0.56563724,0.39306097,0.5948556,0.52126129,15.90979125,15.99029054,1,1,100.03923837,1
4563,0.50474073,0.54970751,0.41335787,0.55322693,0.50950908,15.85686874,15.96362544,1,1,100.01148489,1
4564,0.50462717,0.55067593,0.41316594,0.51235193,0.49302289,15.52576012,15.66725983,1,1,135.79190042,1
4565,0.48359128,0.60729053,0.42558076,0.50276262,0.47611907,15.28592691,15.38873938,1,1,1535.34393106,1
4566,0.48157963,0.57943431,0.44016592,0.46270933,0.45660287,15.73095454,15.75683491,1,1,114.73814532,1
4567,0.48734922,0.5619171,0.47689626,0.50345496,0.43747092,15.8741365,15.93799783,1,1,113.10253662,1
4568,0.49337955,0.56183881,0.49345606,0.48632971,0.41874688,15.55623383,15.71160499,1,1,258.67865426,1
4569,0.49516535,0.5453074,0.50146276,0.49304957,0.43998286,15.91564402,15.99169119,1,1,123.98386285,1
4570,0.49540154,0.54614042,0.50128626,0.45321173,0.42446799,15.44933619,15.5049911,1,1,100.05911465,1
4571,0.4722456,0.55850032,0.51469953,0.49226112,0.4446663,15.6314929,15.65244483,1,1,1583.95732688,1
4572,0.46868009,0.53604188,0.50655569,0.53223485,0.46574475,15.57584378,15.72273346,1,1,100.52670551,1
4573,0.46084284,0.54390066,0.50340375,0.57159015,0.45317123,15.72354254,15.84680015,1,1,100.05750758,1
4574,0.48607379,0.53413084,0.51565956,0.53018199,0.47406198,15.54922695,15.70173481,1,1,227.50887538,1
4575,0.47037069,0.52773779,0.52786685,0.56939887,0.46402469,16.03402877,16.14155464,1,1,321.93361582,1
4576,0.47012226,0.5279063,0.527826,0.60792134,0.4453039,15.72414076,15.82310029,1,1,1574.71078674,1
4577,0.50229816,0.61140123,0.54222705,0.64576275,0.46634114,15.66413408,15.78134283,1,1,100.61266897,1
4578,0.52185114,0.58643744,0.53305781,0.67968029,0.4470145,15.86192782,15.96346841,1,1,107.08324451,1
4579,0.51563847,0.59843639,0.54145716,0.71538117,0.4680519,15.55267098,15.56704879,1,1,1584.84430157,1
4580,0.53197966,0.59413142,0.53606288,0.75106157,0.48834296,15.49609648,15.50318916,1,1,100.14064822,1
4581,0.53720224,0.58835915,0.54688713,0.78601355,0.50857407,15.72962362,15.74858178,1,1,940.44584957,1
4582,0.53687647,0.58928501,0.54665639,0.74110385,0.48997366,15.51021581,15.52938622,1,1,265.89612935,1
4583,0.49983904,0.56413473,0.57438097,0.71421928,0.47017419,15.79482985,15.84136378,1,1,104.41014685,1
4584,0.50138669,0.57833847,0.56550034,0.66994096,0.4639638,15.86690503,15.93592687,1,1,1584.88803634,1
4585,0.50018309,0.55175422,0.54400913,0.70400973,0.4448228,15.77883915,15.91359377,1,1,101.59935358,1
4586,0.50317834,0.55211721,0.5465843,0.6816744,0.46506956,15.71993163,15.82493978,1,1,100.90281137,1
4587,0.5148032,0.5517249,0.55250302,0.71803634,0.45353589,15.69466137,15.84819617,1,1,1312.12466015,1
4588,0.51521873,0.55291112,0.55826005,0.67547388,0.43551963,15.78898243,15.89467693,1,1,1565.77647347,1
4589,0.51550723,0.55392396,0.55831917,0.63402301,0.45480616,15.74289528,15.83927989,1,1,1326.9311338,1
4590,0.48542077,0.53240614,0.57590012,0.59139427,0.44793159,14.98442758,15.05627883,1,1,1466.55731176,1
4591,0.48605839,0.54179012,0.58414029,0.54995383,0.43640062,15.5958791,15.69999556,1,1,168.31079798,1
4592,0.4692507,0.51791438,0.56167763,0.57881259,0.43149966,16.10660941,16.17285789,1,1,123.02235998,1
4593,0.4797089,0.52951739,0.5524243,0.61722387,0.4514302,15.80985951,15.90011496,1,1,1475.29410964,1
4594,0.48769898,0.51361795,0.57777537,0.62821794,0.47004504,15.74731916,15.86452289,1,1,1579.5794177,1
4595,0.48524448,0.52566396,0.5776617,0.58678766,0.45237765,15.54547364,15.65407057,1,1,1580.34357431,1
4596,0.48532352,0.5254076,0.57757883,0.54514256,0.45974176,15.88861072,16.02288801,1,1,100.04909397,1
4597,0.47422482,0.53905792,0.57426352,0.50535098,0.48022556,15.52054794,15.59855897,1,1,617.76490555,1
4598,0.45983535,0.53490942,0.58697613,0.46524536,0.4903884,15.85987333,15.98374242,1,1,122.08996511,1
4599,0.46799741,0.54147809,0.58091714,0.42597968,0.47061767,15.42296321,15.56313734,1,1,1584.79623905,1
4600,0.48221766,0.52732101,0.5518439,0.38821315,0.46294379,15.36959175,15.38268152,1,1,429.34852833,1
4601,0.48191908,0.50742713,0.56366142,0.42008189,0.44368575,16.18559064,16.26366268,1,1,100.80859618,1
4602,0.48179198,0.50726437,0.56360999,0.38190746,0.4595315,16.15540825,16.23359962,1,1,1258.42538798,1
4603,0.53954313,0.59056754,0.58699362,0.42426868,0.47436926,15.57151149,15.64842911,1,1,650.74049853,1
4604,0.55526865,0.57391486,0.58553739,0.38578449,0.49355027,15.72384822,15.874262,1,1,104.45891355,1
4605,0.53576273,0.58091445,0.57689872,0.35096485,0.4749411,15.48725394,15.61373392,1,1,303.0759596,1
4606,0.56317366,0.5758868,0.54327003,0.39393961,0.48573789,15.23400073,15.34000357,1,1,1584.86547976,1
4607,0.54804503,0.5973991,0.56015837,0.35740314,0.46787733,15.63320535,15.66982267,1,1,732.56328394,1
4608,0.54801414,0.59724571,0.56022337,0.36784135,0.47314281,15.40689604,15.54707522,1,1,100.41251053,1
4609,0.51672099,0.58987443,0.57439639,0.3901022,0.49366725,15.25411785,15.39169529,1,1,1359.39730024,1
4610,0.51160864,0.59707126,0.58802429,0.35315879,0.49333077,15.67628779,15.76212021,1,1,101.4925605,1
4611,0.53273003,0.58671784,0.57409913,0.37565699,0.51346414,15.72496111,15.87538978,1,1,100.55014917,1
4612,0.5188856,0.56009149,0.55715391,0.40303418,0.49319572,15.27953838,15.36858614,1,1,1392.2638383,1
4613,0.51640999,0.55397012,0.55289199,0.44497316,0.47335444,15.41282348,15.52887537,1,1,1584.49878829,1
4614,0.5275558,0.54450622,0.58018833,0.48506992,0.49370029,15.70948305,15.80614823,1,1,689.80946625,1
4615,0.51735671,0.55205986,0.58328471,0.51789115,0.51376919,15.77299021,15.82635823,1,1,175.42404274,1
4616,0.51731467,0.55281501,0.58348439,0.4775346,0.53348439,15.39383709,15.48189384,1,1,1580.35470115,1
4617,0.51264046,0.54048116,0.60311086,0.51743336,0.55280293,15.83302605,15.83832508,1,1,1584.88133278,1
4618,0.50663015,0.53339761,0.60136582,0.55241146,0.56193395,15.86813322,15.88487796,1,1,936.54649098,1
4619,0.48396867,0.53732056,0.57441591,0.57084509,0.57606455,15.54519826,15.69858029,1,1,1579.1588797,1
4620,0.48962446,0.52923106,0.57254111,0.59224041,0.57924532,15.85531352,15.93114023,1,1,100.00029333,1
4621,0.49735451,0.52952267,0.57059133,0.55040455,0.59757426,15.81524476,15.83264519,1,1,987.85548807,1
4622,0.49720256,0.52978471,0.57063704,0.58870024,0.58430862,16.05245592,16.06548713,1,1,133.47479434,1
4623,0.48706814,0.50775866,0.579495,0.55691877,0.60252538,15.51432721,15.63514805,1,1,100.07821395,1
4624,0.46952545,0.52077558,0.56585324,0.5208264,0.58052044,15.72767456,15.76706634,1,1,132.61319332,1
4625,0.47089362,0.52486149,0.54043101,0.55985642,0.56576923,15.99415272,16.05142539,1,1,1577.37752585,1
4626,0.47116497,0.52560091,0.54279898,0.51894113,0.54642514,15.37153952,15.40066252,1,1,1441.64997619,1
4627,0.47096214,0.52471256,0.54297796,0.55852684,0.52610398,15.44755157,15.4903902,1,1,100.85076649,1
4628,0.46146532,0.6000564,0.56473129,0.58548942,0.54556766,15.81610248,15.96704875,1,1,1584.87050733,1
4629,0.45728902,0.5959269,0.54039753,0.62102368,0.56074054,15.71393289,15.76399041,1,1,1478.97150442,1
4630,0.4661646,0.57085253,0.55254597,0.6580843,0.57028789,15.35338194,15.4441301,1,1,124.52547391,1
4631,0.49624696,0.5575727,0.53001508,0.61764941,0.54888384,15.8642841,15.95876403,1,1,100.06543586,1
4632,0.5030268,0.56594997,0.53545928,0.64664147,0.55105992,15.87995508,16.00884324,1,1,1516.23701692,1
4633,0.50270404,0.56610485,0.53554845,0.66737502,0.53034652,15.72423768,15.76128453,1,1,1199.84967477,1
4634,0.45975246,0.56485306,0.54899006,0.62405338,0.54969731,15.74581974,15.87179172,1,1,1218.49560934,1
4635,0.47606673,0.58254688,0.5456376,0.61747162,0.56864422,15.46406192,15.60019531,1,1,100.06245082,1
4636,0.48420767,0.55123881,0.56282874,0.65471762,0.55271725,15.43031346,15.48560631,1,1,1434.62581092,1
4637,0.49017129,0.5424999,0.56157739,0.69130307,0.56015439,15.81807127,15.87461063,1,1,1521.69462523,1
4638,0.48001615,0.56061045,0.54414405,0.66075564,0.53902252,15.83674623,15.92216522,1,1,100.14974141,1
4639,0.50445553,0.53899215,0.55533609,0.6307537,0.51920973,15.85004194,15.89115254,1,1,1534.57300337,1
4640,0.5045553,0.53838285,0.55548593,0.6208488,0.50128441,15.64528549,15.70135751,1,1,1401.0125194,1
4641,0.46821243,0.5434921,0.5804594,0.6583986,0.52097671,15.71076949,15.74442427,1,1,1581.57379165,1
4642,0.46481046,0.54515841,0.55108244,0.61590321,0.54055594,15.50700812,15.51461672,1,1,100.28898739,1
4643,0.47259404,0.53984402,0.55599115,0.57361796,0.55974482,15.37979412,15.47947022,1,1,224.25939297,1
4644,0.482028,0.51841994,0.5578889,0.61147156,0.53876675,15.30079307,15.40912946,1,1,241.94421266,1
4645,0.48874424,0.51490782,0.57064974,0.57483187,0.55778949,15.67477485,15.82310957,1,1,116.13642795,1
4646,0.48854883,0.51545572,0.57050886,0.53354702,0.57663358,15.61029987,15.68494242,1,1,107.7424873,1
4647,0.52070213,0.60305186,0.5832187,0.49322794,0.55518721,15.54352546,15.54919029,1,1,100.00923449,1
4648,0.53320603,0.60461681,0.55352931,0.53307647,0.53877615,15.59134853,15.64491031,1,1,105.51859452,1
4649,0.52509969,0.58766623,0.53998355,0.56331737,0.52326053,15.95209123,15.95930292,1,1,501.69052954,1
4650,0.52935017,0.58094149,0.55190397,0.52613775,0.54163947,15.56691078,15.65848613,1,1,100.02949313,1
4651,0.52903642,0.58226271,0.55200215,0.4863584,0.52126473,15.55845519,15.67650047,1,1,235.07714961,1
4652,0.4916733,0.57380839,0.55608253,0.52649161,0.50204777,15.55808957,15.68660115,1,1,1584.82672484,1
4653,0.50206231,0.55278875,0.55580595,0.4859623,0.48233411,15.50825316,15.54510526,1,1,115.91163012,1
4654,0.49624609,0.54759975,0.54740504,0.44688431,0.46325852,15.4237195,15.49979532,1,1,1297.81018481,1
4655,0.4963001,0.53885676,0.55639418,0.48145143,0.47897441,15.49454403,15.49605367,1,1,131.26000601,1
4656,0.49726258,0.54951726,0.56551957,0.45050542,0.49457202,15.43040412,15.5303018,1,1,1549.92586917,1
4657,0.49030901,0.54019643,0.57027771,0.41691246,0.51466451,15.78471329,15.86752653,1,1,1584.82708908,1
4658,0.49019503,0.54191158,0.57043519,0.45409229,0.49457572,15.97832111,16.12414928,1,1,250.94593682,1
4659,0.46209438,0.57487789,0.58504441,0.4150743,0.51167635,16.1548447,16.20622953,1,1,453.96075243,1
4660,0.46325102,0.5651183,0.5750983,0.45044435,0.49374495,15.89963492,16.03602834,1,1,145.93364033,1
4661,0.46775361,0.55499429,0.57180963,0.41148702,0.47846736,15.42465065,15.57035841,1,1,100.9257927,1
4662,0.48275015,0.54234891,0.57060595,0.45312915,0.46702527,15.88980748,15.99316184,1,1,100.02182725,1
4663,0.49289389,0.52606961,0.55874197,0.41407969,0.44768673,15.29931763,15.44012156,1,1,1543.23106596,1
4664,0.49309486,0.52662098,0.55856035,0.37756915,0.46873186,16.22436756,16.28772316,1,1,101.07143864,1
4665,0.50675365,0.58879024,0.57045882,0.34362651,0.48935563,15.36155367,15.46380083,1,1,100.30068814,1
4666,0.50656138,0.59179362,0.54924681,0.36943326,0.47199971,15.85295314,15.87330817,1,1,754.35489365,1
4667,0.52220915,0.5797679,0.51903383,0.37713668,0.452675,15.36540133,15.45430258,1,1,100.04536155,1
4668,0.53013437,0.56132672,0.50959198,0.41953276,0.43362164,15.94959483,16.07719931,1,1,103.17930295,1
4669,0.53032007,0.5616713,0.50988418,0.45394515,0.4270336,15.57340563,15.64680526,1,1,1388.88211487,1
4670,0.50548499,0.53582799,0.51686423,0.49434903,0.44410715,15.44695704,15.58935722,1,1,1481.56367927,1
4671,0.50410484,0.55097329,0.52637289,0.53442706,0.46514712,15.22525227,15.33645178,1,1,106.58626554,1
4672,0.50836282,0.52322688,0.52405041,0.49375023,0.44687409,15.74268748,15.82030925,1,1,1135.02881817,1
4673,0.50370204,0.53073085,0.53201576,0.4541958,0.43452519,16.10323074,16.23738029,1,1,670.04612785,1
4674,0.49606097,0.51612983,0.53715327,0.41528088,0.41583753,15.50905433,15.59368279,1,1,114.84864983,1
4675,0.49037124,0.53977509,0.53711256,0.44460444,0.43682979,15.80379663,15.87222882,1,1,750.5352027,1
4676,0.49053128,0.53952737,0.53741141,0.48340666,0.41810526,15.58138871,15.62426924,1,1,697.86434609,1
4677,0.45692241,0.59249101,0.55309968,0.44755014,0.40756971,15.49956303,15.54142534,1,1,100.09686196,1
4678,0.46348422,0.58084729,0.5394864,0.40879931,0.42939275,15.65686981,15.72617469,1,1,1547.75256926,1
4679,0.47290546,0.56772081,0.54423588,0.42576899,0.41704134,15.78709021,15.94001881,1,1,1581.12434029,1
4680,0.49397747,0.53806956,0.53973895,0.46674424,0.43870041,15.5687026,15.63372668,1,1,100.15137353,1
4681,0.48962779,0.53802821,0.55344484,0.50734825,0.45959413,15.37614293,15.46653542,1,1,347.39051994,1
4682,0.48987779,0.53849858,0.5534642,0.54374336,0.47975689,15.4146125,15.51981311,1,1,1463.50930397,1
4683,0.46902123,0.58141846,0.57589458,0.58231763,0.50014273,15.31193063,15.3911213,1,1,1412.66255025,1
4684,0.48037573,0.55419331,0.57389549,0.61897144,0.51960527,15.63879408,15.70821606,1,1,100.69999763,1
4685,0.4900035,0.56188711,0.57266148,0.60001866,0.53387424,15.63222912,15.67590014,1,1,251.56864144,1
4686,0.49749059,0.55054947,0.55551095,0.56034216,0.55314552,15.1987253,15.24910688,1,1,100.74920635,1
4687,0.48651625,0.53282613,0.55126433,0.51917063,0.53222809,16.24539398,16.27643251,1,1,1527.24795478,1
4688,0.48651132,0.53389694,0.55145554,0.55876609,0.53560227,16.12480231,16.12912939,1,1,100.11964926,1
4689,0.46336044,0.58739215,0.5803628,0.59758965,0.55088398,15.61645601,15.71438094,1,1,101.84317719,1
4690,0.47255779,0.57279398,0.55538836,0.63562755,0.53004803,15.94233746,15.96025827,1,1,902.57296678,1
4691,0.47676287,0.57258705,0.55321026,0.67288614,0.54943949,15.64472636,15.65080832,1,1,1051.07545634,1
4692,0.46800861,0.54181862,0.55096526,0.70284087,0.54647095,15.55131928,15.68936589,1,1,1392.9164514,1
4693,0.49935168,0.52486259,0.55004394,0.66319898,0.54135474,15.91922228,15.98903178,1,1,1584.31008396,1
4694,0.49959974,0.5244126,0.55008123,0.69988621,0.5210444,15.74463959,15.87576822,1,1,754.75544262,1
4695,0.48669761,0.53684004,0.54650857,0.73208549,0.5006425,15.87262825,15.928879,1,1,1584.89227152,1
4696,0.49557632,0.53614775,0.54444982,0.70620979,0.48126876,15.62931775,15.67219991,1,1,114.20787684,1
4697,0.49035523,0.51670469,0.53672926,0.66223951,0.50164338,15.31903615,15.43062714,1,1,100.32228435,1
4698,0.49059289,0.52103356,0.52732522,0.69899471,0.49342527,15.43485678,15.50007685,1,1,1583.69008147,1
4699,0.49050747,0.52177328,0.52744408,0.65550397,0.51326639,15.94718147,15.95995915,1,1,147.26666427,1
4700,0.45638525,0.54185114,0.55527699,0.68593197,0.53098557,15.89332873,16.02867411,1,1,100.15766326,1
4701,0.46395395,0.53241656,0.5261485,0.71921403,0.55033022,15.5162482,15.54003311,1,1,100.35093334,1
4702,0.45289213,0.51522507,0.52677718,0.75481472,0.56814648,15.49416136,15.64276685,1,1,654.48772446,1
4703,0.47870282,0.51340961,0.54034418,0.70972152,0.58659554,15.36234685,15.37312177,1,1,136.06739173,1
4704,0.47206226,0.49859428,0.5440297,0.69202284,0.56486447,15.95896765,15.98409638,1,1,1584.24911464,1
4705,0.47372511,0.49397093,0.5268585,0.64818242,0.58351356,15.48941473,15.59790793,1,1,100.01839252,1
4706,0.47378516,0.4935201,0.52715066,0.67850688,0.59669765,15.5356708,15.66200735,1,1,1581.73117929,1
4707,0.49773904,0.59095253,0.55085685,0.69440864,0.60368394,15.88658299,15.91090363,1,1,145.72093648,1
4708,0.49216114,0.56154876,0.52504071,0.73051635,0.58301064,15.49265629,15.51955506,1,1,105.11376467,1
4709,0.51926098,0.56376376,0.53331841,0.76569433,0.60080736,15.74213557,15.86202732,1,1,298.45253159,1
4710,0.52344977,0.54692739,0.52726608,0.7787423,0.61776066,15.90123948,15.98151586,1,1,102.62478714,1
4711,0.53895208,0.55691406,0.53748427,0.77153842,0.61832646,16.35621959,16.46056304,1,1,103.05272817,1
4712,0.53929129,0.55772872,0.53759187,0.73023164,0.59596767,15.44138544,15.59257977,1,1,1413.89374719,1
4713,0.50623143,0.51849549,0.56583407,0.76105066,0.6140468,15.49048381,15.52619326,1,1,1478.69657673,1
4714,0.4941833,0.52042889,0.55076139,0.71859323,0.61812525,15.68555838,15.83634875,1,1,108.47674548,1
4715,0.51274295,0.52522553,0.53954479,0.67422489,0.63524902,15.65044746,15.66529363,1,1,100.00009094,1
4716,0.49216452,0.51999784,0.54937129,0.6308853,0.61320004,15.95965078,16.04061954,1,1,100.67799177,1
4717,0.49513906,0.52459777,0.55649975,0.66757149,0.6309342,16.04103999,16.14184331,1,1,146.63521087,1
4718,0.494735,0.52438908,0.55661753,0.70181678,0.62880471,15.9837862,16.05213573,1,1,100.52497372,1
4719,0.56424013,0.57170182,0.57477509,0.65778136,0.64617313,15.61594641,15.75248569,1,1,1538.74307396,1
4720,0.57013572,0.56565574,0.55837556,0.69459083,0.62381689,15.5465276,15.61391376,1,1,131.18708065,1
4721,0.56499565,0.59798421,0.53876794,0.6566225,0.63940501,15.92432873,15.94555175,1,1,123.29257796,1
4722,0.56292434,0.59982962,0.53653274,0.61853668,0.64421458,15.39582895,15.47429498,1,1,1244.42799978,1
4723,0.53973926,0.58130284,0.54439084,0.65576247,0.62275195,15.51854433,15.55021562,1,1,170.26262486,1
4724,0.53987718,0.58175188,0.54439811,0.69264576,0.60029695,15.84275717,15.85461386,1,1,100.00160158,1
4725,0.51866801,0.53671051,0.56677482,0.66110159,0.59777228,15.81783779,15.9044933,1,1,518.46365355,1
4726,0.49435883,0.54468744,0.55069929,0.62398323,0.57581683,15.75795805,15.76774582,1,1,1502.13394503,1
4727,0.48618711,0.54908992,0.55715868,0.64839857,0.59290349,15.73906405,15.8659423,1,1,433.7721044,1
4728,0.48091875,0.52648848,0.54371758,0.68198906,0.61102789,15.7797784,15.80182071,1,1,100.00002396,1
4729,0.50425091,0.54653927,0.55228952,0.7171568,0.60994706,15.58934496,15.64626541,1,1,110.33255271,1
4730,0.49615506,0.54171887,0.54378024,0.6728507,0.59299225,15.51014391,15.63197355,1,1,1584.88772468,1
4731,0.49620353,0.54178825,0.54389699,0.62946122,0.57185178,15.20716995,15.3291495,1,1,160.43424939,1
4732,0.5604616,0.57265257,0.54681847,0.63661405,0.5900335,15.61105952,15.67103806,1,1,1314.94660464,1
4733,0.53480089,0.57676465,0.54114827,0.59388925,0.60720066,15.90513192,15.91153231,1,1,1519.93391432,1
4734,0.53886818,0.6016569,0.51640268,0.60798146,0.62487336,15.65446248,15.65483978,1,1,101.78079225,1
4735,0.55883673,0.59074445,0.51631132,0.56640312,0.64233149,15.78679799,15.94105464,1,1,148.63887834,1
4736,0.55904461,0.59031363,0.51617784,0.52533445,0.62113768,15.80328433,15.84454683,1,1,1584.55610604,1
4737,0.55665823,0.53976905,0.53293485,0.56480582,0.60238528,15.67310762,15.69607348,1,1,1499.26927146,1
4738,0.55048681,0.55354194,0.52717621,0.52351156,0.5828652,15.73571352,15.82385201,1,1,1584.80059637,1
4739,0.54161198,0.54254872,0.5203935,0.55111046,0.56295075,15.37141683,15.4601649,1,1,1158.4569242,1
4740,0.5385256,0.57134235,0.53466999,0.58057547,0.54247451,15.10451952,15.14114967,1,1,234.08286022,1
4741,0.52022323,0.566675,0.52260769,0.54962405,0.52163051,15.82819133,15.85252411,1,1,100.78819018,1
4742,0.5199569,0.57033114,0.52717282,0.58861192,0.50174987,15.66945814,15.71872816,1,1,1570.02715022,1
4743,0.52028525,0.57085663,0.52710046,0.62682694,0.48217652,15.80279005,15.87851238,1,1,785.04464897,1
4744,0.47561355,0.56144191,0.55210797,0.58520726,0.502532,15.67435859,15.69487533,1,1,102.09737806,1
4745,0.47660375,0.56934312,0.55627561,0.62341239,0.51724143,15.42143771,15.53682551,1,1,1555.17688757,1
4746,0.48735119,0.5593075,0.5433251,0.58107141,0.53437867,15.44782581,15.53340926,1,1,100.32366257,1
4747,0.50184382,0.55473512,0.55312783,0.619379,0.55322866,15.8588418,15.94972488,1,1,1501.18147767,1
4748,0.48012651,0.53559515,0.52150452,0.57734783,0.57202596,15.93453799,16.09327949,1,1,1578.3680474,1
4749,0.4841856,0.53720647,0.54497481,0.56939002,0.55063127,15.60924696,15.74104748,1,1,1516.4281297,1
4750,0.48410291,0.53566598,0.54493124,0.52874432,0.56958854,15.93439078,15.97727781,1,1,1483.8683542,1
4751,0.43910411,0.57572682,0.57375527,0.56809956,0.57160031,15.91011713,15.95386601,1,1,1584.88605798,1
4752,0.46351944,0.58413848,0.55842694,0.52683504,0.55018268,15.97967505,16.07249927,1,1,100.1062698,1
4753,0.48273443,0.55158457,0.54246538,0.56126673,0.56846432,15.7520411,15.90381615,1,1,101.0457955,1
4754,0.49066656,0.54321096,0.55485076,0.6000316,0.54721911,16.25897057,16.42066178,1,1,1559.63983558,1
4755,0.47682696,0.55495951,0.56104487,0.63789473,0.52669935,15.83878413,15.99003498,1,1,1584.85058555,1
4756,0.47695458,0.55432103,0.56112923,0.59976265,0.5073989,15.01530596,15.04723924,1,1,100.4591333,1
4757,0.45345704,0.60952824,0.59103949,0.63759684,0.52725086,15.30246075,15.37085896,1,1,1582.74259578,1
4758,0.46887858,0.58641137,0.58486741,0.6743131,0.50679973,15.55677316,15.64237277,1,1,144.28105713,1
4759,0.4749639,0.55902409,0.57735974,0.6311468,0.51177228,15.31194811,15.34738282,1,1,1479.73228123,1
4760,0.48193673,0.55174892,0.57251511,0.66332473,0.49226504,15.35518261,15.4915814,1,1,1487.64057873,1
4761,0.47972977,0.57047805,0.56515843,0.62010788,0.49942022,15.39955205,15.48045664,1,1,178.46812732,1
4762,0.47982107,0.57115486,0.56532541,0.65770548,0.47970003,15.66100796,15.74040588,1,1,644.24359536,1
4763,0.43907785,0.60590713,0.57633928,0.69451275,0.47393434,15.5322437,15.6860747,1,1,100.22149203,1
4764,0.45681143,0.58015923,0.58395904,0.72974865,0.45445725,15.65249783,15.65582388,1,1,1532.39077927,1
4765,0.45118272,0.58343749,0.57033375,0.71756773,0.47503786,15.54194217,15.55260375,1,1,650.1763404,1
4766,0.45502652,0.56969476,0.57003178,0.75245868,0.45573927,15.79393026,15.86817519,1,1,102.80863485,1
4767,0.46158876,0.54800825,0.58239917,0.72765502,0.44389804,15.44210958,15.47671858,1,1,1552.67676956,1
4768,0.46513633,0.54805722,0.58621908,0.76310163,0.42502096,15.79074153,15.90184013,1,1,1089.63437073,1
4769,0.46493965,0.54703637,0.58631165,0.76584986,0.4066825,15.8455239,15.93925242,1,1,1119.83588399,1
4770,0.44387131,0.58762746,0.61407099,0.75541638,0.42359747,15.4962304,15.56604183,1,1,100.02593608,1
4771,0.44239453,0.58031187,0.59408041,0.75705792,0.445109,15.80674113,15.90307719,1,1,100.01489738,1
4772,0.46171287,0.58856176,0.59489932,0.76095097,0.42621498,15.8729083,15.95813659,1,1,324.48576005,1
4773,0.48527707,0.56850504,0.59597466,0.71581831,0.42981472,15.65688775,15.68463585,1,1,793.00724843,1
4774,0.48368708,0.56261656,0.5825461,0.70445852,0.41121843,15.56197088,15.62621639,1,1,100.28346322,1
4775,0.48427771,0.56250085,0.58245176,0.73198024,0.43263247,15.62951779,15.70403225,1,1,1563.30249815,1
4776,0.44312693,0.58577704,0.59387353,0.75241649,0.48791803,15.11536517,15.23044509,1,1,1565.54819591,0
4777,0.4438036,0.57834069,0.59037294,0.85847624,0.44069817,15.95992739,16.03647743,1,1,114.85909643,0
4778,0.44605333,0.55998318,0.59527594,0.93572804,0.37352925,15.30971284,15.43929015,1,1,101.12756755,0
4779,0.44956295,0.54707371,0.58242548,0.91151491,0.42479279,15.37997527,15.4086425,1,1,1571.77497084,0
4780,0.45779679,0.54213656,0.59344754,1,0.36339949,15.30142229,15.4031112,1,1,119.27870014,0
4781,0.46188056,0.55232973,0.59868984,1,0.40219145,15.93428817,16.08606118,1,1,318.84266713,0
4782,0.46174138,0.55204856,0.59890844,1,0.3341602,15.55840767,15.70666496,1,1,161.71706846,0
4783,0.47971594,0.52372871,0.50007839,0.87000138,0.3791508,15.82455485,15.95835701,1,1,1566.34501216,0
4784,0.53676789,0.47881291,0.40187353,0.74272675,0.43141943,15.21305507,15.32345689,1,1,1434.15496745,0
4785,0.60765011,0.38803384,0.26281961,0.75639707,0.48655421,15.84087999,15.96961149,1,1,1547.32917475,0
4786,0.65592737,0.33005206,0.14701556,0.87112685,0.42144325,16.17888082,16.2118058,1,1,1584.8319137,0
4787,0.69080095,0.28829932,0.07842248,0.98000872,0.36032801,15.25390569,15.37627993,1,1,102.37561539,0
4788,0.69067247,0.28863589,0.07834692,0.85316055,0.32396414,16.03382728,16.05544079,1,1,276.97526172,0
4789,0.71982806,0.32232788,0.17481967,0.7974967,0.25709135,16.35936731,16.48776677,1,1,100.02105883,0
4790,0.67541873,0.38057569,0.27264316,0.72753449,0.19184967,15.80400349,15.89017087,1,1,145.13228597,0
4791,0.62022149,0.4630597,0.4046714,0.84272525,0.12732236,15.26647359,15.40327905,1,1,100.00683488,0
4792,0.55206919,0.52476852,0.54200231,0.71635042,0.18045096,15.64359224,15.70952679,1,1,100.0486251,0
4793,0.49634103,0.60999349,0.64224591,0.83201245,0.20551396,15.52309408,15.5586855,1,1,1584.19402767,0
4794,0.47346501,0.66107418,0.70782518,0.94537105,0.25887076,15.63815311,15.65243937,1,1,107.3185193,0
4795,0.47364745,0.66155039,0.70787516,0.83387996,0.30976141,15.26089213,15.41096748,1,1,1559.25487371,0
4796,0.46315741,0.60786326,0.6221121,0.94719319,0.26623623,15.63673789,15.75307939,1,1,271.0507458,0
4797,0.48910376,0.56019254,0.53911063,0.8182734,0.31728082,15.50212353,15.5852073,1,1,955.83862339,0
4798,0.51964167,0.46076975,0.42137146,0.69196825,0.25125458,15.64817795,15.7828837,1,1,1583.77493416,0
4799,0.53508546,0.41695582,0.32498323,0.73852374,0.2380681,15.52126652,15.53094288,1,1,100.02132603,0
4800,0.54272299,0.36705096,0.24733393,0.62610208,0.27859099,15.79741769,15.87768005,1,1,984.89394022,0
4801,0.5431613,0.367457,0.24731185,0.50358036,0.33593601,16.06600474,16.15098563,1,1,1552.16719938,0
4802,0.55453383,0.42759784,0.38435415,0.62043825,0.39571307,15.5379594,15.65356594,1,1,1123.92821787,0
4803,0.54389588,0.47917882,0.54539688,0.62911132,0.38687753,15.57170817,15.58392381,1,1,1571.37814058,1
4804,0.47893556,0.56877562,0.71561786,0.66130152,0.36935034,15.67429015,15.76957893,1,1,125.91155462,1
4805,0.45127491,0.63330775,0.85399216,0.62467039,0.36831867,15.62629345,15.71914525,1,1,100.74291706,1
4806,0.43432212,0.69903038,0.96791832,0.58220155,0.35119734,15.46096384,15.50391903,1,1,1498.757226,1
4807,0.43409737,0.69825456,0.96789739,0.61390047,0.33424778,15.32042035,15.44441288,1,1,164.45477449,1
4808,0.41597938,0.75479325,0.99471753,0.64697672,0.35646387,15.24436185,15.30100877,1,1,1579.23172989,1
4809,0.42753064,0.75516983,0.99292709,0.66013313,0.35411302,15.85425451,15.88731994,1,1,103.82378253,1
4810,0.44448298,0.7458675,0.9763514,0.69679819,0.33935312,15.18380756,15.29615272,1,1,1552.81688557,1
4811,0.4673394,0.71533109,0.92598559,0.69548821,0.32280617,15.72698976,15.84805099,1,1,100.00016856,1
4812,0.47172151,0.72461979,0.91633032,0.73153393,0.33582301,15.74956158,15.7804709,1,1,100.02798654,1
4813,0.4776243,0.71117484,0.92742803,0.68690787,0.3220659,15.78451638,15.81634754,1,1,100.28895536,1
4814,0.48729056,0.70230777,0.93700838,0.64317002,0.33860105,15.86679104,15.8819498,1,1,197.09499664,1
4815,0.48707244,0.70096533,0.93682037,0.6803066,0.33031766,15.39034963,15.46423301,1,1,101.22533144,1
4816,0.43659884,0.71611522,0.95295965,0.63704038,0.33465542,16.06411023,16.13812137,1,1,1497.76781737,1
4817,0.43012451,0.69823361,0.94601677,0.62004386,0.34919876,16.07548771,16.13263613,1,1,652.45792667,1
4818,0.44608483,0.68717961,0.95242724,0.65760616,0.37214665,15.70687433,15.8284626,1,1,242.86521388,1
4819,0.45454809,0.7053942,0.9264523,0.67802185,0.35908788,15.4899791,15.59911716,1,1,117.14167345,1
4820,0.44898302,0.66694039,0.91989315,0.70512509,0.37269056,15.21656373,15.30426487,1,1,1552.2375832,1
4821,0.4714569,0.66768458,0.94231967,0.66147788,0.360807,15.5150643,15.56379849,1,1,283.64150669,1
4822,0.47435439,0.66679132,0.90485276,0.67512561,0.34365534,16.05825012,16.17059757,1,1,1429.23365095,1
4823,0.46428719,0.64769131,0.89477757,0.71161472,0.32907221,16.14669117,16.20300381,1,1,482.37015698,1
4824,0.46422549,0.64825683,0.89473086,0.67435345,0.3463472,16.27537671,16.3837406,1,1,324.44820838,1
4825,0.44219753,0.65858295,0.93478074,0.63088456,0.33141378,16.03838654,16.11627623,1,1,658.46109171,1
4826,0.44838566,0.68682794,0.8886987,0.66811397,0.32038559,15.31454219,15.3955534,1,1,106.22012714,1
4827,0.45207273,0.64527189,0.88921089,0.62845727,0.34273075,15.34309016,15.4938057,1,1,305.94372282,1
4828,0.44268449,0.66723908,0.87425241,0.58812735,0.32945817,15.3554294,15.45313737,1,1,955.51853333,1
4829,0.46891648,0.62919053,0.88681342,0.62194825,0.35280683,15.52949258,15.58914777,1,1,100.0010756,1
4830,0.45130807,0.62309322,0.84761493,0.62642044,0.3569937,15.23804684,15.32251358,1,1,101.55561555,1
4831,0.47670324,0.62997439,0.85040411,0.66359465,0.37229914,15.50361698,15.62051544,1,1,336.14600424,1
4832,0.47672401,0.63079575,0.85028126,0.70032042,0.39481527,15.39358449,15.47813156,1,1,419.9357635,1
4833,0.45579729,0.67608185,0.86318696,0.65635833,0.37691939,15.49842352,15.6414975,1,1,261.15172193,1
4834,0.46190564,0.64807248,0.84526734,0.61361176,0.36343421,15.45784603,15.56452541,1,1,1451.65068053,1
4835,0.45295619,0.65606497,0.83005286,0.63125004,0.38527964,15.47947146,15.54730218,1,1,100.66992173,1
4836,0.47902967,0.64243812,0.82007004,0.66745404,0.36757724,15.41015311,15.4853256,1,1,100.00431844,1
4837,0.47131632,0.63325044,0.79968099,0.62685002,0.39008764,15.89865071,16.01603483,1,1,123.8574057,1
4838,0.48420361,0.62246967,0.7869067,0.66266588,0.40611957,15.36356637,15.40807713,1,1,119.36268812,1
4839,0.48413487,0.62238979,0.78673731,0.696997,0.42799718,15.33427764,15.38619108,1,1,1554.02087645,1
4840,0.46082612,0.62490378,0.79497076,0.72831982,0.40944375,15.58374348,15.66402209,1,1,1583.90079942,1
4841,0.4632326,0.62808454,0.81193034,0.68375731,0.41852111,15.52239461,15.6221707,1,1,290.71303835,1
4842,0.45885274,0.62105136,0.79733285,0.71434428,0.42657033,16.02583282,16.04083703,1,1,117.51505853,1
4843,0.47529597,0.62307394,0.75286872,0.67005988,0.44802814,15.49580331,15.61048969,1,1,100.00063027,1
4844,0.48849284,0.59599823,0.7382198,0.69383271,0.46839252,15.6775565,15.70426367,1,1,1584.87228921,1
4845,0.48844657,0.61100423,0.77264149,0.65618183,0.48846871,15.88705304,15.95613536,1,1,100.7843868,1
4846,0.48859057,0.61091965,0.77246621,0.67762265,0.50869058,15.64790566,15.68324636,1,1,152.04582769,1
4847,0.46259801,0.62666069,0.80539213,0.63853438,0.4885184,15.75654924,15.7808856,1,1,1503.84951957,1
4848,0.46838002,0.61839873,0.76934823,0.67454471,0.50869382,15.81268621,15.84506641,1,1,524.80026278,1
4849,0.47755105,0.62504469,0.75109132,0.66191436,0.49639269,16.20942558,16.22339821,1,1,100.07324808,1
4850,0.4975661,0.60943833,0.75584111,0.69867598,0.47646559,16.05459103,16.16513,1,1,1579.81566159,1
4851,0.47777054,0.58883813,0.75738922,0.73195598,0.48564319,15.77688361,15.82331539,1,1,122.07863857,1
4852,0.47790259,0.5904862,0.75720284,0.76731656,0.47251692,15.92206228,16.06241884,1,1,1494.39587184,1
4853,0.42908367,0.62987084,0.77035629,0.7981014,0.49260783,15.38195482,15.45460576,1,1,100.00267289,1
4854,0.44832301,0.59750597,0.775331,0.75664799,0.51269888,15.87650783,15.96111426,1,1,152.25003922,1
4855,0.45883665,0.59908029,0.74865481,0.78125305,0.49732664,15.75989454,15.86946244,1,1,1375.82972919,1
4856,0.46939531,0.57397843,0.76258719,0.73573459,0.51645066,15.82343103,15.86684824,1,1,104.62437539,1
4857,0.46297486,0.56192641,0.74502081,0.69104527,0.52477217,15.3917042,15.50000998,1,1,100.58522634,1
4858,0.45682434,0.5716011,0.75468202,0.64722655,0.50427675,15.8915316,15.91411848,1,1,409.64359504,1
4859,0.46041303,0.57219749,0.7398473,0.63614289,0.48420118,15.8608352,15.87405008,1,1,197.53789696,1
4860,0.46036545,0.57335025,0.73983014,0.63077368,0.4847408,15.84339738,15.85449548,1,1,504.7860513,1
4861,0.47307986,0.651593,0.74258626,0.59643123,0.50282619,16.15086502,16.22096896,1,1,256.34642594,1
4862,0.47567444,0.6236402,0.72427879,0.55628631,0.52234203,15.57416054,15.58079689,1,1,144.34597358,1
4863,0.50273724,0.63002211,0.71528013,0.5161408,0.54137873,15.63487665,15.74332764,1,1,156.59068426,1
4864,0.51217439,0.61134151,0.6930523,0.5558179,0.55758899,15.57145908,15.67816044,1,1,285.77017113,1
4865,0.50042176,0.62245846,0.70991031,0.56609257,0.5408988,15.65066107,15.7960838,1,1,100.39673055,1
4866,0.50032209,0.62219108,0.70992228,0.60476986,0.53335851,16.05735538,16.09860765,1,1,100.00176682,1
4867,0.46539672,0.64981422,0.7334097,0.56272355,0.55268259,15.97275501,16.09580729,1,1,1387.07399015,1
4868,0.48697992,0.62769107,0.73901065,0.52149226,0.53339331,16.04927121,16.08576773,1,1,659.73927822,1
4869,0.49427396,0.62824892,0.69890444,0.50446073,0.51308691,15.55849127,15.68700666,1,1,1514.12403778,1
4870,0.4874625,0.58956548,0.70480233,0.54437151,0.49393825,15.62175444,15.70917137,1,1,157.16876206,1
4871,0.48801505,0.6085187,0.70209169,0.5360611,0.51405927,15.56249841,15.6788747,1,1,169.19372474,1
4872,0.50029441,0.57735775,0.6942069,0.51580222,0.53354406,15.78164898,15.89290446,1,1,100.53187596,1
4873,0.50434452,0.58941185,0.69412688,0.47717321,0.5289525,16.07805621,16.1693859,1,1,1103.85537659,1
4874,0.50410943,0.59053518,0.69409577,0.43890882,0.54429735,15.53976343,15.55858854,1,1,102.37912982,1
4875,0.44796301,0.59085359,0.71516018,0.40013066,0.56264021,15.9604718,15.99121227,1,1,151.2323683,1
4876,0.47288299,0.60754825,0.68847246,0.44211316,0.57620135,16.10814524,16.12303646,1,1,1584.82446711,1
4877,0.45800897,0.59203562,0.71160687,0.48267537,0.59341815,15.88270957,15.89431398,1,1,1510.34742948,1
4878,0.48503711,0.58981837,0.68003359,0.45563258,0.61003835,15.30635966,15.38286842,1,1,1436.36074793,1
4879,0.48272122,0.56654162,0.67904064,0.49289249,0.60019027,15.30784168,15.39974904,1,1,1221.78615941,1
4880,0.48537849,0.57127423,0.67043721,0.50112969,0.618128,15.54855905,15.60793429,1,1,278.29138328,1
4881,0.48507794,0.57129256,0.67050662,0.48025312,0.63576525,15.75960422,15.79703876,1,1,275.12473941,1
4882,0.4661876,0.58609185,0.70423684,0.50345873,0.64879301,15.46454278,15.46497161,1,1,555.40013248,1
4883,0.46258094,0.58851262,0.66329905,0.54328144,0.66575344,15.33517434,15.38017471,1,1,1583.81473385,1
4884,0.45382905,0.57044634,0.67827458,0.53005,0.66191467,15.57373843,15.62426353,1,1,328.77776606,1
4885,0.48372757,0.56258136,0.65794145,0.54726725,0.67867637,15.37174813,15.51001255,1,1,109.87351478,1
4886,0.48271431,0.57061431,0.63942555,0.51808176,0.69503156,15.51140854,15.6007146,1,1,484.90593136,1
4887,0.49056442,0.56387368,0.65075347,0.55572191,0.67430811,15.87827577,15.89016126,1,1,1442.32124983,1
4888,0.49029409,0.56391508,0.65090614,0.59460713,0.68941811,15.99012444,16.03246668,1,1,243.39611164,1
4889,0.46611448,0.58373081,0.66072445,0.63271196,0.70488414,15.76071599,15.83904801,1,1,101.56160663,1
4890,0.46528152,0.57984655,0.64792105,0.66962376,0.68078727,15.38935295,15.53542081,1,1,1571.76241138,1
4891,0.47146646,0.55782027,0.66418562,0.70620151,0.69621547,15.43118326,15.4931266,1,1,101.22220184,1
4892,0.48460423,0.5678141,0.6499809,0.71116773,0.70682533,15.69471707,15.739879,1,1,135.84374797,1
4893,0.4921387,0.56589439,0.64110124,0.73378916,0.68448291,15.41152296,15.55269775,1,1,970.82757412,1
4894,0.49730536,0.53550248,0.63130944,0.69199563,0.66079427,14.98155982,15.03007579,1,1,100.0000702,1
4895,0.49724303,0.53607183,0.63136303,0.65463233,0.63785807,15.89841831,16.05450218,1,1,1501.77572392,1
4896,0.47741989,0.57248234,0.63064499,0.61176433,0.61510523,15.69543816,15.74168534,1,1,160.00367793,1
4897,0.48757831,0.55366736,0.63797097,0.64952321,0.6327958,15.49823372,15.52533395,1,1,942.05467406,1
4898,0.48323017,0.54869055,0.63090612,0.63281341,0.65013985,15.84719019,15.92927222,1,1,1584.89309769,1
4899,0.49648448,0.55013713,0.6067286,0.67001005,0.62714974,15.40242164,15.43621525,1,1,295.93677554,1
4900,0.50381821,0.53676575,0.6003115,0.7066088,0.62388587,16.17956844,16.22316926,1,1,366.95175213,1
4901,0.50371729,0.53720958,0.60023583,0.74141822,0.64139222,15.66562553,15.7313747,1,1,1454.12163657,1
4902,0.46587822,0.54149808,0.60165805,0.6969157,0.62512599,15.8355201,15.90061704,1,1,206.48514433,1
4903,0.45691789,0.54165272,0.60091859,0.65574473,0.64259111,15.70274034,15.7291351,1,1,686.35292444,1
4904,0.4805863,0.53827996,0.61161215,0.69249293,0.62939286,16.01543081,16.11868019,1,1,1581.44569071,1
4905,0.48330529,0.52182218,0.59952321,0.66018358,0.6074926,16.20095401,16.34636403,1,1,1582.6815315,1
4906,0.49176575,0.52036298,0.58612949,0.69697881,0.61853431,15.53341009,15.605067,1,1,382.64480658,1
4907,0.49183982,0.51934425,0.58611004,0.70865703,0.60008469,16.19451264,16.35218188,1,1,208.9827531,1
4908,0.47197798,0.52893629,0.5836161,0.68799031,0.61223349,15.85144237,15.92974151,1,1,623.70251129,1
4909,0.47820704,0.52120334,0.58431096,0.64428305,0.59000162,15.60295513,15.75718081,1,1,133.97441517,1
4910,0.49002668,0.53573942,0.58326008,0.64346268,0.60685132,15.37166492,15.37353063,1,1,1529.883616,1
4911,0.49558998,0.50844045,0.59249793,0.60059685,0.62468875,15.62166341,15.70337249,1,1,1553.61198339,1
4912,0.48645504,0.51373505,0.56977193,0.63750089,0.60282376,15.73101868,15.75010906,1,1,100.0001594,1
4913,0.48650782,0.5139105,0.56977803,0.59509615,0.60773765,15.72934637,15.86015646,1,1,100.00003437,1
4914,0.46296403,0.56623445,0.5792023,0.56569513,0.58915349,16.0044099,16.10932661,1,1,100.37474777,1
4915,0.47118594,0.55491568,0.57456461,0.53098683,0.56862155,15.58560356,15.7066438,1,1,1511.45862623,1
4916,0.49999255,0.52726193,0.55320106,0.49096859,0.56633454,15.69932185,15.7014639,1,1,1584.89314634,1
4917,0.50529536,0.52144965,0.56936295,0.53100629,0.56181701,15.50461904,15.54437848,1,1,1328.8081459,1
4918,0.49462777,0.52182353,0.54984865,0.49062111,0.561317,15.26652963,15.30229972,1,1,100.58563216,1
4919,0.49452397,0.52177951,0.54963375,0.46080078,0.54064594,15.7664892,15.90704954,1,1,577.93869195,1
4920,0.47419258,0.59241335,0.56467208,0.42339381,0.55771292,15.41624786,15.57035473,1,1,109.12474438,1
4921,0.49857504,0.55670822,0.52074472,0.46015869,0.53662515,15.63861886,15.72094661,1,1,674.99113576,1
4922,0.50559679,0.56002418,0.52186783,0.4994638,0.51590668,16.26550146,16.3442935,1,1,108.83764269,1
4923,0.51185207,0.53808519,0.52514476,0.4595999,0.52277782,15.6616153,15.75151993,1,1,108.34625444,1
4924,0.51177674,0.53764306,0.5250146,0.49443405,0.50285679,15.25939584,15.29614668,1,1,100.36382023,1
4925,0.48348719,0.51422045,0.54274438,0.53168639,0.4868418,15.62020882,15.71685007,1,1,146.99010557,1
4926,0.46992326,0.50115423,0.53902024,0.52764899,0.4939091,15.58143928,15.71701247,1,1,110.22356571,1
4927,0.4684279,0.51418824,0.53146254,0.56327066,0.47906354,15.43041456,15.56474383,1,1,653.38416969,1
4928,0.47427235,0.51053584,0.52133561,0.60180663,0.49392202,15.37645194,15.39238054,1,1,103.08478455,1
4929,0.46406172,0.49409995,0.52306627,0.55978488,0.47418232,15.9601349,15.98239118,1,1,189.58422332,1
4930,0.46406171,0.49504681,0.52304791,0.59434276,0.494596,15.40878061,15.49418933,1,1,564.36260761,1
4931,0.50231666,0.58697489,0.52892764,0.62314507,0.49466807,15.8543807,15.95267659,1,1,1574.42309742,1
4932,0.52431908,0.59139927,0.54047304,0.66068217,0.51477468,15.60743992,15.71116851,1,1,100.0091235,1
4933,0.52309917,0.59040656,0.52197281,0.69000962,0.49661295,15.3182996,15.40196938,1,1,100.87116341,1
4934,0.52500031,0.5842864,0.5282817,0.64767226,0.5054987,15.61910623,15.69463071,1,1,115.95281818,1
4935,0.52771913,0.56233067,0.52645888,0.68426711,0.52538862,15.65231768,15.79712414,1,1,493.02502241,1
4936,0.52782414,0.56393222,0.5262464,0.71913879,0.50488868,15.51105776,15.53929021,1,1,100.35837511,1
4937,0.51458921,0.53717977,0.53623275,0.67520954,0.50983603,16.00750067,16.07883469,1,1,100.32519014,1
4938,0.50595863,0.53431251,0.55109576,0.6900142,0.52963902,15.34890051,15.37087989,1,1,104.26330832,1
4939,0.50101281,0.54251061,0.53963379,0.65544947,0.50905892,15.92084969,15.94877344,1,1,320.83591812,1
4940,0.50361396,0.51738981,0.5305575,0.61234258,0.49551033,15.84848101,15.9469415,1,1,100.0031868,1
4941,0.49173326,0.51929306,0.54508376,0.58730318,0.49321751,16.24055038,16.37312946,1,1,115.79506539,1
4942,0.49207337,0.51949156,0.5451909,0.5482876,0.47335723,15.99847842,16.00686477,1,1,100.00874269,1
4943,0.44070397,0.51656684,0.54549154,0.58729815,0.49388998,16.50361162,16.53191356,1,1,103.29813149,1
4944,0.4491384,0.50877608,0.54794123,0.54558779,0.50719167,15.82946178,15.97591618,1,1,1584.83275058,1
4945,0.46434685,0.52007866,0.5659055,0.55525448,0.52348779,15.73282783,15.7911061,1,1,209.98054841,1
4946,0.46282417,0.51043882,0.545827,0.51571057,0.50302956,15.96433505,16.03440109,1,1,1584.76627046,1
4947,0.46408928,0.5102615,0.55780934,0.4916557,0.52290549,15.23150259,15.2528924,1,1,452.02983253,1
4948,0.46393746,0.51061279,0.5580294,0.53120945,0.53944393,15.38237632,15.51459356,1,1,204.88719923,1
4949,0.51760499,0.56719162,0.55626727,0.55470475,0.52432254,15.48265375,15.53552714,1,1,100.36520996,1
4950,0.52880322,0.58853337,0.57759132,0.59106451,0.5438352,15.63508581,15.64738034,1,1,1580.76249783,1
4951,0.53211896,0.59250661,0.56174043,0.62924321,0.56272697,15.66261108,15.78204476,1,1,1583.63843326,1
4952,0.54885553,0.59606432,0.55619754,0.61396101,0.58052415,15.29456055,15.41462542,1,1,1078.19486811,1
4953,0.53462148,0.59771973,0.57628969,0.57462887,0.59650069,16.4134774,16.52861643,1,1,100.13942734,1
4954,0.5345796,0.59779181,0.57632003,0.5331397,0.61444582,15.77277746,15.83027561,1,1,583.62200848,1
4955,0.48422974,0.59146929,0.58932272,0.52967915,0.59673365,16.0712255,16.22753166,1,1,100.00792578,1
4956,0.48922245,0.5674352,0.58435715,0.53885539,0.61307465,15.62301163,15.6610365,1,1,1412.36737971,1
4957,0.481748,0.56195669,0.5977115,0.4981115,0.63077523,15.50684652,15.64295889,1,1,1566.29856976,1
4958,0.50557598,0.56242682,0.59719931,0.46103232,0.60908318,15.02688357,15.06909435,1,1,498.85120385,1
4959,0.49200902,0.55278366,0.58488184,0.48125557,0.62680067,15.51112908,15.64660357,1,1,100.06344678,1
4960,0.48919462,0.54911209,0.57096394,0.47716293,0.63808918,15.12746946,15.20938025,1,1,109.0478935,1
4961,0.49406857,0.54424024,0.57079239,0.51759963,0.61790604,15.58325975,15.5880148,1,1,1092.36895048,1
4962,0.49408723,0.54454271,0.57074757,0.47727245,0.59571642,15.30543484,15.33402908,1,1,1581.55052153,1
4963,0.44909687,0.59406063,0.5918746,0.44171232,0.58891237,16.0698525,16.22382521,1,1,137.46043568,1
4964,0.4790269,0.59050461,0.5885368,0.47702684,0.6069304,15.28848585,15.35883906,1,1,580.27429047,1
4965,0.47885059,0.56072157,0.57934942,0.46378986,0.6247879,15.91818744,15.97379569,1,1,1035.85728911,1
4966,0.48891071,0.55454671,0.57873955,0.50431314,0.64194809,15.6731261,15.73798927,1,1,100.05214434,1
4967,0.50506814,0.55970109,0.57537729,0.46422745,0.65881127,15.75337301,15.89063461,1,1,1545.94678973,1
4968,0.50522278,0.55959717,0.57544065,0.42553808,0.63763022,15.53756543,15.66398518,1,1,1513.62592715,1
4969,0.48865079,0.55327769,0.57152155,0.43029596,0.65444779,15.63767045,15.77760938,1,1,106.30241354,1
4970,0.47871416,0.5688526,0.56626455,0.40200113,0.65319302,15.52820832,15.58400153,1,1,1569.90767369,1
4971,0.48351692,0.56151546,0.56541532,0.42292667,0.63013945,15.95151754,16.07968008,1,1,1101.09329798,1
4972,0.50026223,0.54413792,0.57234816,0.39164691,0.64314235,15.41402658,15.52909039,1,1,1431.84638901,1
4973,0.48526296,0.53153692,0.57747038,0.35692376,0.62135854,15.49033927,15.63910992,1,1,951.15469345,1
4974,0.48550538,0.53096074,0.57750794,0.32081608,0.60342223,15.60087106,15.6517277,1,1,442.94515274,1
4975,0.53047534,0.62107718,0.58076715,0.36439974,0.58141473,15.98087659,16.01135241,1,1,1238.0792628,1
4976,0.53960698,0.61196715,0.56803033,0.40593265,0.59971915,15.74097885,15.80595953,1,1,1369.92376809,1
4977,0.53678294,0.62678624,0.57205039,0.42436012,0.57921698,15.49655451,15.61505332,1,1,1471.70104453,1
4978,0.55586489,0.60424041,0.56589574,0.38823035,0.5610153,15.4107966,15.55334402,1,1,746.72043746,1
4979,0.56713476,0.61439635,0.54636313,0.40905866,0.57820409,15.58593063,15.6569185,1,1,1583.86522647,1
4980,0.56717944,0.61484677,0.54604856,0.37186506,0.5568089,15.54404891,15.68582772,1,1,465.23216031,1
4981,0.53785722,0.60551108,0.56587313,0.40625042,0.56987902,16.30931966,16.37498398,1,1,131.99054843,1
4982,0.52364944,0.59211202,0.57179433,0.36814346,0.56754343,15.5624472,15.6151343,1,1,100.27090971,1
4983,0.52986614,0.57568528,0.56124441,0.40545861,0.54619265,15.98207735,16.09445613,1,1,948.64519616,1
4984,0.54346035,0.56428018,0.56529885,0.44617994,0.54067492,15.75133569,15.88797926,1,1,187.58984,1
4985,0.5293964,0.58961559,0.54954317,0.408824,0.55963314,15.27148689,15.38168585,1,1,101.06797764,1
4986,0.51893304,0.56568993,0.56728095,0.37337461,0.54092047,15.84330463,15.92747552,1,1,100.32122849,1
4987,0.52692172,0.56620704,0.54173815,0.39471793,0.56002959,15.45628487,15.47979806,1,1,101.93781171,1
4988,0.52702656,0.56646867,0.54170906,0.3995613,0.54474455,15.69029792,15.69759472,1,1,452.21790121,1
4989,0.49614999,0.54643698,0.55381992,0.44156784,0.56381837,15.34646705,15.48397688,1,1,130.61847325,1
4990,0.48877445,0.5307545,0.54650922,0.41473829,0.58176805,15.38622595,15.43800789,1,1,1569.03483429,1
4991,0.48089511,0.54948345,0.56296036,0.37712897,0.56059677,16.16531382,16.25828627,1,1,174.84863098,1
4992,0.49621289,0.54218321,0.54671028,0.33980129,0.57591311,15.47815924,15.49631531,1,1,100.00000072,1
4993,0.48736955,0.54462864,0.54519272,0.3626017,0.55440132,15.57074624,15.66724472,1,1,100.40849256,1
4994,0.47699925,0.53864657,0.54643046,0.32559125,0.53431572,15.79968424,15.94789625,1,1,779.95925427,1
4995,0.47737081,0.5380015,0.54657077,0.30439274,0.51394259,15.54071654,15.54654097,1,1,108.82555686,1
4996,0.46536696,0.60016854,0.57005129,0.26831567,0.53316596,15.83939194,15.88173375,1,1,100.00494647,1
4997,0.48198764,0.6021351,0.56056306,0.31294655,0.55238974,15.90103242,15.98858873,1,1,100.08590441,1
4998,0.49973625,0.57626537,0.54676565,0.27668776,0.56093499,15.47574324,15.54127056,1,1,1550.92579178,1
4999,0.51018412,0.56569689,0.5451067,0.32109964,0.57673196,15.60705005,15.63196862,1,1,148.46858509,1
