#,head_p,head_y,head_r,gaze_x,gaze_y,diameter_l,diameter_r,open_l,open_r,gvd,act,qoe,quality,cyb,fat,imm
0,0.49553934,0.47015103,0.49968626,0.50119812,0.48575373,6.80779435,6.85858964,1,1,101.09128877,1,2,4_stalls,med,med,low
1,0.59196978,0.56871836,0.49708239,0.54063733,0.47209223,10.12810049,10.15762543,1,1,1168.17967334,1
2,0.62577959,0.65987754,0.49350704,0.57889092,0.489593,10.08047256,10.12519575,1,1,175.98268366,1
3,0.67953172,0.72650855,0.48971708,0.61731137,0.46993501,10.31805784,10.37222743,1,1,1271.67395961,1
4,0.69404014,0.80088688,0.50473065,0.61831649,0.49053554,9.98326126,10.01505552,1,1,102.59057278,1
5,0.69407835,0.7971508,0.50504343,0.64418729,0.51071544,10.14702346,10.20722997,1,1,399.27914681,1
6,0.6955938,0.74708139,0.50707723,0.60130355,0.53049489,10.18075707,10.24257172,1,1,102.67004369,1
7,0.68959931,0.77535459,0.51510446,0.62880095,0.51207171,10.51901662,10.54895183,1,1,362.40953523,1
8,0.67780786,0.74727501,0.52289125,0.58627931,0.49184195,10.24848667,10.32739626,1,1,1490.82047538,1
9,0.65139503,0.7636137,0.52033873,0.54455372,0.47244317,10.01338158,10.03461993,1,1,473.77802256,1
10,0.62067367,0.74942333,0.53133031,0.50366265,0.45299549,10.01849537,10.03442406,1,1,268.49580541,1
11,0.61138622,0.75404363,0.50570668,0.54358142,0.47392262,10.2682059,10.3055228,1,1,194.57194003,1
12,0.63155874,0.7240743,0.50434155,0.52876228,0.45449531,10.24229679,10.32967632,1,1,141.56031276,1
13,0.62212413,0.73804865,0.52641079,0.49517178,0.43540639,10.0764248,10.14830563,1,1,398.39200648,1
14,0.62065506,0.72531414,0.52232254,0.53412145,0.45669823,10.3489783,10.42280262,1,1,105.80432182,1
15,0.62153604,0.7223202,0.52244443,0.50407897,0.44743944,10.09905056,10.1954949,1,1,139.33399059,1
16,0.61567959,0.67313013,0.53142691,0.54378016,0.43009524,10.22426115,10.22990245,1,1,568.4592975,1
17,0.6002497,0.69804284,0.52408299,0.5094356,0.42467103,10.25730232,10.31460975,1,1,1490.97229459,1
18,0.60929592,0.67609753,0.54363146,0.54880802,0.44545355,10.52954096,10.57883635,1,1,106.33315989,1
19,0.58764753,0.6872816,0.54359824,0.56443094,0.42654449,10.20315382,10.23980075,1,1,119.76593441,1
20,0.56802796,0.66653233,0.54336879,0.60313844,0.40801737,10.14804805,10.24638593,1,1,332.84633515,1
21,0.55341698,0.6856681,0.55013393,0.56108377,0.42453627,10.27163875,10.3576952,1,1,875.35707564,1
22,0.55564834,0.70289414,0.53987854,0.59984647,0.44604549,9.94203734,9.96587243,1,1,359.90043636,1
23,0.53691615,0.66784053,0.52570826,0.63019214,0.42712458,10.32040541,10.34351812,1,1,408.56465743,1
24,0.53654205,0.66711525,0.52582718,0.66751635,0.44230979,10.27077402,10.33655968,1,1,105.71598931,1
25,0.5098934,0.64984495,0.53045355,0.62467133,0.42367396,10.13178879,10.22924648,1,1,201.02997152,1
26,0.49781062,0.6686553,0.53276404,0.66213361,0.41755321,10.41109227,10.41520399,1,1,997.34768655,1
27,0.50596093,0.65567751,0.52479011,0.663038,0.42117595,10.09985473,10.12224934,1,1,134.15494693,1
28,0.49092771,0.65714634,0.55072761,0.64037374,0.44186806,10.10046472,10.14326153,1,1,320.16181868,1
29,0.50487809,0.6243453,0.52688871,0.63639888,0.46293342,10.26553667,10.31774814,1,1,135.64103084,1
30,0.50937185,0.64436456,0.53824453,0.59399108,0.4455274,10.21145789,10.28646677,1,1,941.773095,1
31,0.49238039,0.63837936,0.53922467,0.63208095,0.42670061,10.2400599,10.27832929,1,1,105.02973632,1
32,0.49282289,0.6376697,0.5388717,0.66924843,0.4481665,10.05688474,10.072132,1,1,550.66653556,1
33,0.45119112,0.65393261,0.55700128,0.62595162,0.42920463,10.32855105,10.33060208,1,1,188.98794476,1
34,0.47113467,0.62439031,0.5376187,0.6514214,0.41111336,10.47970476,10.51441487,1,1,638.25906278,1
35,0.47379271,0.61621182,0.53231912,0.60839298,0.43277614,10.20596765,10.23206471,1,1,129.52096828,1
36,0.47696971,0.61182715,0.52659886,0.56751887,0.45405751,10.36610856,10.3861946,1,1,370.22622022,1
37,0.47646324,0.61204081,0.52661649,0.60616849,0.47497636,10.24549399,10.25263163,1,1,1216.66321224,1
38,0.46816299,0.64614244,0.54897608,0.64380369,0.45643751,10.42167497,10.42580884,1,1,642.7902706,1
39,0.48040892,0.66555069,0.52536445,0.67746429,0.43730882,10.48487761,10.5635287,1,1,176.96026387,1
40,0.4915133,0.65696449,0.53074473,0.63392575,0.45831546,10.16067125,10.25780759,1,1,104.6972396,1
41,0.48848361,0.63499603,0.5401408,0.59125479,0.47887045,10.24852708,10.25620594,1,1,198.41013513,1
42,0.50780438,0.62043058,0.54459136,0.5494298,0.49929304,10.2367139,10.31384258,1,1,263.61693292,1
43,0.50026522,0.60134816,0.52913116,0.5883986,0.47930718,10.16202889,10.23783598,1,1,347.40790293,1
44,0.50046607,0.60281592,0.52905949,0.62663063,0.45973136,10.11822675,10.17057947,1,1,156.59968118,1
45,0.47565736,0.63591069,0.55544498,0.58417587,0.44083273,10.15614842,10.19753459,1,1,1272.25177896,1
46,0.46679993,0.61045405,0.55074204,0.55904672,0.43512695,10.22088398,10.23850702,1,1,100.31254427,1
47,0.49074307,0.6144894,0.54374954,0.51786732,0.45641864,10.24155382,10.34335798,1,1,187.60616434,1
48,0.48582841,0.57648709,0.54913739,0.47750999,0.47727209,10.08917672,10.0899546,1,1,262.20851314,1
49,0.48351276,0.59588686,0.5242919,0.43812381,0.4976964,10.16690219,10.20720736,1,1,204.98640711,1
50,0.48331247,0.59085322,0.5466152,0.4013503,0.4777654,10.41132122,10.42462389,1,1,341.10168692,1
51,0.4830234,0.59581413,0.54668191,0.36332333,0.45821009,10.30801182,10.3580178,1,1,722.20456253,1
52,0.42785932,0.60910566,0.55149973,0.34631259,0.43977004,10.32871688,10.40044605,1,1,1034.76433631,1
53,0.44491301,0.61157911,0.57647831,0.38341738,0.42254123,10.04205403,10.08069664,1,1,168.95081484,1
54,0.44061951,0.59167184,0.57641716,0.42574885,0.44408847,10.03620722,10.06527749,1,1,244.17441944,1
55,0.44850346,0.59336538,0.56847596,0.46460815,0.4652067,10.25891964,10.31197674,1,1,127.32167698,1
56,0.47252192,0.57100176,0.5629438,0.49757587,0.47648394,9.79766173,9.8799359,1,1,265.60966438,1
57,0.48440089,0.57912977,0.54701003,0.53696247,0.49695426,9.85163905,9.94105524,1,1,160.59267205,1
58,0.48808471,0.5848662,0.5409264,0.56257499,0.47797191,10.22156866,10.24480747,1,1,144.11102443,1
59,0.48852636,0.58385583,0.54084305,0.52225366,0.45841247,10.20163545,10.30311219,1,1,903.36865692,1
60,0.45517079,0.61328986,0.5444808,0.49863877,0.45940966,10.30814843,10.35981182,1,1,411.83782757,1
61,0.45436647,0.60282609,0.55298648,0.45874752,0.44243167,10.36465723,10.37317679,1,1,1051.28639759,1
62,0.45784064,0.57020001,0.56966477,0.49657435,0.43529625,10.0592139,10.07200247,1,1,1312.99508009,1
63,0.47062832,0.5688365,0.54975333,0.47308302,0.45659028,10.18566343,10.18641981,1,1,1110.65259483,1
64,0.47698937,0.56053386,0.55693047,0.51356889,0.47262187,10.52795772,10.55761062,1,1,441.67383167,1
65,0.48437738,0.56925611,0.56012035,0.4733369,0.45323919,10.02973027,10.10298751,1,1,243.75622564,1
66,0.48562502,0.56332308,0.54918309,0.51326334,0.43440612,10.34206675,10.39145607,1,1,714.36625692,1
67,0.48596273,0.56397304,0.54944341,0.47305682,0.45571798,10.02749057,10.05476009,1,1,869.91092325,1
68,0.46806788,0.56927413,0.55070408,0.51198215,0.43660471,10.24088835,10.25131174,1,1,179.77991483,1
69,0.45806459,0.5609289,0.57095717,0.47174251,0.45748652,10.19558728,10.23078613,1,1,151.99357524,1
70,0.47227149,0.56841724,0.56059621,0.45524804,0.44026926,10.10779205,10.13607902,1,1,252.89060492,1
71,0.46768209,0.55629436,0.57460355,0.42382388,0.42157598,10.3008426,10.36036842,1,1,203.45313789,1
72,0.46280243,0.53614209,0.55458922,0.38599257,0.44313397,9.9832876,10.01779332,1,1,1360.6683934,1
73,0.48569046,0.54678867,0.54642693,0.4282702,0.45664107,10.15838418,10.19778791,1,1,294.24642845,1
74,0.47559759,0.5198935,0.57298865,0.4697048,0.47706785,10.10367678,10.16135214,1,1,1046.24468014,1
75,0.48947388,0.52687468,0.56473657,0.49375153,0.45754771,10.344522,10.39584884,1,1,1251.22928939,1
76,0.48943385,0.52495495,0.56457972,0.53387583,0.47832054,10.1393768,10.21297946,1,1,1077.39900086,1
77,0.45178737,0.52806989,0.56980668,0.4932014,0.49821983,9.97643133,10.06322717,1,1,106.96233926,1
78,0.45895662,0.51811728,0.57034954,0.45492703,0.4782741,10.29069123,10.30932977,1,1,111.72115475,1
79,0.45980162,0.51210199,0.56775182,0.49580277,0.49555171,10.46763269,10.53390582,1,1,1480.59350653,1
80,0.45173438,0.51472241,0.57641571,0.53588605,0.51104464,10.0579302,10.08975387,1,1,243.67925874,1
81,0.47010875,0.51248648,0.57481122,0.49520095,0.53080794,10.19405937,10.28136247,1,1,103.09103579,1
82,0.46235135,0.49142674,0.5562763,0.45530699,0.51221697,9.98761155,9.99562979,1,1,945.30560933,1
83,0.48739812,0.48526954,0.5864936,0.41627999,0.49467286,10.35643401,10.43253995,1,1,182.16126385,1
84,0.48706083,0.48283422,0.58667083,0.45795379,0.47477966,9.88806588,9.96151724,1,1,122.09474916,1
85,0.45945375,0.51868918,0.60382519,0.41879474,0.45528466,10.30707074,10.38980387,1,1,502.39669737,1
86,0.45943446,0.51581762,0.57880592,0.38130893,0.43638269,10.12746225,10.20575456,1,1,327.83609186,1
87,0.46608975,0.48757469,0.58950403,0.42273796,0.45601427,10.35262609,10.36036085,1,1,105.82533764,1
88,0.49376521,0.48006401,0.5628782,0.38441942,0.4372785,10.24034088,10.28062054,1,1,1004.64065866,1
89,0.48520317,0.48591553,0.56733127,0.4247764,0.41853293,10.14775564,10.20324363,1,1,1410.96109335,1
90,0.48492337,0.48677906,0.56687649,0.46627833,0.40207941,10.29900463,10.32383494,1,1,137.80522974,1
91,0.55923394,0.5573237,0.59735703,0.50693422,0.42398414,10.32741038,10.35683863,1,1,784.29887771,1
92,0.54585626,0.54013641,0.56370354,0.46679741,0.44022493,9.90660741,9.9758202,1,1,160.99581635,1
93,0.54795384,0.56430157,0.58166968,0.42981829,0.44782285,9.95099541,10.01821341,1,1,106.12108297,1
94,0.54618046,0.57742195,0.57765174,0.3949201,0.45502806,9.97460732,9.98009269,1,1,343.65902637,1
95,0.55435621,0.55055934,0.56185563,0.4370199,0.43592752,10.29730701,10.37495725,1,1,123.27078154,1
96,0.56696772,0.55476635,0.58714742,0.47513445,0.41726714,10.02545488,10.06000159,1,1,183.31830565,1
97,0.56732581,0.5575148,0.58711628,0.51563176,0.43891335,10.13985762,10.17381876,1,1,302.88775062,1
98,0.53915016,0.52460658,0.61156435,0.55531761,0.46013505,10.29701828,10.36731248,1,1,187.29678204,1
99,0.54223596,0.53595014,0.58702167,0.51457301,0.48093199,10.44154943,10.54445258,1,1,145.72805792,1
100,0.52568384,0.51576335,0.61425122,0.54381213,0.47062492,10.16978922,10.19538841,1,1,196.87700041,1
101,0.50999416,0.50880119,0.60750283,0.50321858,0.451261,10.14879057,10.20281548,1,1,184.67411416,1
102,0.50449072,0.52435529,0.58242079,0.46315425,0.47223439,10.46324656,10.55970414,1,1,161.05146923,1
103,0.51596993,0.51230961,0.57612303,0.4238913,0.47518142,10.1039673,10.16543926,1,1,507.47166296,1
104,0.50816833,0.4980889,0.57407749,0.46525372,0.49068236,10.13256792,10.23267602,1,1,110.34189692,1
105,0.50823381,0.50066735,0.57417535,0.42594872,0.47096356,10.33352871,10.40840954,1,1,219.52732202,1
106,0.56992434,0.49988647,0.60148237,0.40308096,0.49154428,10.06026638,10.07847856,1,1,102.04006729,1
107,0.57369677,0.51256946,0.59000675,0.3682048,0.47171339,10.35149261,10.36563635,1,1,118.33786005,1
108,0.56056127,0.53325376,0.57132613,0.33831349,0.45228586,10.46086003,10.54508034,1,1,122.72542163,1
109,0.54212791,0.52993251,0.59524146,0.38143745,0.43325985,10.37079684,10.40987182,1,1,149.03255011,1
110,0.5388149,0.56142849,0.58456932,0.42380375,0.43056061,9.95417144,9.9741604,1,1,1123.61037822,1
111,0.5535957,0.53818081,0.57077909,0.46532767,0.43089559,10.39395324,10.40833387,1,1,106.78455568,1
112,0.55353692,0.53907277,0.57115216,0.50494257,0.41227769,9.97593387,9.9802797,1,1,125.64075738,1
113,0.54289421,0.51000543,0.58979967,0.54484372,0.43401572,9.78694017,9.83023984,1,1,117.97583195,1
114,0.54839926,0.50024692,0.58609332,0.50400636,0.45532978,10.29530259,10.31806913,1,1,326.22970539,1
115,0.51352435,0.50384958,0.58225776,0.46392708,0.47621767,10.42477827,10.49972951,1,1,1282.02239241,1
116,0.5119386,0.50337936,0.58933251,0.42473727,0.45669334,10.24393645,10.27691267,1,1,126.78381122,1
117,0.51078912,0.4976435,0.55670164,0.39333542,0.43755955,10.40450452,10.44267131,1,1,1516.65490406,1
118,0.51761229,0.51631395,0.5584597,0.35848962,0.45880836,10.38339986,10.3939859,1,1,425.02982653,1
119,0.5176944,0.51488982,0.55879527,0.40131339,0.43963219,10.20897474,10.2229414,1,1,110.7943394,1
120,0.56894422,0.47118884,0.58580004,0.41722505,0.42083955,9.93380347,9.99083177,1,1,1136.85904768,1
121,0.56713297,0.49688066,0.58071117,0.4490516,0.43900701,10.42313107,10.42786937,1,1,180.92476864,1
122,0.54911026,0.50890911,0.54373086,0.41093597,0.42044455,10.01799219,10.07591857,1,1,149.76842654,1
123,0.53335192,0.52309076,0.5667123,0.37775962,0.40203569,10.17316696,10.21993156,1,1,106.69857251,1
124,0.51320281,0.52184248,0.55233654,0.40542769,0.41940549,9.85677005,9.9297511,1,1,889.33724786,1
125,0.5133203,0.52167934,0.55202588,0.44731588,0.44097524,10.58074521,10.58884424,1,1,1167.25449766,1
126,0.46606274,0.52603614,0.57561372,0.48835835,0.46215565,10.31788207,10.37314707,1,1,101.51405822,1
127,0.48485227,0.52506802,0.57507472,0.52752437,0.47611071,10.21987658,10.31961069,1,1,631.14768298,1
128,0.4672139,0.52340088,0.5487669,0.56366866,0.4641863,10.02572042,10.08866823,1,1,543.28313732,1
129,0.47600851,0.50788017,0.55068842,0.53453158,0.44511058,10.20920846,10.30341459,1,1,371.4164786,1
130,0.49606719,0.49497792,0.56181518,0.49385544,0.42621183,10.02221577,10.10459321,1,1,1478.14297542,1
131,0.49287257,0.50074486,0.56811612,0.53397819,0.447514,10.11420204,10.13765909,1,1,185.37225122,1
132,0.49198194,0.4994486,0.56839831,0.57310102,0.46856368,9.9754516,10.05352697,1,1,190.93038823,1
133,0.48011151,0.52222009,0.57556342,0.53163942,0.48801566,9.9682312,9.97049209,1,1,1356.41186876,1
134,0.47842935,0.53484308,0.56900867,0.57048384,0.50573183,10.11381875,10.20643549,1,1,146.74578563,1
135,0.48823288,0.52268765,0.57506175,0.60903134,0.52511323,10.26009635,10.31569727,1,1,128.72868369,1
136,0.50587724,0.49495669,0.58192028,0.6455635,0.5140253,10.26687169,10.33803993,1,1,1414.89142512,1
137,0.50813312,0.49710141,0.57193412,0.60265231,0.49751339,9.95044834,9.991112,1,1,519.33851831,1
138,0.50846607,0.49803356,0.57153354,0.56273034,0.50614076,9.91196609,9.97945419,1,1,122.99383452,1
139,0.58153978,0.49765143,0.57826276,0.59446813,0.48601796,10.27226153,10.32831162,1,1,254.46607211,1
140,0.56800632,0.50644467,0.58315946,0.552579,0.46629792,10.49855523,10.56748126,1,1,1129.7286055,1
141,0.57448589,0.52161219,0.56328703,0.53394917,0.48694423,9.97378309,10.03928686,1,1,104.87498479,1
142,0.55603258,0.5385915,0.57234467,0.548882,0.46720541,10.17976142,10.2642158,1,1,806.33165325,1
143,0.5576934,0.54689718,0.54872633,0.50923714,0.44791208,9.98700375,9.99650835,1,1,125.42728564,1
144,0.5576561,0.5459137,0.54868177,0.4690524,0.46848469,10.50723413,10.5557866,1,1,1171.90625025,1
145,0.58797231,0.50759974,0.55244233,0.44886456,0.48909822,10.52139434,10.60708937,1,1,158.61920944,1
146,0.5951693,0.50568846,0.56782706,0.48948306,0.50375162,10.19315919,10.20201281,1,1,154.11746414,1
147,0.56969268,0.51720042,0.54744317,0.52969037,0.52362118,10.57173057,10.66183742,1,1,103.85818198,1
148,0.55904316,0.51637187,0.55607083,0.5567529,0.50315208,10.38872728,10.41860917,1,1,102.57871505,1
149,0.5479502,0.52427026,0.55774867,0.51562468,0.48314762,10.2825022,10.33358556,1,1,435.66431967,1
150,0.55071933,0.5433079,0.54776952,0.48385631,0.50348459,9.99167522,10.0372609,1,1,236.89825364,1
151,0.55059764,0.54383511,0.54763311,0.52415218,0.4834157,10.07843451,10.10679546,1,1,961.04256909,1
152,0.529648,0.50373359,0.54744331,0.48367001,0.50374737,9.98417457,10.07277104,1,1,116.06540812,1
153,0.53719169,0.52307209,0.5625819,0.44399661,0.48473621,10.00012399,10.05615395,1,1,674.9518715,1
154,0.52165717,0.49797448,0.56756613,0.48499571,0.46506373,10.24006365,10.27127565,1,1,114.35516608,1
155,0.50653073,0.49302873,0.57373952,0.52529579,0.44576246,9.57929645,9.64999711,1,1,142.37122109,1
156,0.50736002,0.49630255,0.55983099,0.56478956,0.42766728,10.18923535,10.19763132,1,1,169.90912427,1
157,0.5062881,0.50018034,0.54195986,0.53050197,0.44911375,10.61498634,10.70669963,1,1,489.1692599,1
158,0.50680137,0.49912172,0.54195394,0.56989193,0.43036546,10.44341628,10.52278064,1,1,183.17325445,1
159,0.5546636,0.51590459,0.54085316,0.59030953,0.45171052,10.41140801,10.46637049,1,1,791.63046794,1
160,0.55310391,0.51328531,0.55448426,0.62614764,0.43267672,10.23778335,10.32279872,1,1,551.70558993,1
161,0.5553765,0.52801544,0.56292456,0.64528547,0.41535911,10.16345583,10.1852975,1,1,522.43982217,1
162,0.53835331,0.52349596,0.54066143,0.67795934,0.39852457,10.37903611,10.48156545,1,1,103.62046787,1
163,0.5300048,0.54156952,0.53072345,0.70260721,0.38208411,10.28358137,10.3656723,1,1,261.1289622,1
164,0.53015012,0.54294352,0.53045983,0.73855507,0.40444243,10.21839582,10.26919699,1,1,131.92320911,1
165,0.48320421,0.52777416,0.55377702,0.72729666,0.42635358,10.24885272,10.32842629,1,1,152.23013535,1
166,0.48130161,0.53302206,0.53147514,0.68275073,0.44014189,10.25565683,10.29445011,1,1,1474.6942783,1
167,0.49496231,0.51653761,0.55483377,0.63909572,0.42653737,9.84689354,9.91785467,1,1,101.4873561,1
168,0.50106569,0.51042518,0.53056431,0.67631381,0.42516971,10.34312711,10.38517405,1,1,456.5913959,1
169,0.49128773,0.50268361,0.54106159,0.71278753,0.41533798,10.26269864,10.30004398,1,1,111.40150557,1
170,0.49614179,0.4940605,0.53971557,0.66853178,0.39703168,10.24032628,10.33588964,1,1,132.02186334,1
171,0.49214171,0.49035666,0.53482734,0.68902311,0.37926331,10.41197793,10.46023776,1,1,513.96953648,1
172,0.49220602,0.48939395,0.53483091,0.71955014,0.36167816,10.32332399,10.41255003,1,1,177.19843843,1
173,0.55663731,0.50573633,0.56380915,0.67515914,0.35068147,10.27825497,10.36735513,1,1,862.3200562,1
174,0.54148127,0.53520316,0.55017235,0.63165596,0.37360388,10.04644471,10.10944714,1,1,127.67459749,1
175,0.55214464,0.51948104,0.53987895,0.58928818,0.39613177,10.13930248,10.1761383,1,1,823.3442877,1
176,0.55572001,0.54286238,0.53014081,0.54750242,0.37821048,10.0845684,10.09705219,1,1,149.78361586,1
177,0.53150015,0.55038963,0.55222575,0.55576628,0.40045311,10.23103657,10.3311352,1,1,676.90030401,1
178,0.52633493,0.5351466,0.55429688,0.5945974,0.38245439,10.43258067,10.44169562,1,1,632.18147239,1
179,0.5263524,0.53615663,0.55459689,0.5527056,0.36480589,10.00748744,10.09861366,1,1,706.06134944,1
180,0.54259049,0.48682009,0.56267149,0.5895419,0.34751215,10.41084196,10.50846893,1,1,237.24885526,1
181,0.52656449,0.51771173,0.54823004,0.589237,0.37009847,9.95156908,9.99726629,1,1,160.95671458,1
182,0.52700747,0.50805994,0.56304124,0.54746957,0.35270427,10.14789402,10.18981124,1,1,106.71123695,1
183,0.52171375,0.52161225,0.55726502,0.58651903,0.33683429,10.02271039,10.1004602,1,1,256.41978534,1
184,0.49827636,0.51756636,0.53414721,0.54534391,0.35561034,10.06543519,10.15419264,1,1,222.32992079,1
185,0.49864636,0.51953945,0.5344934,0.50443704,0.37849813,10.14869343,10.17080038,1,1,1344.76928353,1
186,0.45580079,0.51665747,0.55970083,0.46434918,0.36092817,9.90830319,9.90991329,1,1,1302.25514345,1
187,0.4584134,0.52666101,0.55497022,0.42506241,0.34375304,10.13950131,10.21279794,1,1,409.9084682,1
188,0.47215508,0.51491198,0.55371042,0.46655786,0.36687354,10.41780906,10.47988481,1,1,694.6448496,1
189,0.47265075,0.51354497,0.55118363,0.42723398,0.34953736,10.29227265,10.38484184,1,1,126.33947836,1
190,0.48192474,0.49243056,0.54616215,0.46868873,0.37252465,10.43986422,10.53561814,1,1,497.19359035,1
191,0.48233622,0.49167338,0.54639315,0.43355371,0.38685942,9.94257401,9.94595557,1,1,550.79895527,1
192,0.54486337,0.56167525,0.57254754,0.39488264,0.37538954,10.11974954,10.1938173,1,1,392.73131606,1
193,0.52499173,0.55839181,0.56169203,0.43598787,0.39788172,10.4016631,10.40879304,1,1,432.34818755,1
194,0.54585613,0.5460302,0.56654006,0.47700767,0.41992409,10.07144644,10.15889755,1,1,110.7267439,1
195,0.55753806,0.54374652,0.55735725,0.43747633,0.44152561,10.03942542,10.10274917,1,1,1397.38121164,1
196,0.54192336,0.55214445,0.54320305,0.47866455,0.46269091,10.35890312,10.40222403,1,1,351.63321508,1
197,0.54105932,0.5556069,0.54334797,0.51909124,0.46721355,10.26665104,10.31146212,1,1,138.21909355,1
198,0.50433409,0.5324936,0.54376861,0.55870676,0.44787114,10.1987303,10.25389259,1,1,1453.70334377,1
199,0.49196661,0.53106489,0.54263182,0.51757767,0.43303178,10.37598941,10.42869973,1,1,183.83005405,1
200,0.49231791,0.51052306,0.5462364,0.55721009,0.45422254,10.32891238,10.42111035,1,1,1033.09558061,1
201,0.48802654,0.49892798,0.55849594,0.59606589,0.47513802,10.51980041,10.60114792,1,1,181.74337493,1
202,0.5100967,0.5244396,0.55806216,0.59095281,0.4956332,10.16772977,10.2599484,1,1,190.9013068,1
203,0.48309008,0.49745306,0.56324529,0.62868322,0.47572054,10.21636318,10.31274577,1,1,140.88262187,1
204,0.48341808,0.49251181,0.56331542,0.58613892,0.45662363,9.9842702,10.07104828,1,1,221.30842481,1
205,0.53251199,0.52786102,0.58616638,0.62435472,0.47749086,10.23223828,10.28615597,1,1,145.15479175,1
206,0.55632026,0.53794199,0.58122867,0.66186754,0.49790394,9.95715536,9.96441132,1,1,856.25051613,1
207,0.547921,0.54548623,0.57886064,0.69862503,0.50052059,10.3193375,10.36285316,1,1,829.71167966,1
208,0.52942224,0.54405855,0.58414633,0.72846205,0.48231461,10.06035432,10.13160351,1,1,110.80301734,1
209,0.53872834,0.55994034,0.58058537,0.68389284,0.46287898,10.20363365,10.22502768,1,1,1182.0661576,1
210,0.53441906,0.56015135,0.56519466,0.71680083,0.44417126,10.23647946,10.23686324,1,1,1058.90023252,1
211,0.52036129,0.55017966,0.57214922,0.67353105,0.42528786,10.18521467,10.18737958,1,1,118.42717651,1
212,0.52086641,0.55036612,0.57189824,0.6300606,0.4467821,9.96537208,10.03131559,1,1,110.87935716,1
213,0.4836422,0.56708175,0.59963767,0.66383957,0.45830127,10.22463982,10.25737943,1,1,111.34504044,1
214,0.49338005,0.54430552,0.57969999,0.70055385,0.44194848,10.02195397,10.06176582,1,1,106.90001267,1
215,0.48009485,0.52928911,0.59157939,0.71480476,0.4631094,10.13947287,10.18670187,1,1,1237.3485673,1
216,0.48911058,0.53806261,0.57703117,0.74505767,0.44417952,10.03994215,10.08374711,1,1,154.43890627,1
217,0.49455072,0.50929387,0.59495243,0.77287637,0.42529593,10.00674357,10.02465786,1,1,331.84699442,1
218,0.49707555,0.52167023,0.59443079,0.80741884,0.40682075,10.49949313,10.56056485,1,1,111.07145084,1
219,0.49510119,0.49364536,0.5873901,0.7619922,0.42859603,10.12723097,10.20528625,1,1,1291.63766351,1
220,0.49514551,0.51632283,0.58588636,0.79379008,0.41003108,10.12085036,10.15023808,1,1,103.67468048,1
221,0.49505802,0.51406654,0.58577254,0.78415299,0.43183042,10.32697936,10.36744055,1,1,1014.89257461,1
222,0.4656009,0.5122433,0.59195269,0.74569586,0.4530581,10.26475366,10.27534872,1,1,137.30702425,1
223,0.47643915,0.51360726,0.61065635,0.71119269,0.44491389,9.9582032,10.04930713,1,1,119.50773858,1
224,0.45634228,0.50843455,0.58385188,0.74696788,0.42915318,10.09374616,10.11512018,1,1,390.91724812,1
225,0.47209641,0.48640135,0.57532121,0.76900949,0.45014021,10.41098099,10.47246908,1,1,723.96559639,1
226,0.4736211,0.48233761,0.60187092,0.72969048,0.4711208,10.51165438,10.59418877,1,1,108.04035128,1
227,0.46722762,0.49327678,0.60004256,0.76509667,0.49165883,10.32598909,10.42429857,1,1,150.51214326,1
228,0.46736294,0.48961269,0.60036909,0.79835218,0.47183053,10.21781784,10.23744457,1,1,113.40680275,1
229,0.48279494,0.57528751,0.60989807,0.7828443,0.49224063,10.16787848,10.24201109,1,1,632.35023473,1
230,0.49737677,0.54913547,0.59834525,0.73722799,0.47239749,10.49104568,10.54250464,1,1,1390.41442206,1
231,0.52396804,0.56718697,0.58713371,0.76994781,0.49236925,10.41020867,10.42904259,1,1,478.87464131,1
232,0.51751495,0.55989807,0.59437445,0.75598353,0.47252191,10.28483628,10.35594937,1,1,397.10274585,1
233,0.54275219,0.54713684,0.59162416,0.78915603,0.49303939,10.41837277,10.45410191,1,1,308.20368654,1
234,0.54333811,0.54729539,0.59190329,0.82337291,0.51314479,10.23562244,10.26226093,1,1,442.43450888,1
235,0.5186525,0.50527119,0.60647741,0.77943021,0.49288226,10.20245191,10.22302028,1,1,638.92571297,1
236,0.52443378,0.51548501,0.60803219,0.81384157,0.47302462,10.35682156,10.36911899,1,1,109.79437892,1
237,0.52018032,0.50997945,0.61700255,0.8470297,0.47018926,10.22917991,10.31868312,1,1,111.0381018,1
238,0.49321875,0.52146532,0.59623347,0.88008895,0.46506135,10.07114154,10.08245828,1,1,160.27604868,1
239,0.4899165,0.50041465,0.59628628,0.83251933,0.48374878,9.99972985,10.04306489,1,1,160.48984937,1
240,0.50790734,0.50627874,0.58722527,0.78595223,0.50132461,10.46068309,10.48145497,1,1,110.64542636,1
241,0.50857756,0.50644557,0.58762573,0.74023319,0.52103773,10.01434512,10.03992404,1,1,144.55936226,1
242,0.56608299,0.5040664,0.58705191,0.70133061,0.53859738,10.27332374,10.36866781,1,1,102.83248705,1
243,0.56116723,0.53354855,0.60221192,0.73730398,0.51782545,10.17154489,10.25732182,1,1,107.06836659,1
244,0.55626008,0.54517386,0.61172576,0.77255755,0.53736318,10.449531,10.48645832,1,1,101.45043578,1
245,0.53708231,0.55093469,0.58157779,0.7271064,0.55002329,10.08298494,10.16260947,1,1,794.85342591,1
246,0.559701,0.5605758,0.58588061,0.68256445,0.54000963,10.20903962,10.22246854,1,1,111.29089278,1
247,0.53039331,0.56797236,0.5954719,0.71891264,0.55722876,10.0666362,10.13568163,1,1,109.76806587,1
248,0.52989036,0.57035954,0.59542279,0.72960648,0.53972116,10.01526698,10.04612259,1,1,866.85149679,1
249,0.51013519,0.5666852,0.60195192,0.76477616,0.55892599,10.41232576,10.48700197,1,1,147.52952956,1
250,0.50245691,0.57286862,0.58771294,0.79948057,0.53774808,10.39455953,10.45192134,1,1,607.33801757,1
251,0.50620054,0.54905052,0.60607207,0.75351542,0.54764347,9.97963769,10.05602959,1,1,367.64975302,1
252,0.5027128,0.55049419,0.58438277,0.78770687,0.56654712,10.44621222,10.51375255,1,1,419.52571586,1
253,0.49474234,0.5435795,0.59413645,0.80264027,0.57572277,10.18590562,10.19520365,1,1,118.54827905,1
254,0.49535087,0.54496357,0.59432874,0.756588,0.55432988,10.14126176,10.18542038,1,1,308.07183277,1
255,0.47364436,0.56168043,0.62670949,0.71282814,0.57290346,10.31739542,10.32405397,1,1,827.81088375,1
256,0.48096095,0.54169796,0.5944401,0.74857049,0.55144539,10.41429959,10.51655845,1,1,304.80666577,1
257,0.48291137,0.55268241,0.59312106,0.76277257,0.53041648,10.30939614,10.37918697,1,1,503.61258214,1
258,0.47239786,0.51452262,0.60287602,0.79751701,0.50988318,10.10207548,10.17438249,1,1,415.18975629,1
259,0.48136736,0.51574534,0.5821429,0.81298052,0.52927424,10.43744707,10.5180237,1,1,206.17339761,1
260,0.49149631,0.52097596,0.58058435,0.76676887,0.51343386,10.17151424,10.26638404,1,1,235.13325695,1
261,0.48748758,0.51120896,0.58998985,0.72151017,0.49513693,10.0495904,10.11419498,1,1,168.28025977,1
262,0.48796538,0.51193505,0.5903287,0.75566426,0.49734691,10.15773641,10.24701619,1,1,1115.99136559,1
263,0.45685707,0.58308369,0.5953013,0.71055124,0.47740009,9.89049991,9.96217524,1,1,101.7463042,1
264,0.46260165,0.55771074,0.58315392,0.72505884,0.47553451,10.29134738,10.37570904,1,1,205.10179033,1
265,0.50032527,0.55444409,0.57350011,0.68057407,0.49512928,10.10140971,10.12129049,1,1,101.91759729,1
266,0.51082605,0.55206981,0.56773929,0.6571703,0.48631423,10.18227891,10.24092963,1,1,437.67764385,1
267,0.5133718,0.52606132,0.54776927,0.67931938,0.50658739,10.39271186,10.42195897,1,1,1275.96551293,1
268,0.51325287,0.52577353,0.54739458,0.71572199,0.48645707,10.27951942,10.29526909,1,1,130.74279345,1
269,0.56006399,0.50927782,0.55957919,0.67184457,0.48486238,10.34378058,10.43472923,1,1,292.9214247,1
270,0.56151694,0.51645946,0.54614586,0.68816369,0.46538903,10.3114502,10.31654931,1,1,562.00174186,1
271,0.55016093,0.52357576,0.54927247,0.72439877,0.48607875,10.22516644,10.32086624,1,1,104.41496292,1
272,0.55154544,0.53351444,0.55815194,0.75696257,0.48599146,10.1720888,10.25924208,1,1,401.45731084,1
273,0.53436262,0.55127872,0.56739272,0.71182332,0.46627163,10.24678167,10.26438428,1,1,337.07348785,1
274,0.53796496,0.56296193,0.56248435,0.74742735,0.48668522,10.1513669,10.1821249,1,1,102.29751168,1
275,0.53759301,0.56527049,0.56282646,0.71861562,0.50651382,10.29119723,10.38074646,1,1,416.17018125,1
276,0.56600059,0.55595801,0.58827796,0.75403169,0.48644499,10.33802583,10.42747965,1,1,192.78640312,1
277,0.56456128,0.56726101,0.5831374,0.78895105,0.46698378,10.08000302,10.16297651,1,1,123.53992849,1
278,0.53256121,0.54742479,0.57649651,0.82267462,0.44784952,10.55122039,10.5663295,1,1,370.58877292,1
279,0.52439759,0.55705583,0.58213706,0.77622211,0.46851592,10.06071802,10.09537542,1,1,677.02833889,1
280,0.53337695,0.59366221,0.58040675,0.73070095,0.46572865,10.02782909,10.09371084,1,1,254.68454721,1
281,0.53349899,0.59137679,0.58045565,0.76608671,0.48641323,10.21328656,10.2344195,1,1,905.5608216,1
282,0.49422815,0.58226783,0.5897173,0.80076498,0.50225046,10.35953502,10.36955016,1,1,1373.23901726,1
283,0.50119189,0.57140284,0.59806216,0.82447323,0.48438593,9.94497365,9.98226208,1,1,105.04779364,1
284,0.51754689,0.56429152,0.60518905,0.85797006,0.46469876,10.23105174,10.28079069,1,1,1135.53872941,1
285,0.50603029,0.55573925,0.5745056,0.81081889,0.48540478,9.94738096,9.99645352,1,1,131.45775564,1
286,0.51384763,0.57074235,0.5995509,0.84178439,0.50569668,10.51373885,10.61062466,1,1,411.75402325,1
287,0.50849832,0.56089713,0.57416516,0.87493705,0.4885019,10.40324837,10.47445374,1,1,1332.2647787,1
288,0.49512858,0.5407743,0.5738452,0.82743884,0.50853449,10.07917579,10.15811696,1,1,460.21671113,1
289,0.49500462,0.53938078,0.57391032,0.78976754,0.52829202,10.41856199,10.4452009,1,1,117.47574875,1
290,0.46298229,0.55985459,0.57233315,0.74414763,0.54772612,10.22058391,10.31896627,1,1,103.96144407,1
291,0.47559219,0.5428825,0.57102715,0.73363874,0.56663009,10.15296363,10.20831376,1,1,299.0195526,1
292,0.48457999,0.53476078,0.57031849,0.68896619,0.58529749,10.25550518,10.29721442,1,1,105.07200416,1
293,0.5085945,0.53922447,0.56169582,0.65015384,0.60358544,10.02196065,10.06133731,1,1,133.05553575,1
294,0.51049826,0.5464635,0.56222884,0.68715076,0.58151401,10.28526534,10.35812828,1,1,110.32124265,1
295,0.51035147,0.54808995,0.56253769,0.71893703,0.55989376,10.39305374,10.43965886,1,1,584.7999702,1
296,0.55353308,0.52952421,0.58859839,0.67455979,0.53869588,10.12224388,10.20799518,1,1,541.95317686,1
297,0.566888,0.54259628,0.55409688,0.63838868,0.52103051,9.79248115,9.85663649,1,1,402.17936642,1
298,0.54308065,0.55381843,0.5525643,0.6756209,0.54014543,9.97998204,10.02048302,1,1,106.72662934,1
299,0.54705192,0.56416404,0.54390724,0.71209432,0.51934279,10.34345114,10.40459704,1,1,802.82029688,1
300,0.51552747,0.58813636,0.5679317,0.74777517,0.53876417,10.06387052,10.15421779,1,1,120.71751162,1
301,0.51521071,0.58842121,0.56759852,0.78244019,0.51800118,10.2665002,10.28371943,1,1,104.18578447,1
302,0.46304144,0.58322243,0.59528449,0.73679139,0.53763983,10.19417617,10.25446487,1,1,104.59588863,1
303,0.48629674,0.57614258,0.57115613,0.69205556,0.51688704,10.11129309,10.13969645,1,1,1359.41676073,1
304,0.4817356,0.57770224,0.5781503,0.64824684,0.53643893,10.45439669,10.47852685,1,1,1460.41438403,1
305,0.4759121,0.57180821,0.55866941,0.68528182,0.51575351,10.23066105,10.24716961,1,1,117.14596834,1
306,0.49549968,0.55831164,0.54257661,0.64688149,0.53543844,9.89220715,9.98139056,1,1,220.11616793,1
307,0.4958487,0.55746346,0.54257998,0.60394505,0.51472967,10.11058939,10.1323757,1,1,179.24384787,1
308,0.4746267,0.5694005,0.5467451,0.64186083,0.4944362,10.15061434,10.22637679,1,1,111.78016031,1
309,0.46049761,0.56710831,0.5639917,0.67902326,0.48814594,10.23974906,10.29665923,1,1,447.16911722,1
310,0.47476428,0.5729249,0.56651965,0.71544121,0.47517448,10.09426133,10.1337563,1,1,320.53211228,1
311,0.48244141,0.54310433,0.56742916,0.7492138,0.49567099,10.14695473,10.20595781,1,1,418.48815101,1
312,0.48346538,0.52022959,0.56713091,0.70422953,0.47580541,10.22320036,10.28331425,1,1,160.13190756,1
313,0.48958657,0.51212079,0.56786904,0.74014447,0.49506295,10.36879727,10.44918313,1,1,294.15624001,1
314,0.47599735,0.52448286,0.56475577,0.69534159,0.47652587,10.18487452,10.19408868,1,1,243.22721563,1
315,0.4921874,0.51462956,0.56840729,0.69803759,0.49699067,10.32073675,10.32569328,1,1,839.26302813,1
316,0.49182189,0.51562975,0.5687258,0.73407684,0.47721414,10.24883233,10.30495704,1,1,196.87659013,1
317,0.44768973,0.54794752,0.57905794,0.68939534,0.49766961,10.44973825,10.55127547,1,1,293.65924333,1
318,0.46250526,0.52073803,0.58653639,0.72560743,0.51771573,10.0198608,10.03790235,1,1,274.69220226,1
319,0.47246724,0.51711964,0.56057343,0.76109528,0.49736278,10.19632838,10.23077557,1,1,221.79610362,1
320,0.46469152,0.50793107,0.57656651,0.79587337,0.47741553,9.94696108,10.03536512,1,1,374.43306816,1
321,0.46631934,0.513744,0.57446548,0.75017498,0.45786737,10.12036918,10.15586914,1,1,188.28995185,1
322,0.48622342,0.50376931,0.57375867,0.78499356,0.47868743,10.0199878,10.03824569,1,1,147.44730511,1
323,0.48574204,0.50294679,0.57399938,0.73955374,0.49906275,10.49129134,10.51116894,1,1,580.32855845,1
324,0.54406253,0.53967683,0.5794187,0.69481852,0.51889729,9.96564771,9.9910651,1,1,376.78167097,1
325,0.52134821,0.54137102,0.5973256,0.65093968,0.49852517,10.22657754,10.32683645,1,1,368.95542266,1
326,0.52348187,0.53983261,0.59085201,0.68780713,0.50617508,10.05843303,10.10992486,1,1,113.92084477,1
327,0.53577667,0.5560699,0.56204732,0.69176876,0.48904638,10.08399983,10.16303005,1,1,129.79957763,1
328,0.55176222,0.55178111,0.5816852,0.64793891,0.48846019,10.16177004,10.21971291,1,1,107.22026991,1
329,0.55151288,0.55343844,0.58153845,0.60498044,0.49396969,10.24166838,10.29176394,1,1,109.52844232,1
330,0.54318582,0.48648618,0.59894218,0.56288516,0.47409086,10.02402716,10.09297137,1,1,230.96013183,1
331,0.56207557,0.5014411,0.58095724,0.55417884,0.45474055,10.30592624,10.40502694,1,1,1210.42696383,1
332,0.54730619,0.48846674,0.58892837,0.5930951,0.43603355,10.22055877,10.3215933,1,1,102.05683512,1
333,0.51585219,0.51129427,0.57787794,0.56883835,0.44210389,10.24831291,10.26691413,1,1,1288.47274306,1
334,0.5059258,0.49748645,0.58259303,0.60745931,0.42326235,10.0470742,10.1120843,1,1,144.99101677,1
335,0.49459576,0.52961854,0.58611588,0.63926199,0.40480591,10.10318969,10.13161323,1,1,1301.53848326,1
336,0.49542397,0.52993455,0.58604064,0.61655285,0.38670979,10.14271467,10.2137437,1,1,105.01154887,1
337,0.449158,0.53064858,0.60819907,0.57422179,0.4089752,9.98590438,10.05710572,1,1,734.11815564,1
338,0.45018115,0.54079563,0.61555038,0.61271681,0.3907957,10.04420183,10.13815703,1,1,122.69150939,1
339,0.47061477,0.52165848,0.58928042,0.57050435,0.37297986,10.21938795,10.28962074,1,1,993.7579956,1
340,0.46592107,0.50613186,0.59102184,0.57411495,0.39311042,10.31611866,10.3898258,1,1,489.93745058,1
341,0.47365215,0.51519549,0.59441231,0.53263265,0.41524794,10.24790794,10.25596179,1,1,459.45657768,1
342,0.49010176,0.4923168,0.580579,0.57170875,0.39695053,10.17642168,10.17965796,1,1,186.97194706,1
343,0.49024102,0.49120657,0.58041061,0.60707491,0.41899908,10.27427795,10.36534021,1,1,353.4790057,1
344,0.46369697,0.53178333,0.59737054,0.56493754,0.40287482,10.34517562,10.4199279,1,1,354.06996462,1
345,0.44962324,0.50678521,0.58029325,0.52363879,0.42455249,10.31760226,10.39169118,1,1,118.58304963,1
346,0.47111569,0.50535376,0.58003031,0.5778106,0.36443774,10.28691808,10.32469263,1,1,732.22631183,0
347,0.4891851,0.50166635,0.56924056,0.45629134,0.42288119,10.31807256,10.32319784,1,1,101.27999958,0
348,0.48910261,0.49771324,0.59601161,0.55669572,0.4837551,10.28518239,10.36421341,1,1,833.2353029,0
349,0.47967924,0.48719101,0.57413924,0.43567861,0.42263679,10.28001728,10.36344766,1,1,126.0948901,0
350,0.47892825,0.48549402,0.57443498,0.54596365,0.48392057,10.45039697,10.52184097,1,1,518.94981232,0
351,0.58927517,0.57877939,0.49751085,0.43549419,0.54300095,10.3662828,10.44271115,1,1,870.70624809,0
352,0.64958349,0.63731631,0.3978692,0.31679354,0.59402339,10.42599598,10.44122781,1,1,134.38625096,0
353,0.71763177,0.71303904,0.26621335,0.20047106,0.53768752,10.2368597,10.30593859,1,1,1233.57136659,0
354,0.80827137,0.74036465,0.18122313,0.08646164,0.48369111,10.39987716,10.4143568,1,1,102.31525688,0
355,0.85414454,0.75669861,0.11656781,0.21449649,0.55196187,10.10360519,10.14272473,1,1,1435.62632926,0
356,0.85424407,0.75699016,0.11638295,0.10460551,0.49767269,10.02358862,10.11780426,1,1,126.75918244,0
357,0.80962446,0.69182143,0.19301039,0,0.56514464,10.00744067,10.0389099,1,1,107.25819189,0
358,0.70865181,0.68036769,0.25270838,0,0.52070279,10.42809278,10.5248072,1,1,429.12757983,0
359,0.60538343,0.61767092,0.36099836,0.09613621,0.47147856,10.38730933,10.43522129,1,1,898.22426981,0
360,0.51222605,0.55530155,0.47259069,0,0.5375168,10.34275165,10.39980048,1,1,186.23537496,0
361,0.40688627,0.50709001,0.5738182,0.12999547,0.48755369,10.34917204,10.44499784,1,1,104.50116249,0
362,0.33263105,0.46878016,0.61342342,0.17712995,0.50780258,10.43163798,10.51280786,1,1,1497.47295146,1
363,0.28156873,0.44163424,0.68860576,0.14358747,0.48764724,10.14155672,10.23650681,1,1,1447.77990738,1
364,0.28213131,0.44031456,0.68875177,0.15163051,0.48883553,10.18287537,10.26509104,1,1,966.97343651,1
365,0.28938138,0.50156041,0.71794615,0.13016323,0.46993806,10.21687822,10.24920161,1,1,111.52139805,1
366,0.3121961,0.51406154,0.68970642,0.17752761,0.49044927,10.35288929,10.35657666,1,1,353.99381784,1
367,0.32270494,0.48361405,0.68461722,0.19367675,0.47119728,10.21525416,10.2230031,1,1,118.29123431,1
368,0.33205737,0.49998654,0.68334736,0.15982547,0.45177334,10.1297225,10.2029576,1,1,816.65748948,1
369,0.34569337,0.47815246,0.68312273,0.19958623,0.47273703,10.22704873,10.28256895,1,1,762.20450353,1
370,0.36995571,0.49590995,0.68540318,0.24554573,0.49328229,9.99888513,10.01103437,1,1,841.66934092,1
371,0.3824222,0.47878011,0.70016979,0.28965774,0.49253379,10.06377828,10.14901193,1,1,164.99647105,1
372,0.38722936,0.48670962,0.67230492,0.25389825,0.47313371,9.94177833,9.981156,1,1,959.25273716,1
373,0.38804349,0.48046325,0.68777597,0.37024098,0.51860001,10.0868326,10.12639894,1,1,263.91068767,0
374,0.38792039,0.47816505,0.68813064,0.48161039,0.4689751,10.09362133,10.17817269,1,1,123.54434769,0
375,0.50135995,0.57625735,0.63795566,0.36197819,0.4862906,10.23610802,10.31438084,1,1,608.7515343,0
376,0.54656054,0.61764371,0.54187269,0.48473849,0.42906986,10.18925997,10.27832978,1,1,1084.66583632,0
377,0.66261116,0.65477539,0.42059144,0.59521158,0.48937508,10.0763138,10.15184314,1,1,472.94598394,0
378,0.72190743,0.70768723,0.33762472,0.69751611,0.54747085,10.52216228,10.55901988,1,1,110.09563559,0
379,0.77989593,0.7420642,0.27614695,0.73350228,0.52652149,10.1551194,10.23886639,1,1,160.68588339,1
380,0.77968137,0.74309696,0.27595838,0.76882388,0.50599211,10.44283559,10.50217569,1,1,108.03473753,1
381,0.77564666,0.73754841,0.29150694,0.72345145,0.48589591,10.5884642,10.63397836,1,1,390.62675897,1
382,0.75278449,0.72696067,0.29345363,0.68157137,0.47565095,10.27539646,10.33303368,1,1,467.67793918,1
383,0.77426137,0.73085083,0.29329031,0.69026918,0.45618967,10.33710218,10.44041129,1,1,338.65568646,1
384,0.76243999,0.72588068,0.28660298,0.65074889,0.43706664,10.47976801,10.48616717,1,1,668.44771946,1
385,0.74059196,0.70012659,0.29595369,0.68752333,0.45806638,10.3001183,10.36182166,1,1,248.43894698,1
386,0.71992924,0.69410202,0.30013849,0.66560231,0.43890722,10.49234886,10.54792347,1,1,101.55085193,1
387,0.68453164,0.68909271,0.29845448,0.70229003,0.43493238,10.10233735,10.190379,1,1,213.31880728,1
388,0.6965418,0.71213112,0.3130445,0.65826755,0.41624136,10.23858402,10.31507058,1,1,1550.99100796,1
389,0.69029964,0.70907838,0.29986449,0.69159632,0.39804779,10.14789432,10.17377829,1,1,126.01197025,1
390,0.66837052,0.70800594,0.30081289,0.7275146,0.42008674,9.94579359,10.03606166,1,1,119.44273621,1
391,0.65757646,0.6901628,0.31486871,0.6829644,0.41297171,10.06407934,10.13498611,1,1,1334.22317908,1
392,0.64716015,0.70844713,0.32038076,0.71930441,0.39471228,10.01801605,10.05156401,1,1,282.61527298,1
393,0.64768701,0.71196461,0.32046113,0.71456143,0.37682037,10.23362703,10.2562409,1,1,108.93036864,1
394,0.59732652,0.68327571,0.32299944,0.74712384,0.39928396,10.36400815,10.44839562,1,1,123.99867157,1
395,0.61525252,0.65335758,0.33703447,0.73314105,0.42112255,9.88976164,9.96430648,1,1,121.1726718,1
396,0.59335492,0.67487487,0.32952781,0.76847391,0.4069054,9.88879534,9.9398062,1,1,171.39380299,1
397,0.60142671,0.66989976,0.34375057,0.80308641,0.42842104,10.29985463,10.38963141,1,1,150.69267815,1
398,0.58309387,0.66995382,0.34542557,0.82457424,0.44306266,10.19607119,10.24780897,1,1,529.85487954,1
399,0.56262403,0.65677317,0.3349885,0.85808275,0.46420141,10.22304646,10.22754937,1,1,328.22379938,1
400,0.56582125,0.62460674,0.34192321,0.81092228,0.47807439,10.25256036,10.31468473,1,1,117.97692608,1
401,0.57942617,0.63927807,0.34659925,0.83838755,0.45948081,10.17208484,10.21754045,1,1,197.39415768,1
402,0.55495414,0.62754736,0.35218497,0.84203105,0.44037301,10.28273697,10.36262382,1,1,164.87612735,1
403,0.55855439,0.63038255,0.35100794,0.79662397,0.46156551,10.16248125,10.22288517,1,1,188.6555711,1
404,0.559175,0.63114431,0.3509086,0.75069156,0.46995206,10.48390785,10.5134138,1,1,182.59095769,1
405,0.52487028,0.62446864,0.36818408,0.78567735,0.45057364,9.93397327,9.98982307,1,1,123.78857153,1
406,0.50771825,0.59377298,0.36882044,0.81996379,0.43185728,10.26207314,10.28655077,1,1,153.82054599,1
407,0.51638816,0.61627654,0.37532033,0.78179802,0.45319994,10.46129165,10.56546373,1,1,117.25011776,1
408,0.5110908,0.59685644,0.38351389,0.76467409,0.47060472,10.4318981,10.51839645,1,1,596.82936691,1
409,0.4999089,0.56983009,0.37505189,0.72032104,0.49114408,10.40144333,10.42555912,1,1,158.79175639,1
410,0.52241449,0.5616999,0.37312248,0.73454707,0.50914184,10.16814992,10.23691485,1,1,131.5273876,1
411,0.49510602,0.57024534,0.3746364,0.69024177,0.49100082,10.21882961,10.31174309,1,1,135.9598505,1
412,0.50392653,0.58921522,0.37770253,0.64650191,0.4715342,10.20872912,10.23316626,1,1,200.62032214,1
413,0.5039407,0.58994941,0.37736625,0.61189146,0.49208876,10.21134739,10.29147674,1,1,1061.72093791,1
414,0.47317979,0.58492911,0.39611593,0.64916235,0.50490647,10.34641957,10.44435315,1,1,167.62347955,1
415,0.46087823,0.59070596,0.39825203,0.68549812,0.48480842,10.33504471,10.42175644,1,1,395.83754988,1
416,0.46174776,0.57700302,0.39906216,0.7216885,0.50506613,10.36113738,10.46209642,1,1,102.69125797,1
417,0.46958525,0.55565375,0.41396958,0.6772576,0.52496481,10.48145442,10.49407315,1,1,144.04544167,1
418,0.4909642,0.57257464,0.40087568,0.63407445,0.54446476,10.01219939,10.06704622,1,1,135.66331013,1
419,0.48563034,0.56848822,0.41945396,0.67128942,0.52359996,9.96834609,10.03989793,1,1,603.76646364,1
420,0.49074415,0.5445391,0.39917917,0.62807315,0.54302346,9.79826512,9.88145411,1,1,549.97360472,1
421,0.48997794,0.54348785,0.39927744,0.58553388,0.52976094,10.31558911,10.36008958,1,1,236.22001982,1
422,0.53434748,0.61401146,0.42098914,0.54391984,0.50945834,10.15921301,10.18917024,1,1,113.75457847,1
423,0.53383078,0.6095922,0.4469221,0.50305104,0.5042625,10.40706552,10.4756077,1,1,107.69116779,1
424,0.55737305,0.61104352,0.45649545,0.46300926,0.50897355,10.10779306,10.20837638,1,1,165.43306577,1
425,0.54153993,0.60781913,0.48743532,0.42374908,0.48879831,10.02099103,10.04738468,1,1,648.1007464,1
426,0.55815299,0.60007495,0.49258887,0.4646136,0.49158452,10.30786511,10.34132642,1,1,714.52077683,1
427,0.55774511,0.60178018,0.49227695,0.50432148,0.49221943,10.17555205,10.23046289,1,1,261.92828561,1
428,0.56312581,0.53156782,0.51599089,0.46423523,0.51237465,10.08325448,10.15636193,1,1,197.89017491,1
429,0.54029026,0.5381857,0.50174931,0.474769,0.49943221,10.09050039,10.15518006,1,1,159.35842529,1
430,0.55309527,0.55271397,0.50309275,0.43885621,0.47967208,10.1806651,10.19625717,1,1,336.97823449,1
431,0.53450488,0.56615139,0.51282796,0.47970173,0.50007247,10.17195456,10.26800347,1,1,1354.44055597,1
432,0.5347394,0.55602758,0.51326987,0.44010784,0.48007102,10.47014602,10.52025696,1,1,114.89621932,1
433,0.52033527,0.57062348,0.50540618,0.48130568,0.4604696,10.21723046,10.23079824,1,1,273.46622984,1
434,0.5210486,0.57039742,0.50546326,0.52167957,0.48121909,9.98914609,10.0815332,1,1,745.72063041,1
435,0.56554082,0.5280771,0.51814103,0.5612458,0.47300606,10.32753812,10.42009643,1,1,126.00162789,1
436,0.56148625,0.53333266,0.52332096,0.59753339,0.45354604,10.39846786,10.4103693,1,1,255.12512035,1
437,0.53450122,0.55166779,0.53052526,0.63484496,0.47339396,10.00614551,10.06019701,1,1,868.36407071,1
438,0.54133231,0.54005518,0.53014057,0.67214805,0.49392608,10.04896851,10.10973648,1,1,129.33602056,1
439,0.50823063,0.55492422,0.51268461,0.70270623,0.47487062,10.04377764,10.08130082,1,1,202.68444654,1
440,0.50817111,0.55335032,0.5125648,0.65871615,0.45538712,10.41866397,10.43474078,1,1,325.13441957,1
441,0.47223983,0.53976542,0.54040866,0.6278017,0.43652317,10.54171667,10.5985011,1,1,302.98287458,1
442,0.48949229,0.55045336,0.54064849,0.62326522,0.44165318,10.31339847,10.31821084,1,1,654.36756867,1
443,0.49323833,0.54316957,0.53306267,0.60340634,0.46073248,10.28560345,10.33236671,1,1,113.11137274,1
444,0.49157719,0.54674985,0.53483757,0.56319267,0.45223521,10.47669466,10.51318629,1,1,119.90116757,1
445,0.47866953,0.53172162,0.51665016,0.60192751,0.43319064,10.44788814,10.55085401,1,1,102.82478633,1
446,0.47907083,0.53306313,0.51660924,0.63982421,0.41461965,10.16525692,10.25671516,1,1,112.61169449,1
447,0.46244468,0.58688479,0.529146,0.67702771,0.43531277,10.26411701,10.306597,1,1,475.06339172,1
448,0.45299611,0.58469058,0.52946783,0.63348752,0.41660654,10.33358796,10.38108624,1,1,779.32653706,1
449,0.47644989,0.58043221,0.54122307,0.67078891,0.43827278,10.2967302,10.31207608,1,1,1084.86799282,1
450,0.48774126,0.56295015,0.52779244,0.7072061,0.45950698,10.25838104,10.29162827,1,1,112.01879436,1
451,0.48858323,0.55826257,0.53755997,0.74305966,0.44031692,10.17342187,10.18958205,1,1,373.94918918,1
452,0.48807848,0.55571131,0.53739155,0.69819847,0.45801544,10.27886432,10.33187099,1,1,100.66752229,1
453,0.55339636,0.63518174,0.55085039,0.69929402,0.47885513,10.20602451,10.23643723,1,1,101.36448629,1
454,0.53418299,0.65061891,0.54146023,0.73529514,0.45946605,10.35348608,10.45171728,1,1,115.94872958,1
455,0.56063399,0.62746642,0.54237951,0.74541343,0.44027684,10.59380712,10.61276653,1,1,163.18136028,1
456,0.55849558,0.65103209,0.54326355,0.78048429,0.45284457,10.3686175,10.3982874,1,1,201.0586609,1
457,0.54705445,0.62888904,0.51900636,0.773008,0.47378768,10.52582291,10.57584277,1,1,317.97924971,1
458,0.54699361,0.62672756,0.51922221,0.72754785,0.45441278,9.9727599,10.02105686,1,1,156.08506038,1
459,0.52705665,0.60256727,0.54346394,0.68533384,0.43540801,10.02934592,10.05867759,1,1,1005.29041598,1
460,0.50513577,0.61297501,0.51955967,0.64162717,0.45600169,10.17988047,10.27584641,1,1,1208.09477243,1
461,0.51281964,0.58259051,0.52825828,0.67853595,0.47682981,9.98162714,10.04285634,1,1,237.42354533,1
462,0.51261315,0.59944067,0.51900055,0.63496539,0.47782547,10.31390672,10.37649836,1,1,637.34752657,1
463,0.51757351,0.58793039,0.53075056,0.59226652,0.46105114,10.31535578,10.39173528,1,1,216.96688379,1
464,0.51705823,0.58634467,0.53064408,0.55042213,0.47925755,10.33964195,10.42259171,1,1,114.93881418,1
465,0.56002995,0.58575785,0.55459297,0.55684096,0.4596724,10.39893892,10.45884101,1,1,1004.62311379,1
466,0.55600372,0.58622917,0.54522105,0.59570404,0.44048189,10.02246732,10.04613811,1,1,760.20633762,1
467,0.55065521,0.60420274,0.54741983,0.5669868,0.46135931,10.08646586,10.14419785,1,1,190.15121557,1
468,0.52892252,0.60954294,0.53497642,0.60562049,0.4821259,10.1350161,10.14961144,1,1,560.95995376,1
469,0.52574465,0.62854118,0.53584964,0.56909037,0.49552157,10.17198646,10.23435491,1,1,105.18639452,1
470,0.52537995,0.62865799,0.53585569,0.52771149,0.5101452,10.04184361,10.1025486,1,1,113.63155363,1
471,0.50015425,0.61156872,0.54886807,0.48715726,0.49470283,10.01118829,10.02990419,1,1,141.3739495,1
472,0.49598115,0.60770182,0.53483102,0.4474142,0.47566588,10.02626691,10.08797411,1,1,591.73800749,1
473,0.51645244,0.6031462,0.54308665,0.48846591,0.49608606,10.08537486,10.13723939,1,1,169.08889777,1
474,0.49061017,0.6124363,0.55259904,0.50444092,0.51616432,10.14563319,10.24134101,1,1,316.64878706,1
475,0.49307705,0.59319201,0.55647157,0.46436207,0.50680119,10.446942,10.48759993,1,1,868.67946917,1
476,0.50304399,0.58809185,0.55822901,0.42507483,0.52656639,10.40882655,10.49864854,1,1,1190.7198938,1
477,0.50289009,0.5908626,0.55808068,0.46484827,0.54603506,10.29455104,10.32904588,1,1,824.37782589,1
478,0.45055612,0.60631689,0.5729608,0.43569766,0.52511436,10.56548604,10.57119639,1,1,135.95216363,1
479,0.46890434,0.57106123,0.58528479,0.39698373,0.5179458,10.32591457,10.33181109,1,1,134.4221673,1
480,0.45938835,0.58221939,0.56254316,0.37031714,0.53758688,10.1603649,10.26192955,1,1,249.75098381,1
481,0.46853574,0.58037499,0.5562624,0.3329121,0.5496725,10.15225513,10.20230141,1,1,162.62404772,1
482,0.47837901,0.55997055,0.57252062,0.29806192,0.56867324,10.15994288,10.18444674,1,1,104.96930674,1
483,0.46615496,0.54763425,0.56126988,0.33334106,0.56097537,10.24740802,10.31422926,1,1,267.47898317,1
484,0.48659868,0.53501938,0.56841219,0.3389147,0.53978527,10.3493771,10.44353189,1,1,127.82908916,1
485,0.48680015,0.53403069,0.56840433,0.30230845,0.5589794,10.36662246,10.40841778,1,1,177.93772016,1
486,0.47491811,0.55315404,0.57028859,0.2664517,0.53797392,10.55195084,10.64272966,1,1,401.75853037,1
487,0.47779431,0.56127388,0.5926565,0.28883414,0.5570454,10.409902,10.49850747,1,1,453.34115576,1
488,0.47081487,0.5518309,0.59257808,0.32738764,0.56726268,10.06505753,10.09106595,1,1,109.60765048,1
489,0.47965665,0.51722708,0.56812634,0.37055603,0.54667569,10.42032868,10.48410208,1,1,111.75155524,1
490,0.49739916,0.52085992,0.57425666,0.33601892,0.52576791,10.31345568,10.40201355,1,1,466.28988081,1
491,0.5073824,0.5221163,0.57964382,0.32258071,0.50525264,10.1758045,10.2491114,1,1,192.73588968,1
492,0.50745322,0.52199371,0.57942425,0.36611242,0.51758999,10.36776972,10.45567992,1,1,116.24084957,1
493,0.51338546,0.45991908,0.589444,0.32885895,0.53723803,9.8632498,9.89674378,1,1,120.85885403,1
494,0.51593945,0.48661149,0.55751688,0.37228176,0.51663555,10.1649691,10.21154007,1,1,321.24971584,1
495,0.4930078,0.48236562,0.53568714,0.41480595,0.52608782,10.32262228,10.37710535,1,1,103.6748736,1
496,0.48155428,0.49623941,0.52556494,0.45650983,0.50762568,10.33812352,10.39948428,1,1,500.59936605,1
497,0.4818953,0.4963617,0.52574926,0.49737956,0.48768781,10.4702769,10.52387069,1,1,243.54093647,1
498,0.51716696,0.58159565,0.54284564,0.45802125,0.50793405,10.41166411,10.49656317,1,1,332.19989407,1
499,0.50724344,0.57439611,0.53800802,0.49886082,0.49522212,10.23373959,10.32085711,1,1,264.91262487,1
500,0.53116956,0.56835929,0.52555192,0.47649018,0.51215271,9.75654689,9.79638966,1,1,261.8652429,1
501,0.5228255,0.55811303,0.53044631,0.51696038,0.50222575,10.37181319,10.46885921,1,1,149.24662577,1
502,0.54264659,0.56838671,0.52087021,0.55662061,0.48218209,10.35780655,10.42677549,1,1,864.50253451,1
503,0.54229798,0.56948449,0.52080976,0.5954816,0.48899711,10.03343216,10.10112496,1,1,171.44682675,1
504,0.57753213,0.53244238,0.54346472,0.63357176,0.46924335,10.21928563,10.22260857,1,1,499.90333573,1
505,0.56948234,0.54397815,0.5476027,0.66819514,0.48599803,9.74860076,9.83630066,1,1,306.68968845,1
506,0.52863061,0.54310678,0.52701591,0.69154181,0.46627808,9.94077604,9.96731037,1,1,118.28838505,1
507,0.54447622,0.5394431,0.53682513,0.68084241,0.48695221,10.37093812,10.37297138,1,1,307.92684842,1
508,0.52122685,0.5572248,0.52834947,0.71438606,0.47160269,10.10282449,10.12325815,1,1,112.82551107,1
509,0.52158356,0.55702219,0.52845257,0.67010204,0.45217162,10.28184217,10.30599574,1,1,417.14638505,1
510,0.48848767,0.55243865,0.55260992,0.62670011,0.4331282,10.3115592,10.40382834,1,1,587.80194822,1
511,0.49788328,0.54384799,0.52966341,0.66392945,0.45446564,10.21809925,10.25837697,1,1,107.38581493,1
512,0.49464943,0.52210954,0.5490834,0.63837627,0.43548929,10.19808862,10.2663605,1,1,305.2602758,1
513,0.49591423,0.5210387,0.54991722,0.67557545,0.41677957,9.99227048,10.05390195,1,1,217.61493703,1
514,0.48087523,0.52748532,0.52907677,0.644251,0.39904342,9.98272815,10.03661654,1,1,670.51560637,1
515,0.47396155,0.5203769,0.54847806,0.6451555,0.40842195,10.58720728,10.66809795,1,1,764.49640259,1
516,0.47389561,0.51992956,0.54847517,0.60239014,0.39025352,10.24136754,10.27128943,1,1,136.63350385,1
517,0.51627026,0.54338827,0.55155651,0.6402465,0.37451707,10.24808585,10.2504906,1,1,1405.59349978,1
518,0.5107239,0.56764049,0.57626194,0.67724877,0.37800086,10.12313985,10.1922926,1,1,103.2524475,1
519,0.52965714,0.54578938,0.57651972,0.63376766,0.36063075,10.04784842,10.1330544,1,1,127.68373222,1
520,0.51592379,0.5763793,0.57435419,0.67109231,0.38341488,10.08320238,10.13749793,1,1,988.30434688,1
521,0.52544977,0.5611101,0.5502488,0.66096396,0.38386697,10.19797614,10.2366485,1,1,104.1107339,1
522,0.50803855,0.58576742,0.54864462,0.6207901,0.36969993,10.16839217,10.26543904,1,1,147.75676569,1
523,0.50742441,0.58824397,0.54847014,0.64401529,0.36915977,10.26978042,10.33925301,1,1,108.37490243,1
524,0.46228841,0.60508422,0.57387939,0.60113499,0.35198912,10.07145795,10.13651153,1,1,815.07147704,1
525,0.4763999,0.61442384,0.57072707,0.55912384,0.33495107,10.51625336,10.58401493,1,1,338.07459066,1
526,0.47893973,0.59449632,0.5421449,0.58495976,0.35677014,10.39654067,10.42662673,1,1,511.25255133,1
527,0.50211905,0.57481449,0.5436589,0.54335291,0.37958825,10.31073476,10.33020598,1,1,140.56352476,1
528,0.49893647,0.57698396,0.56145963,0.58248582,0.36207327,9.98846529,10.03398938,1,1,174.86850152,1
529,0.49952815,0.57536438,0.5614717,0.6208361,0.3609339,10.56269428,10.57584797,1,1,717.56210201,1
530,0.48074334,0.56587876,0.58709551,0.65839551,0.38371522,10.05982722,10.15259096,1,1,262.39053571,1
531,0.48262986,0.58143076,0.56094822,0.69303946,0.3660415,9.90407552,9.9360869,1,1,605.72528325,1
532,0.47577738,0.5620786,0.57194027,0.64942697,0.34872072,10.37509482,10.45322631,1,1,1385.80484326,1
533,0.46155264,0.55190884,0.57122607,0.68643843,0.33174631,10.27576935,10.28318848,1,1,1556.42014565,1
534,0.4656203,0.55018197,0.56686247,0.71456397,0.35511129,10.24876097,10.34805693,1,1,591.23972431,1
535,0.48963728,0.54984339,0.57356192,0.75027034,0.33997133,10.31908883,10.35796581,1,1,399.26327792,1
536,0.48925546,0.54712033,0.57356125,0.78526493,0.3631719,10.29635434,10.38051554,1,1,1319.49124517,1
537,0.54277531,0.57658556,0.58867611,0.81947798,0.34591164,10.3164152,10.34052288,1,1,509.1593682,1
538,0.54710012,0.58786007,0.59415739,0.79662691,0.36896431,10.28218729,10.3220807,1,1,107.42346688,1
539,0.54743889,0.60165622,0.5842508,0.75069845,0.35158503,9.94189144,10.02007276,1,1,733.16538116,1
540,0.54255741,0.60013897,0.58368104,0.7058934,0.33457582,9.99971832,10.076717,1,1,125.93640101,1
541,0.53727899,0.59586333,0.57506414,0.73797903,0.3578843,9.98533423,10.05350796,1,1,107.84243466,1
542,0.53820882,0.61974027,0.58735082,0.69321946,0.36895872,10.07575145,10.16214591,1,1,145.24304376,1
543,0.53810812,0.62060952,0.58713313,0.72857755,0.35784505,10.08595051,10.16766654,1,1,1197.01192317,1
544,0.50786318,0.59366092,0.61614829,0.68414913,0.34068883,10.2527757,10.3180071,1,1,101.11260013,1
545,0.50384156,0.60695292,0.61244816,0.72045678,0.36186295,10.06054475,10.15113448,1,1,215.94000297,1
546,0.50180201,0.60911634,0.57715563,0.75604764,0.34462569,10.21853931,10.24326882,1,1,141.68575482,1
547,0.52530364,0.60007647,0.60216575,0.79091879,0.32773496,10.49223032,10.58120917,1,1,114.4160925,1
548,0.50394356,0.58098544,0.59631818,0.82365132,0.35118026,10.20908153,10.30608382,1,1,300.55204685,1
549,0.50409862,0.58199131,0.59669071,0.85699206,0.33729013,10.10351278,10.15806021,1,1,230.98667709,1
550,0.47824983,0.53158869,0.58602592,0.88936649,0.36049027,10.29847544,10.3848008,1,1,150.6347108,1
551,0.47470026,0.54770012,0.59791883,0.84168262,0.38327876,10.04553091,10.12193476,1,1,908.11314193,1
552,0.47741576,0.53000844,0.56707953,0.79484905,0.36561318,10.11950044,10.19021886,1,1,122.98461841,1
553,0.46532596,0.53136856,0.55311287,0.82229163,0.3883008,10.23939312,10.33902092,1,1,143.85544486,1
554,0.45768707,0.55530291,0.55195894,0.84768435,0.41044881,10.0271391,10.05495018,1,1,1339.64974927,1
555,0.45778213,0.55485632,0.5520252,0.88073066,0.39227697,9.8941904,9.91925858,1,1,100.98972722,1
556,0.45220076,0.59730681,0.57163669,0.90474233,0.37443465,10.16391928,10.18146151,1,1,173.47269293,1
557,0.43234063,0.56812012,0.55714312,0.85664748,0.35694596,10.07750788,10.1235988,1,1,796.90424944,1
558,0.44946528,0.55554298,0.55840078,0.82035009,0.37893862,10.46687583,10.54376061,1,1,919.09745103,1
559,0.46855343,0.57236812,0.57611332,0.77394312,0.40135929,10.27721555,10.34623914,1,1,108.65562798,1
560,0.45652907,0.53868256,0.56447343,0.79143659,0.4233321,10.00453265,10.06331868,1,1,313.42429596,1
561,0.48588802,0.53414938,0.57138526,0.7899372,0.40488235,10.26822327,10.32446522,1,1,1005.96143974,1
562,0.48397838,0.53237039,0.54823353,0.74417997,0.42677922,10.17264998,10.24014536,1,1,116.04811874,1
563,0.48417471,0.53350447,0.54836834,0.77929545,0.41519173,10.19570752,10.2751711,1,1,251.04017689,1
564,0.46917692,0.57767073,0.55963038,0.8134279,0.39690476,10.13460399,10.22804388,1,1,462.98316483,1
565,0.47738664,0.58218598,0.55577339,0.76715934,0.38834328,10.26843095,10.3708404,1,1,687.81283515,1
566,0.50413297,0.56697575,0.56653451,0.80178811,0.41055245,10.27698475,10.30058381,1,1,677.12523668,1
567,0.51097645,0.53978343,0.54293799,0.75575547,0.43233346,10.21485203,10.28501312,1,1,122.02003079,1
568,0.5274497,0.52835848,0.56279224,0.79014179,0.45248185,10.18192771,10.23980837,1,1,121.86606763,1
569,0.52768473,0.52785395,0.56281602,0.74434031,0.43343247,10.47433291,10.47491879,1,1,152.56900483,1
570,0.52299822,0.4842973,0.56681342,0.69945351,0.41525277,10.11320299,10.15821337,1,1,132.56906128,1
571,0.53092938,0.48818003,0.56447992,0.7330473,0.43694771,10.09216005,10.11211113,1,1,303.96349829,1
572,0.50739929,0.49840918,0.57063022,0.68912588,0.43803995,10.01074446,10.08907371,1,1,166.54481754,1
573,0.51428357,0.49829905,0.55763621,0.72504486,0.42546729,10.23541457,10.24517739,1,1,126.72350402,1
574,0.48133116,0.50788754,0.54214924,0.76054168,0.40695799,10.27272946,10.28703865,1,1,137.7464747,1
575,0.48121619,0.50880139,0.5423419,0.79532839,0.42881843,10.38144699,10.48257287,1,1,247.17280075,1
576,0.5298272,0.59289724,0.5539318,0.80636858,0.45021872,10.20964976,10.25053038,1,1,897.42458225,1
577,0.54360325,0.59227446,0.54081464,0.83161955,0.47079029,10.32182537,10.41822371,1,1,144.80301094,1
578,0.53039869,0.58050476,0.55813053,0.78498717,0.45137449,10.41746766,10.46894689,1,1,806.90960911,1
579,0.55010101,0.5899186,0.55157278,0.73934995,0.4722788,10.04166124,10.12842409,1,1,173.83524064,1
580,0.53819696,0.57479908,0.55235658,0.69456367,0.49283191,10.18249922,10.25433948,1,1,1048.61972858,1
581,0.53839894,0.57534097,0.552659,0.65070361,0.47820661,10.06385803,10.16384145,1,1,105.93150476,1
582,0.51079671,0.52937377,0.55668608,0.68768954,0.45864423,10.43250909,10.50399364,1,1,120.77910389,1
583,0.50192318,0.54147787,0.57355688,0.72393178,0.43960123,10.06679586,10.13142175,1,1,1220.45299857,1
584,0.49172809,0.52813287,0.5499261,0.75942777,0.46080911,9.9439119,9.98290541,1,1,142.64500065,1
585,0.51228691,0.54521054,0.56062925,0.71434702,0.48156554,10.07079658,10.08346922,1,1,250.26171973,1
586,0.50928388,0.55151059,0.5601609,0.74995125,0.49968914,10.28548368,10.32772671,1,1,154.30437891,1
587,0.50930448,0.55335876,0.55988975,0.7049743,0.48264159,10.04775272,10.05037146,1,1,943.98357237,1
588,0.4894522,0.55573868,0.57569161,0.74084069,0.4982242,10.14276901,10.18657969,1,1,154.92860547,1
589,0.47835419,0.54723039,0.58523386,0.71319726,0.51825972,10.38484423,10.45932913,1,1,227.69975829,1
590,0.49779076,0.52347171,0.5661512,0.7488316,0.53788745,10.28086711,10.28901672,1,1,103.65148184,1
591,0.48198545,0.52836554,0.57665089,0.78207362,0.5171297,10.22395156,10.26283473,1,1,104.00775154,1
592,0.49844139,0.51793801,0.54615259,0.81643215,0.49678714,10.27816041,10.28369579,1,1,123.79756497,1
593,0.49888795,0.51923485,0.54599269,0.84927506,0.47685962,10.36983668,10.37712436,1,1,383.12579112,1
594,0.57331556,0.51117591,0.56973587,0.88190553,0.46012413,10.19842069,10.29438751,1,1,137.66274233,1
595,0.55940109,0.5307737,0.56100313,0.83691434,0.48092165,10.3881902,10.40944405,1,1,286.92511741,1
596,0.54753367,0.5303958,0.54708093,0.81686056,0.46139297,10.4140468,10.42395813,1,1,1194.86401559,1
597,0.5581011,0.56139775,0.54401853,0.85052335,0.4818986,10.29548228,10.38256457,1,1,613.38753096,1
598,0.53557706,0.55455852,0.55223122,0.88351288,0.46226805,9.98285777,10.00395144,1,1,135.83588341,1
599,0.53584368,0.55020747,0.55235723,0.83869226,0.45834152,10.21528899,10.29281618,1,1,142.94583974,1
600,0.48494495,0.52094189,0.57158485,0.79197863,0.46149606,9.99861301,10.05876198,1,1,119.35592893,1
601,0.48822371,0.5203131,0.56041211,0.82613785,0.48226614,9.98610362,10.04971634,1,1,119.21165692,1
602,0.49959124,0.51886429,0.56053754,0.85960983,0.47787993,10.42737875,10.45033573,1,1,143.81003792,1
603,0.48937341,0.51182694,0.54366163,0.81241769,0.46035251,10.21179503,10.27279007,1,1,163.83090421,1
604,0.48748297,0.5049399,0.56181117,0.84519207,0.44114625,10.01000888,10.03624128,1,1,242.46577409,1
605,0.50593366,0.50289596,0.5680209,0.8081309,0.46232332,10.34148218,10.35837616,1,1,262.21895058,1
606,0.50588901,0.50324737,0.56820562,0.7621216,0.44353052,10.21252194,10.21481508,1,1,104.32373355,1
607,0.56929367,0.51807478,0.58290392,0.72109046,0.46465991,10.2072619,10.26548178,1,1,122.89639535,1
608,0.58161843,0.52901382,0.57564963,0.67681016,0.47915248,10.2630977,10.26508902,1,1,851.70568713,1
609,0.56706198,0.54321856,0.58205068,0.63614507,0.4995694,10.17899781,10.20164443,1,1,206.22002435,1
610,0.55529869,0.5420647,0.57018182,0.67342216,0.47957816,10.22453407,10.25781044,1,1,142.39158576,1
611,0.56284796,0.54225279,0.56464795,0.7045534,0.49998656,10.23595658,10.31782267,1,1,227.64952293,1
612,0.54707383,0.54861834,0.56182668,0.66046234,0.47998683,10.0945038,10.1626051,1,1,1289.01661625,1
613,0.54724989,0.55109364,0.56163147,0.69725309,0.49903447,10.29691592,10.38072887,1,1,151.30765504,1
614,0.61796261,0.50659247,0.57015336,0.67782338,0.47905463,10.34019848,10.39963733,1,1,158.54067273,1
615,0.59126602,0.53236982,0.58034238,0.64594221,0.49922428,10.16641653,10.18273946,1,1,119.76883587,1
616,0.56369648,0.52932803,0.5838507,0.62779142,0.51923943,10.30842878,10.37431631,1,1,127.98118726,1
617,0.57508021,0.54609834,0.57527514,0.60138259,0.53885412,10.32282989,10.3802273,1,1,194.66887954,1
618,0.54711943,0.55891151,0.55179748,0.63713943,0.55807696,10.22596387,10.23073114,1,1,102.18018392,1
619,0.54960875,0.57376588,0.5713049,0.59441339,0.56160302,10.01826493,10.09737483,1,1,100.74114335,1
620,0.54980889,0.57132932,0.5715072,0.5525256,0.54096393,10.26662598,10.28075899,1,1,126.53216224,1
621,0.56850657,0.54689093,0.58603175,0.59147447,0.52619744,10.39906784,10.47620094,1,1,179.27531452,1
622,0.53950627,0.55830912,0.56822268,0.62921422,0.54481687,10.11089312,10.15274551,1,1,249.09490789,1
623,0.54104266,0.54972301,0.57137341,0.66662994,0.52392058,10.26172086,10.35641156,1,1,612.66794924,1
624,0.53091874,0.54420838,0.56503471,0.6255786,0.50436163,10.48388981,10.51449876,1,1,396.25015254,1
625,0.50256748,0.56760471,0.57135372,0.66300876,0.48427441,10.27746059,10.37694799,1,1,106.37441869,1
626,0.51032574,0.55166528,0.57981138,0.69973909,0.46458896,10.00166501,10.07751544,1,1,226.19698096,1
627,0.51043747,0.54909793,0.57989337,0.65595487,0.44580128,10.07546591,10.15332378,1,1,1100.66515381,1
628,0.47798181,0.54828833,0.59329975,0.69244117,0.46556606,10.09822235,10.18335764,1,1,116.93034023,1
629,0.46390298,0.51875744,0.60016602,0.68584376,0.48595984,10.24340561,10.31114365,1,1,249.97853116,1
630,0.47202555,0.51242786,0.5980057,0.64227165,0.50624064,10.30405838,10.3731988,1,1,984.73768769,1
631,0.46625902,0.51618532,0.57544473,0.59949652,0.51019222,10.3351237,10.34469906,1,1,245.35398323,1
632,0.47370172,0.52145576,0.57735099,0.62093959,0.49000092,10.45581124,10.5331975,1,1,321.36217837,1
633,0.48817305,0.50697732,0.59491602,0.5785208,0.5102009,10.42672175,10.44568438,1,1,1371.45653542,1
634,0.48785005,0.50768043,0.59491948,0.61660426,0.52999533,10.21559811,10.22541396,1,1,119.47605438,1
635,0.55931432,0.56176655,0.60794376,0.65323894,0.52325486,10.2299872,10.31044521,1,1,359.4204352,1
636,0.56450962,0.57312193,0.59998197,0.61017537,0.50813002,10.3228548,10.32747089,1,1,103.84304821,1
637,0.54486047,0.57460569,0.61356243,0.56797239,0.48826785,10.05083033,10.13479046,1,1,518.92015056,1
638,0.55673694,0.55954103,0.59943501,0.60661251,0.4685025,10.32650927,10.40430855,1,1,846.09474289,1
639,0.5478176,0.56013558,0.59094186,0.64445661,0.48772466,10.45165774,10.51434328,1,1,103.93201145,1
640,0.54772794,0.55809971,0.59049055,0.60156755,0.468289,10.28236728,10.3804292,1,1,122.2083577,1
641,0.51923307,0.53125969,0.59035135,0.63953615,0.44892331,10.02585516,10.10507458,1,1,103.14806807,1
642,0.52151976,0.50967948,0.60077228,0.59675003,0.4299473,10.12672579,10.14150825,1,1,131.01138509,1
643,0.50303325,0.50989896,0.61834803,0.56690414,0.45134725,9.96833416,10.05329758,1,1,120.08519495,1
644,0.50265428,0.50072667,0.60614903,0.5255674,0.47231242,10.10542081,10.14844476,1,1,168.43381611,1
645,0.50521946,0.50112381,0.60386599,0.48505605,0.48797468,9.79379404,9.81597922,1,1,953.94964405,1
646,0.482984,0.50232269,0.60389517,0.52427599,0.48035215,9.9305042,10.01674538,1,1,658.03369333,1
647,0.48297312,0.52069638,0.57765682,0.56376023,0.46074517,10.4070668,10.46654206,1,1,124.64898029,1
648,0.48276199,0.52223615,0.57749394,0.60248498,0.45463126,10.23219398,10.32022575,1,1,121.37229347,1
649,0.44995828,0.59108129,0.58742048,0.56045245,0.43616734,10.36194003,10.43276684,1,1,185.56485286,1
650,0.45863041,0.56926798,0.58350517,0.51924455,0.45740794,9.99101156,10.01647064,1,1,291.63228763,1
651,0.4903835,0.55910479,0.56809574,0.55885945,0.47825978,10.45697819,10.48805028,1,1,139.48211465,1
652,0.48355409,0.5588794,0.57178568,0.51768226,0.4986944,10.30374257,10.31229889,1,1,125.17217362,1
653,0.50491391,0.53145664,0.57107974,0.48000062,0.51733586,10.24512805,10.34392561,1,1,180.82788905,1
654,0.50448478,0.53007761,0.57147975,0.44133736,0.4969929,10.13815904,10.17357366,1,1,987.30779651,1
655,0.45233641,0.51418583,0.58408913,0.40252504,0.47705331,10.29608571,10.38975888,1,1,128.73638179,1
656,0.47293484,0.51490344,0.59074359,0.44446291,0.49671573,10.51293398,10.58220627,1,1,148.38786567,1
657,0.45815784,0.51772805,0.56694429,0.40581444,0.51290396,9.8971623,9.94768301,1,1,150.59977571,1
658,0.47067472,0.49908111,0.5861363,0.44769805,0.49624991,10.25922108,10.32211831,1,1,182.84602925,1
659,0.47496334,0.49523179,0.57224422,0.41835954,0.48962586,10.10038408,10.14007917,1,1,916.34061597,1
660,0.45864418,0.47476179,0.57159902,0.45999235,0.46990568,10.10589493,10.16035249,1,1,1230.76984023,1
661,0.47061326,0.49222177,0.56251154,0.42446571,0.49049078,10.43234186,10.50961728,1,1,243.1957927,1
662,0.47063259,0.49093918,0.56270951,0.46597623,0.47683382,10.08488291,10.12690964,1,1,1104.96476455,1
663,0.5387919,0.53737087,0.58034326,0.4266595,0.49729512,10.07348566,10.11278339,1,1,264.02517972,1
664,0.53317331,0.54837001,0.5835687,0.46812626,0.51722916,10.21607411,10.27041531,1,1,170.75176473,1
665,0.52953268,0.55668579,0.57053149,0.50875734,0.52855652,10.36185477,10.44616035,1,1,172.01814787,1
666,0.54689815,0.55753151,0.5605648,0.54856561,0.50819466,10.18690207,10.20111648,1,1,572.01243554,1
667,0.53230087,0.57370821,0.56733105,0.50762252,0.52064512,10.2929454,10.39534554,1,1,874.09086785,1
668,0.55217283,0.55410752,0.57740924,0.46861869,0.53979808,10.15616082,10.22247455,1,1,664.05062976,1
669,0.55289662,0.55384783,0.57739183,0.42924634,0.51961599,10.51263375,10.61506564,1,1,173.06203407,1
670,0.51965389,0.54987536,0.57924579,0.39066997,0.50037196,10.32196698,10.33298576,1,1,120.13469167,1
671,0.53402465,0.5214676,0.5972743,0.36226365,0.48057661,10.39452208,10.45311136,1,1,278.0262801,1
672,0.5361658,0.53722042,0.59967344,0.32502687,0.46100195,10.31042183,10.37760308,1,1,214.94271612,1
673,0.51157417,0.53555107,0.58684757,0.35880211,0.48178165,10.11438976,10.18665839,1,1,701.25316842,1
674,0.5055001,0.50505224,0.5823088,0.40068368,0.50214601,10.00468844,10.05630924,1,1,110.17898395,1
675,0.50665123,0.49449658,0.56809325,0.44265165,0.4837121,10.14353839,10.2077109,1,1,135.58978432,1
676,0.50727179,0.50688032,0.59720955,0.42813961,0.46507401,9.89070215,9.95413066,1,1,147.20698001,1
677,0.52093223,0.50701117,0.59736955,0.38957682,0.48345568,10.36010137,10.39331003,1,1,160.13944683,1
678,0.52039753,0.5048393,0.59716208,0.351788,0.46378657,10.2821047,10.3665787,1,1,462.48729337,1
679,0.49224791,0.5390768,0.59869253,0.3942148,0.4445112,10.05346914,10.09427179,1,1,154.96869718,1
680,0.51481352,0.51194548,0.61621546,0.35633989,0.42562098,10.26373122,10.32221666,1,1,380.19063763,1
681,0.52421043,0.50255146,0.60262289,0.31921514,0.44710856,10.26994535,10.30120872,1,1,915.73661426,1
682,0.53634613,0.49303145,0.58293369,0.36031217,0.43217025,10.15990071,10.21677036,1,1,100.76496004,1
683,0.51150143,0.48137902,0.60165427,0.40310593,0.41352685,10.23087891,10.23864582,1,1,348.61797704,1
684,0.51211579,0.47955551,0.60182033,0.43203101,0.39525632,10.14394915,10.23270117,1,1,104.02042416,1
685,0.564311,0.49374838,0.60794965,0.39339041,0.38021131,9.91405963,9.97855116,1,1,103.06539694,1
686,0.56196064,0.50259652,0.61330782,0.4311488,0.3626076,10.20912496,10.28691453,1,1,247.65283398,1
687,0.57541494,0.51330498,0.62544441,0.47200632,0.38535371,10.17701415,10.23533785,1,1,181.45294588,1
688,0.5773988,0.52256427,0.60152068,0.46594217,0.40764652,10.25318222,10.33600869,1,1,911.79804335,1
689,0.56528143,0.54372818,0.59026248,0.49640587,0.42936428,10.1050184,10.10933146,1,1,120.01952572,1
690,0.55487672,0.53588669,0.59733361,0.45647775,0.42826891,9.84566728,9.90326178,1,1,575.39185566,1
691,0.55419133,0.53603276,0.59781679,0.41735239,0.4104835,10.09989757,10.14025543,1,1,365.52980009,1
692,0.54753178,0.45898567,0.61137192,0.45891078,0.39257271,10.04348522,10.08023028,1,1,657.7187944,1
693,0.53749754,0.46182259,0.62042197,0.49973256,0.37515393,10.12350806,10.16216933,1,1,104.98578716,1
694,0.53608419,0.46839468,0.60717184,0.48475525,0.35778025,10.33575359,10.34368647,1,1,471.06076217,1
695,0.53202007,0.47629777,0.58245266,0.51984085,0.36651832,10.25765318,10.32708682,1,1,101.59595336,1
696,0.51340709,0.49060008,0.60671128,0.47953528,0.38551828,10.46903899,10.49660994,1,1,275.13234891,1
697,0.50032837,0.48793266,0.5834978,0.51994447,0.36968926,10.25217239,10.35223907,1,1,162.45064382,1
698,0.50063693,0.48823068,0.58330384,0.55899399,0.35454115,10.24772659,10.33853434,1,1,899.41428746,1
699,0.52815702,0.57770412,0.57855568,0.58447076,0.37745031,10.26969354,10.27195041,1,1,127.72095741,1
700,0.52094852,0.57160521,0.58722663,0.54499472,0.37366257,10.52490196,10.61428616,1,1,1339.77651802,1
701,0.54277892,0.57590882,0.56288931,0.5211988,0.35642162,10.08600751,10.1711379,1,1,192.05556141,1
702,0.55215954,0.57206521,0.54931546,0.48077489,0.37929319,10.12363355,10.15003611,1,1,219.1668049,1
703,0.5523314,0.53505826,0.54958174,0.52115939,0.39613322,10.34215994,10.40281033,1,1,117.25075511,1
704,0.55207913,0.53761799,0.5491286,0.55943162,0.41821056,10.08079177,10.13932476,1,1,193.7480014,1
705,0.54781163,0.5401459,0.58030669,0.59779946,0.43979125,10.43127605,10.45984299,1,1,140.63639215,1
706,0.52657775,0.52310216,0.56001084,0.55584406,0.46099364,10.12028196,10.17819396,1,1,724.29094083,1
707,0.5410041,0.51646021,0.55092896,0.51522453,0.46163754,10.40283526,10.47704443,1,1,1378.87850056,1
708,0.53721368,0.50169411,0.54821655,0.47598514,0.44255843,10.24778477,10.34529011,1,1,491.37774571,1
709,0.51404264,0.49587156,0.56464653,0.50733557,0.42372227,10.16334826,10.26283324,1,1,828.37951696,1
710,0.5165175,0.50658763,0.5562812,0.54469366,0.4052567,10.11566792,10.11575393,1,1,524.42767164,1
711,0.51913496,0.49902258,0.55952332,0.56810686,0.38716744,10.05670001,10.12655264,1,1,393.41163366,1
712,0.51984017,0.50087634,0.5594841,0.60580871,0.40942409,10.01875222,10.10430092,1,1,121.4535151,1
713,0.51896319,0.46134773,0.58062954,0.64368142,0.39123619,10.04149916,10.08732839,1,1,135.12800633,1
714,0.5077874,0.46544853,0.57116861,0.68080757,0.4124594,10.2440072,10.27487487,1,1,103.63234455,1
715,0.49166954,0.48166521,0.56110824,0.71350046,0.43415718,10.13897702,10.15040847,1,1,1175.33010112,1
716,0.48328306,0.46634066,0.56606686,0.66923497,0.41556155,10.29368125,10.30767385,1,1,363.32316093,1
717,0.48992668,0.47588925,0.55586734,0.70581519,0.43713264,10.20440734,10.23436259,1,1,240.16812142,1
718,0.49018582,0.47682043,0.5558585,0.66169889,0.45838817,10.22161737,10.32257439,1,1,104.53970963,1
719,0.47270087,0.55360042,0.56682359,0.69846467,0.43924929,10.104689,10.19380689,1,1,288.24868425,1
720,0.49727723,0.52986926,0.56032904,0.72470193,0.42128775,10.07064699,10.12732352,1,1,947.86869859,1
721,0.4821327,0.5161391,0.55984597,0.76020789,0.40286722,10.4545724,10.48800456,1,1,184.60667682,1
722,0.51215071,0.49634118,0.52978242,0.71503336,0.38495146,10.29260066,10.34981018,1,1,132.22749148,1
723,0.50360027,0.50744096,0.52574823,0.74051094,0.36725362,10.32057401,10.32248537,1,1,212.40901162,1
724,0.50336431,0.50854477,0.52579736,0.77569457,0.38982337,10.04381883,10.08719709,1,1,204.8815653,1
725,0.54897248,0.48038049,0.52344913,0.73030014,0.41202602,9.9442329,10.03158584,1,1,194.47052642,1
726,0.528943,0.49972611,0.51630741,0.76569414,0.43159806,10.27896908,10.3139965,1,1,148.45473064,1
727,0.50616048,0.49488196,0.53766751,0.79334668,0.45271732,10.25224242,10.30788957,1,1,104.46097496,1
728,0.52427595,0.52684792,0.52073763,0.74753363,0.47366297,10.14580568,10.16661262,1,1,161.52764544,1
729,0.52452001,0.52605091,0.52050257,0.78234278,0.47793418,10.49476691,10.55327989,1,1,114.90076375,1
730,0.4729319,0.52251331,0.52146345,0.74211933,0.47441853,10.25423328,10.31027134,1,1,390.96176971,1
731,0.4792938,0.5087356,0.52088562,0.77727691,0.45493017,10.36596149,10.46548131,1,1,798.50941509,1
732,0.49416962,0.50803399,0.53465587,0.7325655,0.43583157,10.53236674,10.5644834,1,1,108.23780612,1
733,0.47883588,0.50357585,0.54258745,0.68795079,0.41711495,10.16661806,10.22486599,1,1,529.06870836,1
734,0.4848317,0.47676661,0.53927575,0.70854535,0.43877265,10.30039382,10.30662366,1,1,101.33711166,1
735,0.49553893,0.48305552,0.52745912,0.73429961,0.45872333,10.26374383,10.2767061,1,1,104.77055887,1
736,0.48446842,0.47880029,0.52665595,0.69109863,0.47945416,10.46902008,10.53082954,1,1,866.28921763,1
737,0.48454417,0.47779556,0.52695349,0.6487691,0.46151269,10.25060293,10.34479948,1,1,168.57984763,1
738,0.53053526,0.54556875,0.53024049,0.68573188,0.48228173,10.13692308,10.13916643,1,1,160.77879488,1
739,0.5577064,0.57123497,0.52306304,0.72200062,0.46270819,10.15611826,10.20341531,1,1,148.11300287,1
740,0.53919111,0.57092885,0.54688005,0.7441708,0.44346574,10.05014866,10.14681535,1,1,493.16430103,1
741,0.5726008,0.54019205,0.54016787,0.77928738,0.46459641,10.24055426,10.25743074,1,1,302.56033746,1
742,0.55811961,0.5370167,0.52300252,0.73435798,0.48530448,9.80065416,9.80216764,1,1,103.22136265,1
743,0.55767493,0.53712081,0.52270287,0.76967052,0.47882766,9.85934513,9.92282799,1,1,123.9935483,1
744,0.5739183,0.50796329,0.5390575,0.7427439,0.49922117,10.17121222,10.20692992,1,1,116.10655386,1
745,0.58877297,0.52680557,0.5441921,0.69788902,0.49790409,10.29744214,10.31599215,1,1,169.23015673,1
746,0.56041422,0.51395641,0.54338917,0.73392273,0.51146148,9.96626885,9.99760522,1,1,1409.85283987,1
747,0.56454633,0.54335948,0.52955153,0.75057907,0.49123961,10.27220986,10.34866006,1,1,1348.14773103,1
748,0.53029446,0.53394425,0.54124176,0.78538914,0.51141476,10.36177758,10.4544101,1,1,285.85425752,1
749,0.52973483,0.54945795,0.53588385,0.78944707,0.50126874,10.31731391,10.3490408,1,1,183.98845664,1
750,0.52981288,0.54823557,0.53579565,0.75783377,0.52124307,9.94946696,9.97766322,1,1,142.77943926,1
751,0.47909195,0.52875183,0.5352608,0.79189523,0.50081931,10.30942337,10.38752849,1,1,133.612575,1
752,0.48105405,0.52522093,0.56008115,0.82605732,0.48656029,10.18075268,10.23443928,1,1,238.79004509,1
753,0.49251721,0.51915653,0.53389888,0.85756047,0.49074719,10.07580627,10.15556049,1,1,511.46714701,1
754,0.50160943,0.53421368,0.55769193,0.89040806,0.47093614,10.34369537,10.35450235,1,1,128.49859535,1
755,0.49306898,0.50613988,0.54262591,0.92259989,0.45154117,10.14620337,10.23532083,1,1,101.55151928,1
756,0.50225679,0.5256468,0.54534478,0.95371284,0.43263397,9.98444281,10.02757019,1,1,900.21835947,1
757,0.50255978,0.52457283,0.54499334,0.85485794,0.38315775,10.52849052,10.5635855,1,1,133.69343069,0
758,0.61695316,0.64985816,0.45907823,0.72776104,0.43289087,10.22058289,10.29229955,1,1,106.37590601,0
759,0.63832991,0.66870377,0.35771146,0.84320582,0.4883356,10.68389052,10.77323524,1,1,102.96772458,0
760,0.68839724,0.76119311,0.22326457,0.95501894,0.42147194,10.37878899,10.43094992,1,1,199.0517851,0
761,0.70895549,0.83378183,0.11255583,0.82873669,0.47237032,10.40660076,10.50435877,1,1,547.41969561,0
762,0.7361918,0.85168587,0.04564054,0.94186537,0.52226459,9.80149493,9.82321948,1,1,200.30920465,0
763,0.73663005,0.85128898,0.04603966,1,0.45342728,10.32656202,10.34763422,1,1,150.16826128,0
764,0.66115179,0.77504399,0.13162249,0.97310896,0.39113052,10.11111367,10.17068363,1,1,192.47963549,0
765,0.64733816,0.73251792,0.21802468,0.98460494,0.43282416,10.28921945,10.34208529,1,1,114.51845779,0
766,0.57690063,0.68163073,0.32972994,0.85512771,0.37791969,10.11784388,10.1999081,1,1,1352.70668176,0
767,0.48169233,0.56740989,0.47282494,0.78674473,0.32177999,10.15482309,10.20519951,1,1,199.97330291,0
768,0.4382369,0.49270744,0.5817528,0.70986892,0.25621036,10.19302158,10.23711203,1,1,129.57481546,0
769,0.39184849,0.45932318,0.67392196,0.58569141,0.23803073,10.28140558,10.35144037,1,1,127.32661798,0
770,0.36262314,0.43018771,0.70878992,0.70394851,0.2963169,10.36895592,10.40313448,1,1,120.16444437,0
771,0.36187119,0.43058771,0.70859133,0.8198695,0.23223805,10.25779598,10.35741152,1,1,1346.69559027,0
772,0.48960828,0.56071142,0.64187045,0.74656743,0.16584071,10.32578953,10.35829757,1,1,130.20029236,0
773,0.53381292,0.59700186,0.52759978,0.84611114,0.17845551,10.32163379,10.33780932,1,1,1051.88266718,0
774,0.62816347,0.62352982,0.42538588,0.95798337,0.11153341,10.10268545,10.13798085,1,1,349.29819239,0
775,0.72197001,0.68207503,0.29042356,0.87396183,0.0424727,10.25289935,10.32872983,1,1,188.71390252,0
776,0.80397068,0.7442064,0.2021118,0.9839506,0.09472193,10.09856364,10.12985071,1,1,294.2839207,0
777,0.83517776,0.7367832,0.13556696,1,0.14430562,10.09185663,10.11773553,1,1,178.83091752,0
778,0.83479032,0.73534353,0.13528516,1,0.12390456,10.08427457,10.1059754,1,1,138.76153521,0
779,0.76509963,0.69415185,0.19918672,1,0.17370706,10.40061399,10.44891234,1,1,177.6393128,0
780,0.72466568,0.62625277,0.25528817,0.87001701,0.10370716,10.33230156,10.38560073,1,1,103.88604031,0
781,0.62497794,0.56208169,0.32752332,0.74261686,0.03630906,10.14418839,10.16867163,1,1,141.21585173,0
782,0.54041682,0.48224804,0.41996401,0.61778567,0.09145198,10.55368654,10.65448248,1,1,348.13566342,0
783,0.42768646,0.41999259,0.51643992,0.73542822,0.14909156,10.03516737,10.13144228,1,1,103.31487353,0
784,0.36472209,0.35502838,0.58365099,0.61072415,0.20071441,10.21618586,10.22559454,1,1,172.39832493,0
785,0.30385199,0.31283124,0.62790685,0.57840321,0.13855245,10.43565435,10.48210218,1,1,136.85154318,0
786,0.27148209,0.28404415,0.67859871,0.46593215,0.07699036,10.44019763,10.51309152,1,1,542.25357185,0
787,0.27210661,0.28283087,0.67873155,0.34664572,0.13266867,10.01596238,10.09195867,1,1,1116.45128888,0
788,0.3843824,0.39391295,0.636295,0.3440624,0.19542989,10.05103956,10.14875224,1,1,163.18744594,0
789,0.42969393,0.43389224,0.5955708,0.38634366,0.22152129,10.23806551,10.27234574,1,1,1190.39239413,1
790,0.49511362,0.51314434,0.54187441,0.42861679,0.20710453,10.11267412,10.18036297,1,1,763.99121983,1
791,0.5832372,0.58103365,0.46660804,0.39004466,0.193129,10.40207088,10.47426705,1,1,719.41465963,1
792,0.64477311,0.60798647,0.42140645,0.37572377,0.21923852,10.04519812,10.09475665,1,1,936.15963344,1
793,0.65518543,0.67467554,0.38269209,0.41820929,0.24483564,10.04540578,10.06911538,1,1,462.13419113,1
794,0.65554654,0.67321126,0.3828914,0.41413845,0.23053826,10.03847531,10.13519491,1,1,145.55932677,1
795,0.62692177,0.6243897,0.38541209,0.37585568,0.21605879,10.07298408,10.07625549,1,1,170.20026549,1
796,0.64881242,0.62408817,0.39906519,0.36702113,0.20177859,10.47038299,10.5442371,1,1,330.42118633,1
797,0.63193776,0.63860378,0.40917412,0.37737602,0.20206943,10.31721451,10.33622194,1,1,424.2196757,1
798,0.59882313,0.64156728,0.40232024,0.34158875,0.21449172,9.97501177,10.02790886,1,1,1216.2248798,1
799,0.60522072,0.61813353,0.39927632,0.30766991,0.2002395,10.2266376,10.2975701,1,1,114.71335837,1
800,0.59425379,0.61217117,0.40863949,0.35129158,0.18623479,10.36960911,10.42267255,1,1,109.49533726,1
801,0.57059783,0.60236413,0.40685844,0.31454097,0.21246624,10.31321224,10.34732114,1,1,122.74655498,1
802,0.5743015,0.60796657,0.41533961,0.35718405,0.22115051,10.23783517,10.26100024,1,1,129.6691326,1
803,0.5873348,0.62769879,0.41548857,0.40004027,0.24671232,10.20106649,10.27080109,1,1,143.30041938,1
804,0.58744296,0.62854457,0.4153108,0.36875664,0.27165415,10.10727776,10.12610185,1,1,360.5614589,1
805,0.57488654,0.59340136,0.42857606,0.41138151,0.29597039,10.33787202,10.34274413,1,1,238.10003707,1
806,0.55832622,0.57070196,0.42612222,0.37315839,0.29147266,10.2503672,10.30646213,1,1,1146.41312362,1
807,0.56059174,0.58382858,0.43646437,0.41562113,0.27564321,10.39719119,10.43201511,1,1,150.06202598,1
808,0.5545184,0.57727243,0.43068977,0.38705525,0.30010122,9.81249671,9.89833139,1,1,243.5392964,1
809,0.54999754,0.6019206,0.45299515,0.42870126,0.28442999,10.59747776,10.61820096,1,1,202.76537252,1
810,0.51801755,0.58728738,0.45067856,0.4684439,0.30874139,10.23518818,10.28513068,1,1,155.8662002,1
811,0.51634426,0.57781642,0.44413411,0.42907504,0.32732875,10.47441547,10.48351455,1,1,114.95009719,1
812,0.51635598,0.58082839,0.44437308,0.39117836,0.31078218,10.40403971,10.48424505,1,1,661.41286907,1
813,0.50031765,0.5659711,0.46890262,0.43335113,0.29604766,10.02838731,10.10460246,1,1,132.97309033,1
814,0.49799775,0.53731014,0.47561916,0.39468876,0.30648861,10.51764071,10.61126338,1,1,273.12028604,1
815,0.48446198,0.54330723,0.47697074,0.4349199,0.29035884,10.12827112,10.18695096,1,1,120.97132659,1
816,0.47286829,0.56222256,0.47386591,0.45567063,0.27461483,10.03357653,10.12127379,1,1,369.45181868,1
817,0.4763772,0.55108821,0.49051,0.49493796,0.29912253,10.24630649,10.24899001,1,1,158.24286638,1
818,0.47584095,0.55164855,0.49093858,0.53503916,0.32313753,9.998701,10.03942449,1,1,133.62067789,1
819,0.46038773,0.61012851,0.50749054,0.56572646,0.30691845,10.18036925,10.19815209,1,1,107.8267631,1
820,0.46732168,0.61060336,0.50143487,0.54180853,0.33076538,10.09203685,10.18244549,1,1,222.1215611,1
821,0.4865618,0.59838186,0.50979255,0.58074436,0.35353104,10.20325539,10.23477628,1,1,1002.65431541,1
822,0.51112854,0.58393405,0.50613243,0.61912942,0.37043475,10.21491089,10.28738843,1,1,436.3547959,1
823,0.51896175,0.55524574,0.50603949,0.578866,0.35352316,10.24887997,10.31224902,1,1,100.38815467,1
824,0.51845291,0.55444976,0.50602075,0.53737677,0.33645324,10.30070321,10.31329527,1,1,227.30289542,1
825,0.59382524,0.53949853,0.51699804,0.57457631,0.35972418,10.313374,10.34273122,1,1,166.61546016,1
826,0.58039705,0.56043951,0.53412239,0.53308478,0.34254277,10.15409959,10.18875002,1,1,147.03079631,1
827,0.56102494,0.57686825,0.53439918,0.49244339,0.32587398,10.2364389,10.26094387,1,1,114.64541229,1
828,0.54250558,0.56826948,0.52864788,0.53138489,0.34826937,10.27142953,10.33752997,1,1,269.3022354,1
829,0.54031928,0.59500183,0.50476932,0.54249576,0.3314083,10.38710633,10.4099576,1,1,438.04807991,1
830,0.54009399,0.59417265,0.50482226,0.50578916,0.35478013,10.2091948,10.26400162,1,1,185.85190147,1
831,0.50799565,0.56790432,0.50691681,0.46570881,0.33768453,10.09158623,10.12826967,1,1,247.43576108,1
832,0.52647883,0.57494385,0.53228673,0.46336494,0.36089332,10.11095904,10.19270706,1,1,1384.79615729,1
833,0.50028566,0.56793128,0.50718498,0.42443622,0.34368991,9.98244363,10.01271159,1,1,132.76904878,1
834,0.50211036,0.54623716,0.53237336,0.38656416,0.32681662,10.12726954,10.12947654,1,1,1136.39723042,1
835,0.51623065,0.56316365,0.51886831,0.35497903,0.34695828,9.98527488,10.04395555,1,1,467.28845353,1
836,0.49049283,0.55799711,0.50999027,0.39787728,0.37001896,10.48864036,10.53911136,1,1,141.41620554,1
837,0.49065899,0.55560076,0.51024534,0.35992704,0.39127869,10.15883744,10.25496659,1,1,219.30444301,1
838,0.46073135,0.57506143,0.53762107,0.40272849,0.37348752,10.20005616,10.29418949,1,1,208.38444934,1
839,0.46870608,0.57329845,0.5277778,0.44467392,0.35620963,10.10262964,10.18368921,1,1,1178.08723741,1
840,0.46687414,0.54114727,0.52906338,0.48526357,0.37908386,10.26417744,10.26978503,1,1,170.84426642,1
841,0.46750048,0.55568441,0.53546506,0.5255583,0.40150072,10.07366053,10.14809357,1,1,470.40227294,1
842,0.48519246,0.52489584,0.52999228,0.48511881,0.38348725,10.13500959,10.16580636,1,1,991.71061229,1
843,0.48376984,0.53227832,0.53282361,0.48967126,0.40581748,10.25861946,10.33346325,1,1,1488.3388571,1
844,0.48379258,0.5313992,0.5330826,0.50547312,0.42556078,10.52918486,10.5360926,1,1,216.82400847,1
845,0.52842238,0.63145243,0.55037322,0.46536524,0.44704956,9.95252269,10.04447684,1,1,117.98865249,1
846,0.51694608,0.60921239,0.55024889,0.50605794,0.42810857,10.11561152,10.20363265,1,1,505.53302156,1
847,0.55346727,0.60802178,0.54182317,0.54593678,0.43929005,10.09231377,10.09805248,1,1,349.68804406,1
848,0.53136081,0.61318914,0.53779509,0.50518186,0.42050426,10.45468904,10.46427488,1,1,191.31929378,1
849,0.55635592,0.5925472,0.5217996,0.46507822,0.44206649,10.35964509,10.41387001,1,1,134.31276494,1
850,0.55611032,0.59401342,0.52178149,0.42578191,0.42325805,10.43704978,10.54037133,1,1,124.11369444,1
851,0.54871114,0.5622284,0.52240517,0.38726627,0.40480425,10.10154734,10.17419801,1,1,985.97740784,1
852,0.55714777,0.55233824,0.53278993,0.34952218,0.42669961,10.34867726,10.3960158,1,1,1267.0904614,1
853,0.53554404,0.5676673,0.52222748,0.39250579,0.43954685,10.17689249,10.20540403,1,1,125.79902569,1
854,0.53823939,0.58209861,0.52908247,0.43111814,0.46075503,10.30240324,10.37292051,1,1,193.22981931,1
855,0.5094646,0.56833398,0.5462499,0.39260847,0.48153993,10.04821719,10.13322883,1,1,350.89928028,1
856,0.50933888,0.57133959,0.54611458,0.4347563,0.50186795,9.9497544,9.98452915,1,1,1424.8676201,1
857,0.49001383,0.55489366,0.57401762,0.44621933,0.48401265,10.35213083,10.41220198,1,1,108.60478589,1
858,0.4709827,0.5604056,0.57518823,0.48675427,0.50433148,10.12659437,10.22233157,1,1,390.99564203,1
859,0.48282629,0.53506173,0.5721535,0.5253586,0.49975394,10.33006493,10.35764824,1,1,268.05161972,1
860,0.4776445,0.54594105,0.56039376,0.52112165,0.51963656,10.11717754,10.21306116,1,1,103.03022317,1
861,0.48512293,0.54057234,0.5637363,0.48069922,0.52425651,10.43871286,10.52914673,1,1,390.00561597,1
862,0.48388255,0.53632731,0.56433461,0.52108524,0.54234592,10.26624229,10.33054097,1,1,106.79257507,1
863,0.48425701,0.53575097,0.56412267,0.56066338,0.56149845,10.36972655,10.41545924,1,1,1112.78406812,1
864,0.53486241,0.58787886,0.56293645,0.59945011,0.57399054,10.0696427,10.09682347,1,1,172.7807855,1
865,0.54700895,0.56572936,0.57379382,0.59836327,0.55251073,10.36027551,10.40476668,1,1,206.0594016,1
866,0.53123016,0.58110415,0.56125736,0.55644442,0.57146051,10.42443584,10.50390722,1,1,546.81264291,1
867,0.52838093,0.57419715,0.57304291,0.51531553,0.55009168,10.41363285,10.51249141,1,1,422.91642656,1
868,0.52827592,0.58613419,0.54874914,0.55494582,0.5684178,10.13652556,10.18172578,1,1,1447.79957727,1
869,0.52839844,0.5854578,0.54847279,0.59384273,0.54707816,10.21853932,10.22886795,1,1,102.12496845,1
870,0.52654886,0.56284333,0.55678244,0.63123976,0.52613663,10.32223077,10.41387993,1,1,445.91011469,1
871,0.53673263,0.56368974,0.55062353,0.66837409,0.50817922,10.10908632,10.17094933,1,1,123.85416857,1
872,0.5217819,0.55606321,0.55819684,0.62585205,0.48801566,10.01378784,10.0587575,1,1,150.85885261,1
873,0.49110009,0.57128042,0.53957603,0.66329824,0.46840472,10.55107667,10.58604712,1,1,125.72339562,1
874,0.50617865,0.57483611,0.5362394,0.69979044,0.489025,10.35780076,10.40084682,1,1,1171.08349991,1
875,0.50627702,0.57369044,0.53608309,0.73571522,0.47469213,10.05562681,10.05595973,1,1,1120.2379685,1
876,0.4483418,0.58048905,0.54955502,0.76944584,0.47800023,10.47544224,10.54355515,1,1,449.78139036,1
877,0.46576023,0.57177373,0.54498685,0.80396481,0.45863975,10.36102311,10.37872919,1,1,313.60159434,1
878,0.46630841,0.5537698,0.53821565,0.83785123,0.45119314,10.13610984,10.15911881,1,1,116.29817771,1
879,0.46264336,0.56498171,0.54305552,0.87109421,0.46863014,10.49764552,10.53991959,1,1,1346.18461611,1
880,0.47790899,0.56463599,0.54929327,0.90367232,0.48925754,10.44190687,10.44317033,1,1,124.57810476,1
881,0.48895226,0.54191651,0.53431119,0.85559887,0.46947239,10.13475419,10.20619427,1,1,639.12464791,1
882,0.48920927,0.54470254,0.53433328,0.88145482,0.45008328,10.05315244,10.1404109,1,1,110.75325087,1
883,0.4853986,0.5865299,0.55896749,0.83382579,0.45873971,10.06907978,10.14429165,1,1,144.85006229,1
884,0.50848133,0.58150943,0.52353346,0.86714354,0.47956492,10.193276,10.19941046,1,1,109.14224695,1
885,0.49201112,0.5876394,0.53010394,0.81980238,0.46101052,10.42402929,10.44973734,1,1,125.00583353,1
886,0.4994429,0.56547823,0.52140245,0.77981537,0.48168794,10.08890063,10.0974317,1,1,106.75790761,1
887,0.49934586,0.5658485,0.52170378,0.81411026,0.50205418,10.12635267,10.22483347,1,1,145.09080752,1
888,0.57474596,0.6184901,0.52435981,0.84782272,0.52201289,10.36351984,10.36806762,1,1,259.73231159,1
889,0.56943914,0.60460456,0.54819312,0.88086605,0.50157264,9.82877581,9.83193041,1,1,242.84530117,1
890,0.54848021,0.60869498,0.528107,0.83339616,0.52154112,10.39267931,10.40202836,1,1,343.16328998,1
891,0.57073357,0.60705288,0.54657497,0.78672824,0.5011103,10.29127801,10.30450945,1,1,100.35515767,1
892,0.55364709,0.62421016,0.52006472,0.74110998,0.48123468,9.93683466,9.96345221,1,1,304.64588318,1
893,0.55359852,0.62421659,0.52042277,0.69629074,0.46160999,9.89675833,9.99108511,1,1,287.66994258,1
894,0.52712183,0.60670148,0.53315577,0.6853046,0.44237779,9.90080466,9.94934818,1,1,140.36290573,1
895,0.51336292,0.6046868,0.5401854,0.64245262,0.4235369,10.45710765,10.5356555,1,1,660.30026279,1
896,0.52549135,0.60455489,0.53452623,0.67258407,0.40512837,9.93844364,9.94589364,1,1,389.6774554,1
897,0.51241814,0.573792,0.52092808,0.70913239,0.38704044,10.15490327,10.23457264,1,1,114.4202904,1
898,0.5145778,0.58746094,0.52289679,0.74205249,0.36929963,10.10751772,10.12819085,1,1,341.59606524,1
899,0.50757949,0.58609327,0.5366346,0.77707046,0.35191459,10.31255005,10.3954104,1,1,804.55201755,1
900,0.5231738,0.56901722,0.54082795,0.81149012,0.3748763,9.88726094,9.96746587,1,1,115.88320386,1
901,0.5230096,0.5708112,0.54091787,0.84526016,0.39726777,10.25789217,10.32449024,1,1,128.70695865,1
902,0.48450114,0.55913249,0.54228573,0.79835496,0.38181872,10.26678204,10.29801831,1,1,442.32072846,1
903,0.49374781,0.57493092,0.54543341,0.75238786,0.379866,10.30940045,10.3563535,1,1,129.44912972,1
904,0.50096548,0.5712906,0.53645612,0.78732401,0.4021994,10.1132199,10.1234792,1,1,115.9770693,1
905,0.512614,0.54018747,0.54503723,0.82139912,0.3841579,10.21157789,10.22996689,1,1,1513.17166532,1
906,0.51084619,0.53684565,0.53854788,0.7906565,0.40594782,10.04365937,10.0869633,1,1,161.40646126,1
907,0.51238741,0.54596536,0.55751233,0.82484331,0.38882112,10.10073953,10.13494183,1,1,113.27495993,1
908,0.51277992,0.54285628,0.55733027,0.85834165,0.37104763,10.13556283,10.22746347,1,1,137.82464387,1
909,0.5746232,0.56535224,0.5645293,0.89117476,0.35362753,10.21884329,10.31092474,1,1,123.19065303,1
910,0.58307336,0.58123036,0.56987868,0.9114303,0.33655498,10.16958773,10.25984011,1,1,227.0754283,1
911,0.58286246,0.56518739,0.55343139,0.94140152,0.3198239,10.08635521,10.10610608,1,1,192.67925322,1
912,0.55680635,0.59164576,0.57673249,0.89270719,0.30342742,10.08874758,10.14231407,1,1,1209.67482302,1
913,0.56775262,0.60028555,0.5683007,0.8448889,0.29967372,10.20861326,10.23263741,1,1,472.56237309,1
914,0.56761961,0.59920493,0.56817577,0.87719756,0.28494363,10.49094503,10.56164494,1,1,1330.69109207,1
915,0.55874447,0.59660101,0.58974183,0.8325823,0.26947597,10.14961275,10.19974375,1,1,1160.84565853,1
916,0.56262742,0.57091517,0.57576593,0.78593088,0.29408645,10.25068144,10.33203532,1,1,162.45342553,1
917,0.53769269,0.58368478,0.56381903,0.74022381,0.31776155,10.43546381,10.50699534,1,1,103.71808194,1
918,0.54737251,0.56646174,0.58806148,0.77491399,0.30140632,10.09261437,10.09335005,1,1,757.8417863,1
919,0.5344948,0.56229913,0.56378221,0.73146734,0.28545061,10.26227638,10.33590438,1,1,307.28139855,1
920,0.54207987,0.56784218,0.58280576,0.68687199,0.28533845,10.38259378,10.3914848,1,1,106.25477033,1
921,0.54281973,0.57012754,0.56175757,0.67906047,0.26963841,10.12368059,10.15943162,1,1,183.13915486,1
922,0.54355993,0.57141766,0.5616632,0.63548019,0.29424113,10.23791178,10.24489425,1,1,205.10865882,1
923,0.55379901,0.50541184,0.55918174,0.59277059,0.31835629,10.41049332,10.42822813,1,1,780.39868845,1
924,0.5334245,0.52931719,0.57594862,0.55112605,0.34191291,10.39596186,10.45060411,1,1,137.37049002,1
925,0.53934107,0.54263137,0.56869396,0.58964039,0.35589741,10.0610777,10.09760007,1,1,701.0955442,1
926,0.5125515,0.53397859,0.57054479,0.62784755,0.37427556,10.20276409,10.22015722,1,1,101.24361691,1
927,0.49910062,0.55387006,0.57297499,0.66528953,0.35679029,10.11908141,10.17614401,1,1,124.06257617,1
928,0.49921255,0.55338867,0.57261232,0.696217,0.37961105,10.12328043,10.15396631,1,1,101.13808703,1
929,0.4813899,0.56151169,0.5838786,0.71104144,0.40201019,10.52073395,10.60946614,1,1,1228.45853332,1
930,0.4820483,0.54849899,0.58809149,0.74680507,0.38397004,10.08534452,10.09623917,1,1,103.02130548,1
931,0.48971932,0.54397595,0.5725043,0.70208889,0.4062259,10.34972716,10.38375706,1,1,101.1673737,1
932,0.50324828,0.55396388,0.57286497,0.73804671,0.42810119,10.51158341,10.61310244,1,1,337.67796192,1
933,0.48206637,0.53273354,0.59124037,0.69341671,0.40953931,10.44247637,10.4863039,1,1,281.34694459,1
934,0.50544069,0.54271822,0.58653022,0.6524316,0.39136054,10.05439182,10.11961252,1,1,484.55140406,1
935,0.50550296,0.54057856,0.58659475,0.61739609,0.41330531,10.40306065,10.41030126,1,1,133.64216643,1
936,0.46015719,0.53526215,0.58731916,0.61267879,0.43503919,10.36417345,10.3695127,1,1,150.04597185,1
937,0.46716858,0.5162592,0.58852477,0.65039692,0.45623917,10.3914188,10.45935221,1,1,1268.69774225,1
938,0.48050854,0.52742758,0.58971898,0.6073893,0.47595926,10.07567729,10.14350167,1,1,1439.4131799,1
939,0.4774857,0.51593895,0.58700746,0.6452337,0.45644008,10.31270359,10.33952113,1,1,101.52006384,1
940,0.47065616,0.51408697,0.58371663,0.68231612,0.47697146,10.18819982,10.21643791,1,1,358.12823047,1
941,0.47127534,0.51846743,0.58384772,0.63866985,0.45821716,10.08175193,10.15173289,1,1,1405.13708709,1
942,0.49309202,0.56190699,0.60836779,0.67227761,0.47905276,10.22560545,10.29020004,1,1,219.82217403,1
943,0.48768448,0.55182005,0.60405837,0.70883206,0.4594717,10.10679063,10.1847491,1,1,762.85114259,1
944,0.49636555,0.56396677,0.58734733,0.69387365,0.48028222,10.2778532,10.28934707,1,1,373.90021327,1
945,0.50754943,0.54350085,0.57749376,0.64999824,0.4611648,10.07310201,10.13061328,1,1,163.42527421,1
946,0.51702649,0.53159917,0.58168384,0.60808178,0.48142949,10.2979928,10.3606756,1,1,482.77998291,1
947,0.51610872,0.52939174,0.58208868,0.64591957,0.46180094,9.95593323,10.05413649,1,1,801.58052698,1
948,0.46929305,0.50393435,0.60054909,0.60300118,0.44256492,10.24802731,10.30709428,1,1,1209.39669494,1
949,0.4873789,0.51373467,0.58533683,0.64093767,0.46371362,10.21312033,10.23132198,1,1,719.71971406,1
950,0.49163583,0.49900693,0.5710431,0.59865429,0.4844393,9.87432438,9.88824661,1,1,419.34513241,1
951,0.47779428,0.49481321,0.58621543,0.55668121,0.50474925,10.19124684,10.25529818,1,1,1470.26141385,1
952,0.4715785,0.48307829,0.58834159,0.51555123,0.48497989,10.07855212,10.1260786,1,1,718.77126334,1
953,0.47147219,0.48398645,0.58797693,0.5552032,0.48238516,9.71550997,9.73162933,1,1,707.94094324,1
954,0.50621898,0.52777533,0.6139442,0.5907142,0.46296051,10.04912272,10.08733302,1,1,988.37880576,1
955,0.520337,0.52584703,0.5837635,0.59760318,0.47149755,10.29214073,10.3522683,1,1,104.27731648,1
956,0.52465751,0.52759882,0.5990937,0.55575907,0.45206949,9.97278711,10.04364071,1,1,360.00313671,1
957,0.52934733,0.53003247,0.59922333,0.59464353,0.43381619,10.00820427,10.06005303,1,1,493.26668035,1
958,0.51858771,0.54212997,0.58755996,0.63273623,0.43331699,10.10869617,10.12769766,1,1,671.02987743,1
959,0.52002944,0.54866187,0.6031519,0.59071103,0.41513827,10.35285203,10.39387956,1,1,111.4381176,1
960,0.51954731,0.54948052,0.60313691,0.5548229,0.43535216,10.17579492,10.23975887,1,1,154.30563407,1
961,0.50547395,0.53704263,0.60971472,0.59372324,0.41664635,10.34375014,10.38214631,1,1,1206.65190054,1
962,0.48116076,0.54552641,0.63109245,0.63182747,0.43817813,10.35774259,10.39996887,1,1,129.03236615,1
963,0.48748553,0.54670721,0.61586574,0.66696381,0.4594145,10.26973988,10.30347493,1,1,708.49385008,1
964,0.49044926,0.53197685,0.61722812,0.69262559,0.4456969,10.54957955,10.56980047,1,1,237.05030513,1
965,0.48866873,0.52124443,0.59769585,0.71501919,0.46259877,10.08008296,10.08623027,1,1,476.12077638,1
966,0.50390373,0.51460244,0.62396259,0.6710111,0.48205493,10.35631232,10.45477955,1,1,109.44002972,1
967,0.49151431,0.51044867,0.60108963,0.70759088,0.50241383,9.98974853,10.03837655,1,1,100.44200659,1
968,0.49133483,0.511179,0.60132703,0.743439,0.52220456,10.26541223,10.31593028,1,1,106.17556173,1
969,0.54474136,0.5297179,0.61815569,0.69857022,0.54176047,10.32243157,10.42068718,1,1,563.95447322,1
970,0.55623363,0.55435357,0.60252256,0.72084928,0.52095996,10.30975461,10.37337993,1,1,118.13740621,1
971,0.53453919,0.54449227,0.61245913,0.75638882,0.50054076,10.3001847,10.37787301,1,1,574.29760148,1
972,0.548079,0.57654703,0.59481743,0.79125879,0.51874601,10.22630927,10.26082989,1,1,105.98606203,1
973,0.53385244,0.57672307,0.60168544,0.82514093,0.53837109,10.03764361,10.0672059,1,1,139.6582061,1
974,0.53623479,0.57085867,0.60931734,0.7786647,0.51760408,10.07460816,10.12426782,1,1,250.56174828,1
975,0.53674743,0.56878796,0.60909375,0.81308016,0.497252,10.41177127,10.48107415,1,1,104.54388235,1
976,0.51276251,0.54465493,0.63184678,0.84681724,0.47886972,10.45722257,10.49081464,1,1,180.34808729,1
977,0.49433716,0.53899856,0.6260057,0.79988302,0.4606952,10.49842801,10.58254673,1,1,370.01507583,1
978,0.50436807,0.53315503,0.63359146,0.75391557,0.4814813,10.03591623,10.12626408,1,1,136.21185623,1
979,0.50906981,0.54162965,0.61862519,0.70941662,0.50152187,10.26231211,10.27582988,1,1,139.44728208,1
980,0.51287802,0.52563986,0.62751367,0.74107174,0.48149143,9.71478159,9.71598874,1,1,966.65140128,1
981,0.50792076,0.53316848,0.6044932,0.77625031,0.46321,10.35551594,10.45258817,1,1,1569.27994338,1
982,0.50047219,0.51057088,0.60628767,0.79870041,0.48394346,10.33693204,10.37846023,1,1,235.37183646,1
983,0.50034294,0.51369856,0.60615121,0.7527264,0.46500651,10.08681319,10.10685573,1,1,1435.60255064,1
984,0.50695597,0.61273634,0.58315652,0.78766601,0.48343842,10.23706988,10.2753339,1,1,253.51923359,1
985,0.52726732,0.61438579,0.51087398,0.7419205,0.46376965,10.39933935,10.41557104,1,1,1107.45431455,1
986,0.55090759,0.59451938,0.4581713,0.74731631,0.44449426,10.17695012,10.19189021,1,1,116.43440465,1
987,0.55000833,0.58677098,0.42788225,0.7026326,0.42832945,10.38631549,10.42541079,1,1,1025.83933288,1
988,0.54989857,0.58371317,0.4280779,0.73857971,0.40976644,10.09745816,10.1623112,1,1,110.33083405,1
989,0.5431362,0.57172924,0.43366519,0.74810888,0.43157082,10.19564723,10.19694454,1,1,147.4649219,1
990,0.5483646,0.55336652,0.45267933,0.71834304,0.45254439,10.24400403,10.27829695,1,1,111.12841458,1
991,0.51778215,0.54888437,0.44695195,0.75392436,0.47260408,10.10521601,10.10875136,1,1,341.75776323,1
992,0.51431996,0.5686412,0.43995024,0.78884576,0.49315199,10.31830594,10.35640188,1,1,100.57575295,1
993,0.51481023,0.54626418,0.45863807,0.74306896,0.47328897,10.24877181,10.33331074,1,1,193.33185809,1
994,0.49570159,0.54162949,0.44849831,0.7781882,0.45382319,10.22825818,10.23534578,1,1,116.32093205,1
995,0.49522539,0.5389283,0.44843897,0.73262461,0.43474725,9.99200815,9.99491444,1,1,143.12892518,1
996,0.55952568,0.58549767,0.46235628,0.71326335,0.45604677,10.39934406,10.49649542,1,1,155.50659414,1
997,0.57231989,0.56726846,0.47471756,0.70920105,0.47690245,10.08220893,10.16717934,1,1,163.37302228,1
998,0.54597706,0.56921043,0.47058958,0.74501665,0.4907872,10.14051709,10.22690323,1,1,802.90805978,1
999,0.55553493,0.60788456,0.46200051,0.70011644,0.47231614,10.1490092,10.23906012,1,1,881.96413361,1
1000,0.56604291,0.58257159,0.48044841,0.65611411,0.45286982,10.11112455,10.14811268,1,1,179.08951376,1
1001,0.55345446,0.59932009,0.48026808,0.69299118,0.43381292,10.12840674,10.12880057,1,1,332.37136014,1
1002,0.55320641,0.5997539,0.4804949,0.68793868,0.41789318,10.22808027,10.2607272,1,1,101.08133143,1
1003,0.49844404,0.59597932,0.50834008,0.70198295,0.41668827,10.13248806,10.14308975,1,1,138.75318525,1
1004,0.50554614,0.57428278,0.48860553,0.73794327,0.3984363,10.2747024,10.27704884,1,1,105.03705208,1
1005,0.5057983,0.57716514,0.50854491,0.70491384,0.38046791,10.14321545,10.17704629,1,1,101.64409086,1
1006,0.52118108,0.55962776,0.49398293,0.74081312,0.36849059,10.18582394,10.23524482,1,1,131.8778874,1
1007,0.49537466,0.55277038,0.50641178,0.76482819,0.36900052,10.23775471,10.29051787,1,1,286.1835998,1
1008,0.50487918,0.55081081,0.48994146,0.75947108,0.35366356,10.1169913,10.19314965,1,1,964.5210141,1
1009,0.51386558,0.55720481,0.5094526,0.79428129,0.33677855,10.51928338,10.54537753,1,1,230.72098958,1
1010,0.51423898,0.55996476,0.50940358,0.74839567,0.35796621,10.38133111,10.42776017,1,1,302.77396973,1
1011,0.48060452,0.54924524,0.5323771,0.77764603,0.34934092,10.02361754,10.10917862,1,1,274.49290842,1
1012,0.48340682,0.56894278,0.51320562,0.73209324,0.36872345,10.14828229,10.14914084,1,1,116.33425757,1
1013,0.48946651,0.53577627,0.53062479,0.71923054,0.35134903,10.43026003,10.45118057,1,1,493.22121104,1
1014,0.48596301,0.54778386,0.51065698,0.67485385,0.37402556,10.15294688,10.22461788,1,1,199.32529185,1
1015,0.48713806,0.54099265,0.51884738,0.67857298,0.3956997,10.10149094,10.14697727,1,1,354.8576726,1
1016,0.48712923,0.54030135,0.51914393,0.71500137,0.37778575,10.14909352,10.20297635,1,1,314.04940345,1
1017,0.47195344,0.55779063,0.53389087,0.75070134,0.36026877,10.27980534,10.35535817,1,1,103.62497209,1
1018,0.48191834,0.55166894,0.53705193,0.78542146,0.34448224,10.11245585,10.12774901,1,1,150.50687791,1
1019,0.4733428,0.53240005,0.51827231,0.75143372,0.36756829,10.34545165,10.43525891,1,1,895.35457752,1
1020,0.47802776,0.54862594,0.52376825,0.78640338,0.36491055,9.98017766,10.04669219,1,1,109.5373586,1
1021,0.49626009,0.51819868,0.51523866,0.8206181,0.38761234,10.12881769,10.21836318,1,1,588.26542163,1
1022,0.49614569,0.518491,0.51546643,0.77430889,0.40986009,9.99894069,10.03881172,1,1,123.61848489,1
1023,0.53989926,0.57888957,0.52589346,0.72882271,0.431584,10.3236027,10.40548761,1,1,176.16839123,1
1024,0.54113051,0.56915467,0.51786143,0.68424626,0.45294862,10.08931071,10.14546464,1,1,715.69827737,1
1025,0.53638603,0.5833851,0.5075293,0.72053239,0.45471749,10.22278208,10.23311548,1,1,1266.70111227,1
1026,0.56173576,0.57529262,0.51611424,0.67637911,0.47522064,10.30543335,10.35802893,1,1,300.7240771,1
1027,0.56187478,0.57899695,0.51606548,0.712714,0.45609184,10.12633933,10.14012426,1,1,112.64132665,1
1028,0.51405411,0.54667317,0.53813536,0.67028993,0.47691827,10.60781547,10.63423905,1,1,194.19697242,1
1029,0.5304061,0.5475359,0.54229369,0.6272303,0.46004803,10.39536769,10.43882826,1,1,393.37006273,1
1030,0.52347756,0.54989104,0.54249636,0.58776513,0.44377029,10.25142721,10.28866888,1,1,1329.14259289,1
1031,0.50946313,0.53943744,0.52271996,0.54601025,0.4249608,10.15939121,10.24374105,1,1,819.87818836,1
1032,0.51966113,0.52701681,0.54397581,0.50677377,0.40666338,10.03830966,10.06686133,1,1,200.77749206,1
1033,0.49883466,0.53995126,0.52092335,0.5101182,0.38853834,10.45959033,10.54245554,1,1,147.36835132,1
1034,0.52322232,0.51286837,0.51442761,0.54982937,0.37363968,10.08480665,10.1433436,1,1,220.79733174,1
1035,0.52370316,0.51089994,0.51407763,0.50883561,0.35616742,10.48997258,10.49905336,1,1,100.15498781,1
1036,0.5417793,0.47197939,0.53498527,0.5486589,0.33904417,10.3802475,10.40966823,1,1,117.43143507,1
1037,0.52320604,0.46941514,0.53158496,0.58372218,0.36226328,10.13265493,10.14911679,1,1,316.95926437,1
1038,0.51946612,0.48134443,0.52267171,0.62194244,0.38501801,10.26520059,10.27328473,1,1,133.23093959,1
1039,0.49965976,0.48331881,0.53636796,0.6154667,0.37421337,10.03158835,10.03953963,1,1,135.33057282,1
1040,0.50499416,0.50373499,0.51594862,0.64585841,0.3567291,10.18689275,10.18878322,1,1,348.81619149,1
1041,0.504734,0.50232583,0.51597155,0.6029423,0.33959452,10.11342802,10.20398858,1,1,301.76736298,1
1042,0.45860622,0.50747301,0.52174696,0.64088345,0.36280258,10.26901343,10.36089259,1,1,218.31487745,1
1043,0.46447886,0.50699958,0.53989455,0.67806305,0.38553965,10.31263441,10.3201327,1,1,249.41262835,1
1044,0.45844239,0.49984315,0.53024384,0.6345153,0.40778068,9.97907479,10.05386211,1,1,101.58752383,1
1045,0.48464024,0.48701835,0.51929917,0.59183694,0.42962119,10.4892344,10.58892001,1,1,571.37532026,1
1046,0.46757828,0.47850506,0.53100942,0.63000017,0.41193339,10.32577971,10.4163335,1,1,117.49496012,1
1047,0.48196289,0.48567555,0.52978418,0.58914902,0.43369472,10.02789651,10.0701594,1,1,213.45386727,1
1048,0.48177843,0.48636682,0.52965465,0.62736596,0.45103255,10.22068173,10.30182224,1,1,1022.54122279,1
1049,0.47546862,0.54257297,0.54083867,0.58569337,0.43411326,10.17442775,10.23574682,1,1,100.64284357,1
1050,0.49513691,0.51670851,0.52992097,0.62396887,0.45543098,10.00788942,10.07139981,1,1,520.24217531,1
1051,0.49964908,0.51533088,0.52836694,0.5815222,0.45286704,10.20906249,10.27835451,1,1,381.82496036,1
1052,0.49940049,0.50882815,0.52485598,0.53989506,0.4338845,10.52307848,10.53784842,1,1,193.22282442,1
1053,0.49908768,0.50316635,0.55119599,0.57428101,0.41548549,9.77491832,9.80147859,1,1,172.13857806,1
1054,0.49849943,0.50355555,0.55116712,0.61243302,0.43711853,10.29606833,10.33025166,1,1,1343.08530136,1
1055,0.45429833,0.48649137,0.57267294,0.57018445,0.45833121,10.16181998,10.2568727,1,1,1412.77782056,1
1056,0.4594281,0.49250997,0.57628253,0.52878077,0.47916459,10.20584322,10.27795928,1,1,914.99086415,1
1057,0.45036915,0.47497039,0.57194104,0.48925717,0.49950299,10.25678939,10.34030127,1,1,1191.18312323,1
1058,0.46804876,0.48380047,0.57279403,0.44964073,0.47962953,10.23083098,10.26966511,1,1,101.48821369,1
1059,0.44958907,0.45492621,0.56394054,0.4902477,0.46585248,10.07834937,10.17112383,1,1,103.26770708,1
1060,0.46373379,0.45502588,0.5684296,0.45875279,0.48653542,10.30931254,10.35134009,1,1,622.32347705,1
1061,0.4632401,0.45643833,0.56847602,0.49957276,0.46686999,10.05004511,10.0956083,1,1,106.10467453,1
1062,0.48475693,0.56439564,0.58243546,0.53776165,0.4530444,10.13915145,10.17044915,1,1,453.61284427,1
1063,0.48383088,0.53706921,0.56389767,0.57699601,0.43406501,10.23919452,10.32718368,1,1,101.93313821,1
1064,0.52063168,0.54214812,0.56980725,0.53603743,0.45538366,10.44134296,10.54308562,1,1,135.02627434,1
1065,0.52277527,0.54253953,0.57735884,0.57531666,0.47627129,10.47345891,10.57782783,1,1,326.02745934,1
1066,0.51083371,0.50884452,0.57738507,0.53505695,0.45674603,10.38189426,10.41622406,1,1,129.82495156,1
1067,0.51161004,0.50918247,0.57726428,0.56739192,0.47759836,10.00832193,10.07461876,1,1,148.95250276,1
1068,0.56899529,0.49864665,0.56177049,0.60600108,0.45806982,9.92870871,9.96086651,1,1,793.93134895,1
1069,0.55357335,0.5126711,0.57237762,0.64314109,0.47370592,10.14340105,10.2133561,1,1,322.15564126,1
1070,0.54750332,0.52290749,0.54957043,0.65963205,0.47655451,9.96330738,10.03191543,1,1,1046.38805202,1
1071,0.54658569,0.54362367,0.51518735,0.69632751,0.49702342,10.20147819,10.24161599,1,1,191.44874639,1
1072,0.5461119,0.54293852,0.51515484,0.65356281,0.47708305,10.11549536,10.18369013,1,1,222.15746664,1
1073,0.5289888,0.53320461,0.54458876,0.61049155,0.45754232,10.26197717,10.35776503,1,1,116.18862202,1
1074,0.51883044,0.53085703,0.53300519,0.64757332,0.43839362,10.12591893,10.21867389,1,1,140.99946633,1
1075,0.52670881,0.52809861,0.52366799,0.60541203,0.45962575,10.01915139,10.09900764,1,1,153.23007261,1
1076,0.52486701,0.51216759,0.53625219,0.64330368,0.47015029,10.25950795,10.26043767,1,1,246.66724473,1
1077,0.50341277,0.50576948,0.53771591,0.60043761,0.47346781,10.33948493,10.4280194,1,1,1257.12866296,1
1078,0.52614949,0.49717665,0.51375919,0.62746011,0.45399845,10.32251234,10.38078851,1,1,111.22361452,1
1079,0.51830653,0.48869276,0.5216978,0.6640701,0.43491848,10.32678802,10.37560727,1,1,125.73566376,1
1080,0.5037899,0.49599791,0.52462158,0.65436539,0.41622499,10.06329788,10.06708029,1,1,115.43283916,1
1081,0.50393155,0.49695437,0.52465323,0.61128979,0.39790052,10.03401952,10.03918694,1,1,218.04785462,1
1082,0.55581949,0.52413544,0.53124687,0.56906608,0.41767458,10.40767987,10.49302752,1,1,191.21273177,1
1083,0.5573627,0.53463287,0.5318625,0.52775096,0.3993211,9.91934934,10.00376223,1,1,357.57678342,1
1084,0.55515163,0.5380622,0.53583613,0.48719901,0.41460241,10.20995554,10.23555832,1,1,1171.55965902,1
1085,0.55238074,0.55931086,0.50812601,0.44750338,0.43596791,10.03951657,10.1225136,1,1,353.95708428,1
1086,0.55267668,0.55908564,0.50790895,0.4090495,0.45724855,10.23814986,10.3082399,1,1,180.27177836,1
1087,0.52317412,0.52555334,0.53189783,0.44999264,0.44793535,10.43146282,10.44681305,1,1,109.73527022,1
1088,0.53207114,0.5163433,0.51213937,0.49086443,0.44505725,10.32462109,10.36371823,1,1,102.05889986,1
1089,0.52693349,0.53922752,0.51037488,0.46364,0.4661561,10.11225143,10.15814682,1,1,318.06943793,1
1090,0.53044769,0.51806236,0.509433,0.5043605,0.48683298,9.9792889,10.06973693,1,1,118.62215313,1
1091,0.52339052,0.51978381,0.52110427,0.54427329,0.46709632,10.32375722,10.40599178,1,1,625.34944795,1
1092,0.52358761,0.51889157,0.52096282,0.57000824,0.46615767,10.3424988,10.43332818,1,1,149.99717679,1
1093,0.5685071,0.51292324,0.52488349,0.52860808,0.44683469,10.19224291,10.24438453,1,1,173.35901681,1
1094,0.57369969,0.50715656,0.53935631,0.48809573,0.46079974,10.25449213,10.25794542,1,1,109.3420406,1
1095,0.55764457,0.5226991,0.53169713,0.52833382,0.47304315,10.25853501,10.31672227,1,1,105.7280457,1
1096,0.56142375,0.53097846,0.52964744,0.48776717,0.47746512,10.28911178,10.32708512,1,1,215.09712056,1
1097,0.53344038,0.54299042,0.5300205,0.44801223,0.49788804,10.0184081,10.05497018,1,1,473.12530604,1
1098,0.53387065,0.54074448,0.53028919,0.41789902,0.51793027,10.11066492,10.14893723,1,1,564.28632379,1
1099,0.51778711,0.49345676,0.56066905,0.37954104,0.53754395,10.38380855,10.48351916,1,1,124.26146409,1
1100,0.49042492,0.49577698,0.55222436,0.42195022,0.5321707,10.3069676,10.36591611,1,1,987.96999831,1
1101,0.49232397,0.48985206,0.55053198,0.38351135,0.51152837,10.04035728,10.12907758,1,1,281.40919057,1
1102,0.48080449,0.5065349,0.53476618,0.42584112,0.4920348,10.31846087,10.3503953,1,1,178.17470869,1
1103,0.49033632,0.48769342,0.54647169,0.46728249,0.4729472,10.22522975,10.30078724,1,1,485.82032923,1
1104,0.49737662,0.4907458,0.54975189,0.50793136,0.45348826,10.43844694,10.54174767,1,1,407.84794438,1
1105,0.49772787,0.48877377,0.55007849,0.46842404,0.43444235,10.00591623,10.09586823,1,1,302.00699989,1
1106,0.53865629,0.48984869,0.56982112,0.43826355,0.42409909,10.12185786,10.15591748,1,1,152.80258284,1
1107,0.54006863,0.51850579,0.5474825,0.47946956,0.40570594,10.19917485,10.28486675,1,1,149.59497616,1
1108,0.55344869,0.51849895,0.56220398,0.5189763,0.42710962,10.04747224,10.1271554,1,1,231.26793438,1
1109,0.53924227,0.52126355,0.56439002,0.55797991,0.44852904,10.34744857,10.37938043,1,1,168.104779,1
1110,0.53467317,0.52565935,0.54645332,0.51682162,0.42994513,10.10676675,10.11864401,1,1,1501.25024249,1
1111,0.53963875,0.533696,0.55473153,0.4874494,0.4231208,9.99826414,9.99958592,1,1,295.27873582,1
1112,0.53932187,0.53120748,0.55445875,0.46728348,0.40465838,10.412541,10.43198018,1,1,677.55335355,1
1113,0.59206753,0.48328504,0.57356955,0.42813293,0.42655647,10.21202456,10.21365544,1,1,330.48116599,1
1114,0.57188853,0.50882627,0.56940827,0.38957028,0.44801991,10.35858632,10.39996083,1,1,147.47131886,1
1115,0.55336877,0.53305584,0.54847329,0.43088912,0.44283879,9.83165349,9.85446412,1,1,205.12958538,1
1116,0.54542042,0.52159233,0.56117517,0.40632897,0.46398066,10.1286237,10.17512374,1,1,146.15262907,1
1117,0.54792474,0.52185399,0.57054272,0.36870732,0.44470105,10.33756716,10.39608695,1,1,157.63864487,1
1118,0.54825124,0.52194137,0.57052526,0.34701939,0.43510939,9.88661023,9.9231296,1,1,579.83695232,1
1119,0.5953557,0.51494088,0.60289713,0.390079,0.41640721,10.20297042,10.27874998,1,1,263.66611318,1
1120,0.60730863,0.51107394,0.58177862,0.35228741,0.39976198,10.37648068,10.41939957,1,1,477.85338455,1
1121,0.58222313,0.51226968,0.57191777,0.31526352,0.39224204,10.28790597,10.30860514,1,1,766.70504863,1
1122,0.56986464,0.53006378,0.59382946,0.35277508,0.41431517,10.02064684,10.02951162,1,1,156.4888152,1
1123,0.56227913,0.54989765,0.58248556,0.39571406,0.4352469,10.57056906,10.65921117,1,1,1410.79504779,1
1124,0.55996093,0.56328203,0.56412663,0.35972865,0.45640932,10.09411589,10.13068508,1,1,148.69494715,1
1125,0.5464488,0.56021019,0.59104716,0.40235182,0.47725811,10.09401246,10.1137754,1,1,291.80001051,1
1126,0.54611728,0.56194761,0.59083788,0.44418213,0.45771336,10.11802962,10.19442911,1,1,122.74725489,1
1127,0.52908659,0.52460152,0.5883403,0.46906521,0.47570737,10.30638301,10.36280595,1,1,260.3018707,1
1128,0.51746768,0.51709385,0.60958708,0.50962789,0.4566521,10.32439661,10.39887185,1,1,105.41144681,1
1129,0.533095,0.53082662,0.59368573,0.54889413,0.4775179,10.52541094,10.56629578,1,1,437.39779791,1
1130,0.5241794,0.51870563,0.59752724,0.58674068,0.47483454,10.35912254,10.41316671,1,1,568.59000688,1
1131,0.50155805,0.52315293,0.58264934,0.62359483,0.45581782,10.21984709,10.24464194,1,1,418.47251253,1
1132,0.50194928,0.52382738,0.58287075,0.58112335,0.43670146,10.07316888,10.09129761,1,1,152.51340283,1
1133,0.48455336,0.51500298,0.58059567,0.61947765,0.45543323,10.32664813,10.39652016,1,1,963.81095221,1
1134,0.48591288,0.5119282,0.56933925,0.65602577,0.4564872,10.4366489,10.53801007,1,1,257.9986542,1
1135,0.47229909,0.49001802,0.55727742,0.61290956,0.47735608,10.02537409,10.09307431,1,1,240.73185211,1
1136,0.47926132,0.50390963,0.56139759,0.57065184,0.49451237,10.08257587,10.11995315,1,1,1272.77323994,1
1137,0.47150204,0.49736559,0.54875108,0.60923762,0.514622,10.28410737,10.29548547,1,1,105.18776866,1
1138,0.47119906,0.49927994,0.5490898,0.64566693,0.53432956,10.35098404,10.36734298,1,1,129.36188508,1
1139,0.47381757,0.59205495,0.5558383,0.60275378,0.52853539,10.02086509,10.04019362,1,1,1033.17162921,1
1140,0.47853882,0.58211287,0.56187964,0.6406987,0.50797997,10.20614891,10.21065647,1,1,130.63417653,1
1141,0.50571322,0.5531754,0.56978437,0.59961779,0.50787738,10.04161402,10.07406744,1,1,634.52722134,1
1142,0.49831134,0.54064584,0.56849455,0.63762543,0.49327342,10.28430292,10.34757311,1,1,129.60531977,1
1143,0.49919136,0.52842211,0.55568108,0.59543249,0.4734082,10.35186588,10.36633373,1,1,145.5229832,1
1144,0.49920091,0.52705239,0.55580687,0.633395,0.47711458,10.13164266,10.14521075,1,1,200.86576262,1
1145,0.5601991,0.5314307,0.55856706,0.67072569,0.45757238,10.11910909,10.17612562,1,1,117.16707736,1
1146,0.55774338,0.54949907,0.58112935,0.70727889,0.44136437,10.17137665,10.21276159,1,1,100.65474019,1
1147,0.56264708,0.55056732,0.56349471,0.74313323,0.45463373,10.24826346,10.28671672,1,1,100.88029718,1
1148,0.53701625,0.55912491,0.56183633,0.69827199,0.43554162,10.10559574,10.18419151,1,1,459.01321093,1
1149,0.54760604,0.56283994,0.5711764,0.68816216,0.42907056,10.02859159,10.07216939,1,1,249.95972648,1
1150,0.54729689,0.56154781,0.57108454,0.64591256,0.41048915,10.34353431,10.39833791,1,1,1111.64308038,1
1151,0.52847598,0.53151893,0.5955626,0.60299444,0.39250732,10.24668325,10.33830505,1,1,214.35488536,1
1152,0.50303184,0.52278658,0.58612994,0.64093455,0.37694673,10.20300283,10.2169183,1,1,218.33081615,1
1153,0.52248521,0.54422913,0.57436278,0.59834227,0.35941936,10.1219451,10.1545219,1,1,133.53692029,1
1154,0.5031277,0.5183506,0.56510679,0.62573745,0.37234733,10.36204463,10.43544492,1,1,594.65839774,1
1155,0.52022165,0.5098271,0.55968896,0.66316609,0.39490037,10.23697167,10.32047262,1,1,197.78262327,1
1156,0.51319522,0.53216947,0.57981175,0.61990558,0.38392327,10.02117877,10.09371506,1,1,124.22597394,1
1157,0.51307372,0.53069414,0.57955113,0.57750753,0.40623945,10.33620092,10.40192724,1,1,103.64011341,1
1158,0.55172225,0.54427141,0.59075233,0.60867396,0.42802466,10.06313219,10.10673908,1,1,116.63433168,1
1159,0.55470151,0.56161136,0.58908932,0.57394202,0.40970548,10.13945192,10.18666907,1,1,106.24084339,1
1160,0.53972884,0.56694309,0.58865167,0.60965917,0.43151137,9.96866028,10.04777378,1,1,380.06599697,1
1161,0.53624215,0.57402084,0.57914244,0.6474456,0.45288114,10.20191026,10.23233109,1,1,164.94867175,1
1162,0.52985809,0.58607066,0.58958767,0.60449688,0.46989784,10.38886605,10.48216644,1,1,135.50004233,1
1163,0.5299031,0.58613179,0.58939753,0.64237391,0.47794195,10.05435465,10.11250764,1,1,193.6648095,1
1164,0.56437574,0.5351527,0.60611902,0.63611397,0.49807868,10.15504187,10.25196023,1,1,186.10969729,1
1165,0.55236434,0.53391083,0.60254694,0.59472983,0.51811429,10.14564807,10.21196616,1,1,160.66798715,1
1166,0.53065972,0.56894087,0.57556767,0.63283436,0.497752,10.38435461,10.42172685,1,1,1439.7063496,1
1167,0.52124724,0.57515088,0.58922468,0.67011644,0.51641398,10.06820607,10.13325847,1,1,114.90271779,1
1168,0.51102698,0.57411871,0.59617128,0.62829203,0.50591851,10.29100954,10.31902605,1,1,320.87518075,1
1169,0.51119593,0.57268512,0.59610647,0.62870673,0.52579748,9.96989624,10.04228392,1,1,104.93129002,1
1170,0.51042347,0.538138,0.5735465,0.58633014,0.50548954,9.99657709,10.02563002,1,1,113.68939336,1
1171,0.496589,0.53494115,0.54416898,0.56817752,0.52537974,10.08176238,10.15070248,1,1,193.70981541,1
1172,0.47897771,0.54196239,0.51377345,0.52703449,0.54449523,10.23233679,10.32338027,1,1,440.5284952,1
1173,0.48092767,0.56335444,0.50505476,0.4864939,0.52370671,9.88831954,9.96757553,1,1,376.45530708,1
1174,0.48047678,0.56184871,0.50480583,0.44676417,0.51450944,10.19643216,10.28680206,1,1,784.63803108,1
1175,0.47976816,0.63223315,0.50507739,0.40785418,0.53421925,10.09329854,10.12996275,1,1,236.27506196,1
1176,0.48033257,0.60750877,0.53406034,0.36969718,0.51355686,10.14248968,10.16282152,1,1,100.54353692,1
1177,0.49843944,0.59114322,0.50517337,0.41192305,0.51349055,10.29607124,10.37664845,1,1,161.61692419,1
1178,0.50866293,0.58367521,0.53354537,0.45366626,0.49322074,10.23985508,10.28839045,1,1,196.7657094,1
1179,0.50630462,0.59549528,0.50654632,0.41459294,0.47403295,10.20018317,10.20965515,1,1,990.72338825,1
1180,0.50634219,0.59397108,0.50642521,0.37660442,0.45610462,10.29441963,10.33515097,1,1,282.32690608,1
1181,0.46050742,0.6285762,0.51823595,0.33907236,0.43698296,10.17535276,10.21934456,1,1,156.00173793,1
1182,0.46375203,0.60771245,0.51299337,0.25836848,0.49973709,9.92279674,9.98259335,1,1,224.9176134,0
1183,0.48634526,0.58764265,0.53178566,0.14818934,0.44456974,10.12310031,10.12756641,1,1,119.38410573,0
1184,0.49541077,0.58024215,0.50773138,0.2747141,0.51160591,10.0042032,10.09573434,1,1,318.55854134,0
1185,0.49676327,0.58494905,0.50894687,0.16003658,0.57611163,10.02315996,10.07379488,1,1,1330.71171571,0
1186,0.49397176,0.58384733,0.53537332,0.0468394,0.64278156,9.99496985,10.0373123,1,1,107.88798591,0
1187,0.49329822,0.58332518,0.53498277,0.17590065,0.71182517,10.0556308,10.05637417,1,1,110.73503516,0
1188,0.45780063,0.54638634,0.53101385,0.06244353,0.77755459,10.20119677,10.23325071,1,1,253.67928432,0
1189,0.49407452,0.49793938,0.48311504,0,0.84153033,10.12648128,10.17218836,1,1,1100.48374386,0
1190,0.52069327,0.4062583,0.45134458,0,0.79833874,10.30755622,10.37440316,1,1,440.67682473,0
1191,0.57060737,0.34711697,0.41635729,0,0.74907822,10.44329211,10.51423237,1,1,107.44679504,0
1192,0.57303136,0.30564571,0.38978832,0.13,0.81784346,10.10984459,10.12632355,1,1,688.88430445,0
1193,0.57254185,0.30605404,0.38980814,0.01740011,0.88512418,10.14128579,10.22593938,1,1,110.47648467,0
1194,0.60453974,0.36887926,0.44342999,0.14705125,0.95477618,10.01872494,10.07258129,1,1,101.17877723,0
1195,0.61248497,0.42927521,0.47520053,0.03442922,0.90183516,10.41717095,10.50974607,1,1,1364.90172312,0
1196,0.59802692,0.52527656,0.52106711,0.14469463,0.9711278,10.17825834,10.18809569,1,1,299.8257283,0
1197,0.55634401,0.63423578,0.56147735,0.03276817,0.91823852,10.47645013,10.55058417,1,1,166.73586912,0
1198,0.53654452,0.68811976,0.61595708,0,0.98073463,9.91297767,9.93466437,1,1,921.6770564,0
1199,0.53207464,0.74885998,0.6167176,0.12999259,1,10.20445327,10.26171212,1,1,191.43871778,0
1200,0.53152837,0.74701596,0.61649009,0.02089127,0.94740828,10.4805732,10.56272425,1,1,122.74756126,0
1201,0.49815941,0.70146303,0.58869952,0,0.89705293,10.01185851,10.10463669,1,1,251.67836666,0
1202,0.4896342,0.64590386,0.57989459,0.13,0.86152312,10.20407267,10.25720071,1,1,957.53284695,0
1203,0.5024136,0.53601962,0.51273034,0.17670207,0.8496735,10.11383872,10.12780198,1,1,101.01009759,1
1204,0.50633317,0.47564718,0.48124477,0.22316803,0.82268589,10.05068221,10.08310824,1,1,150.35568934,1
1205,0.49631526,0.38618694,0.44556348,0.19782774,0.79623243,10.28619388,10.33448444,1,1,106.61284961,1
1206,0.50639515,0.36324745,0.4137065,0.16387427,0.80808853,10.02176982,10.06790691,1,1,107.3694617,1
1207,0.50619535,0.36354033,0.41358048,0.20963894,0.78207701,10.17350259,10.25834353,1,1,347.08268067,1
1208,0.56939647,0.36752675,0.43759524,0.25544527,0.79643284,10.31214586,10.31311314,1,1,332.76421852,1
1209,0.57321569,0.37528556,0.43531462,0.22034237,0.81050121,10.25284548,10.32876751,1,1,130.61924626,1
1210,0.55663961,0.37777242,0.44098974,0.18593552,0.78429119,10.26449204,10.30150533,1,1,289.07937166,1
1211,0.55227629,0.38611108,0.43940596,0.15983093,0.7986053,10.261269,10.30666703,1,1,114.62345563,1
1212,0.5493285,0.40473664,0.45107111,0.206601,0.77477676,10.44010134,10.50968932,1,1,785.20440483,1
1213,0.54957563,0.4076069,0.43581221,0.25238131,0.74928178,9.85814253,9.8659375,1,1,1156.63303555,1
1214,0.5493538,0.40712945,0.43556961,0.29715282,0.72429614,10.17171434,10.21533559,1,1,120.63844969,1
1215,0.60310279,0.3539253,0.44493055,0.33366442,0.69981034,10.27902485,10.37501594,1,1,120.40319167,1
1216,0.57769369,0.37548867,0.44066864,0.37685376,0.67581442,10.51677345,10.54139703,1,1,553.82758835,1
1217,0.58045076,0.38027577,0.45636986,0.33931684,0.67831838,10.20936726,10.21267785,1,1,978.90177109,1
1218,0.57561989,0.39104116,0.46777049,0.38253024,0.69444339,10.15974517,10.16291442,1,1,154.12096982,1
1219,0.56404743,0.4042678,0.4490819,0.34507956,0.67055505,10.29223617,10.31352262,1,1,249.09945072,1
1220,0.53378169,0.40367509,0.45466321,0.38815994,0.68701005,10.25013188,10.32137403,1,1,594.3791405,1
1221,0.53340337,0.4056913,0.45445475,0.35039952,0.69975754,10.37083882,10.43076117,1,1,247.9971879,1
1222,0.56531288,0.38980213,0.48299224,0.31343684,0.67585864,10.29905249,10.37456675,1,1,135.22268214,1
1223,0.58710209,0.41168292,0.48331138,0.35709998,0.69227214,10.30483708,10.32264673,1,1,428.0292569,1
1224,0.55772041,0.41781055,0.4625291,0.39978266,0.6684326,9.91425744,9.94747874,1,1,104.6620965,1
1225,0.54966624,0.42332716,0.48493231,0.44178668,0.64507564,10.27992598,10.29168551,1,1,271.76119896,1
1226,0.55707136,0.42511928,0.49026917,0.40295096,0.6621673,10.49118174,10.50829265,1,1,139.75588072,1
1227,0.53113251,0.43820456,0.47693032,0.44488143,0.6760926,9.78108457,9.83600794,1,1,329.59850745,1
1228,0.5314931,0.43878567,0.47706445,0.48589806,0.65257365,10.0469949,10.1441792,1,1,147.54974906,1
1229,0.56951616,0.37051341,0.47978219,0.52612575,0.63039236,10.29989188,10.38965253,1,1,1498.02451337,1
1230,0.5341482,0.38141249,0.50417946,0.48561418,0.64769099,10.19227472,10.25896294,1,1,183.74273961,1
1231,0.52103639,0.39503078,0.48547178,0.45126464,0.66472933,10.50228573,10.56588314,1,1,166.94901068,1
1232,0.52802303,0.39489241,0.49711279,0.4867671,0.68096572,10.24852167,10.32497843,1,1,531.55662699,1
1233,0.52174243,0.40120975,0.49768782,0.45756601,0.65734677,10.29721853,10.32050857,1,1,190.89398576,1
1234,0.52161261,0.40265335,0.49737128,0.49709715,0.67419883,10.15351497,10.2343674,1,1,674.54203789,1
1235,0.53516001,0.35708737,0.50444159,0.61312194,0.61494852,10.4280378,10.48954117,1,1,110.58930065,0
1236,0.50806191,0.35622372,0.52713892,0.69206798,0.57954154,10.10129416,10.17420083,1,1,1258.86273417,0
1237,0.49624196,0.37642078,0.50341555,0.60339565,0.62602838,10.26116898,10.27398661,1,1,111.22647131,0
1238,0.48840815,0.37634414,0.51836898,0.72081513,0.61357767,10.30599809,10.35586642,1,1,201.34108777,0
1239,0.48909614,0.38878161,0.51304356,0.83513302,0.54916203,10.02227791,10.12156067,1,1,1313.05266702,0
1240,0.48921125,0.38947391,0.51311176,0.86841756,0.56356654,10.17669386,10.20534201,1,1,275.14073261,1
1241,0.56242652,0.44535476,0.53863318,0.90103102,0.57111202,10.17353684,10.22377284,1,1,109.27430935,1
1242,0.56200323,0.4469229,0.51487155,0.85301324,0.5553891,10.01214365,10.06599228,1,1,140.98906194,1
1243,0.55798313,0.43393317,0.52296908,0.80595512,0.57428101,9.93231906,9.9359225,1,1,622.07455505,1
1244,0.55519128,0.44502263,0.52627642,0.83983602,0.59250982,10.4922788,10.50134384,1,1,112.57583574,1
1245,0.55174251,0.4560245,0.52324403,0.87303798,0.61062344,10.19317253,10.22618401,1,1,408.67632465,1
1246,0.5520777,0.45419519,0.52295528,0.90551897,0.58845402,10.14234811,10.18611965,1,1,1160.49899353,1
1247,0.58773836,0.44860503,0.54076505,0.90954502,0.56668585,10.23909701,10.24346111,1,1,390.07277094,1
1248,0.59677503,0.45100237,0.53007751,0.94130148,0.5852563,9.79442861,9.88848571,1,1,120.22270659,1
1249,0.59338942,0.45902054,0.53721104,0.97238381,0.56357779,10.26602824,10.31830396,1,1,108.86305717,1
1250,0.58359127,0.45621045,0.55134834,0.97090305,0.55011834,10.11057085,10.17870907,1,1,149.00060459,1
1251,0.55303973,0.48781859,0.52258567,1,0.56911249,9.93299866,9.94613949,1,1,117.07000221,1
1252,0.54682522,0.49579399,0.54809519,0.95000003,0.5876404,10.06343643,10.1363916,1,1,219.57005248,1
1253,0.54777415,0.4931266,0.54846589,0.90113514,0.60255533,10.28359468,10.33783882,1,1,120.13509486,1
1254,0.52566915,0.43872582,0.57792481,0.93305253,0.58050424,9.98011026,10.01116819,1,1,132.46564406,1
1255,0.52029126,0.43952656,0.57354637,0.93582029,0.59889413,10.08021027,10.08855813,1,1,276.76767558,1
1256,0.51677097,0.44403297,0.56430246,0.88711814,0.57964601,10.01479078,10.05783843,1,1,1437.04629457,1
1257,0.51184071,0.45206571,0.54784333,0.91937578,0.59805309,10.22643666,10.24119558,1,1,195.16120342,1
1258,0.51887661,0.44930121,0.56503474,0.8721971,0.57609289,10.46692106,10.49795492,1,1,681.69045452,1
1259,0.51845895,0.44863465,0.56532232,0.85705713,0.55468307,10.25336711,10.2711838,1,1,110.36692667,1
1260,0.48520464,0.44832273,0.59556673,0.88991584,0.53511963,10.22800852,10.28871088,1,1,185.40244046,1
1261,0.50247832,0.42558657,0.56921649,0.9221114,0.55441568,9.99988132,10.0420689,1,1,229.42504416,1
1262,0.5093072,0.41886791,0.56154975,0.9446142,0.5333278,10.19639428,10.21986645,1,1,644.76436982,1
1263,0.50259785,0.42813755,0.57764611,0.97391912,0.52015588,10.33290757,10.41558732,1,1,180.10110502,1
1264,0.50839344,0.41234633,0.56861803,1,0.49975377,10.27848512,10.37614697,1,1,167.6134172,1
1265,0.50918948,0.41183544,0.56842675,0.95223121,0.47975944,10.4296716,10.45084944,1,1,476.76851934,1
1266,0.54204445,0.43009959,0.59216963,0.98318652,0.50008615,10.19605941,10.21136783,1,1,869.70650487,1
1267,0.56226727,0.43310768,0.58306495,1,0.48008443,10.13089835,10.15774227,1,1,294.45435106,1
1268,0.53952116,0.44359604,0.58136756,1,0.50030863,10.0933498,10.11836447,1,1,107.38547729,1
1269,0.5241207,0.44917604,0.57662901,1,0.50005396,10.0511709,10.13004179,1,1,120.7684473,1
1270,0.53694896,0.44697849,0.58836948,0.96202119,0.48018317,10.05463199,10.11144876,1,1,112.38001229,1
1271,0.52350978,0.45156442,0.55857151,0.96886275,0.4606277,9.96853368,9.97486601,1,1,129.00425923,1
1272,0.52366479,0.45249764,0.55868806,0.99948547,0.48141177,10.54256253,10.58705294,1,1,108.32436031,1
1273,0.57249324,0.44174203,0.57767681,1,0.46187843,9.98132538,10.00155296,1,1,109.0094208,1
1274,0.58573057,0.45793995,0.57288706,1,0.47142079,10.06630098,10.11129905,1,1,259.45196252,1
1275,0.56077466,0.46258244,0.58033501,0.95,0.49092286,10.43916814,10.45022986,1,1,582.29966316,1
1276,0.56878794,0.47022929,0.56064935,0.9023358,0.47110441,9.92174484,9.94496875,1,1,678.43292337,1
1277,0.56082156,0.48358432,0.57501159,0.85500947,0.49086651,10.09720129,10.10491745,1,1,116.56576121,1
1278,0.56315635,0.48814457,0.54861047,0.87111042,0.5110035,10.13465394,10.20269605,1,1,1066.41872388,1
1279,0.56355066,0.4886025,0.54838919,0.90324661,0.5302056,10.32056496,10.34712175,1,1,152.59154613,1
1280,0.62495464,0.45437972,0.55749413,0.93518168,0.50960155,10.08273818,10.13547968,1,1,111.98361967,1
1281,0.62116038,0.45160743,0.55158055,0.96647805,0.52940952,10.50521528,10.50879057,1,1,130.79006751,1
1282,0.59140673,0.46104388,0.56592243,0.91714849,0.5486058,10.40242621,10.49076471,1,1,551.59538345,1
1283,0.57101536,0.47868905,0.56683265,0.94880552,0.56751806,10.40383763,10.45078253,1,1,182.94593557,1
1284,0.57774822,0.48174702,0.55663328,0.90060538,0.58579035,10.0766982,10.15607513,1,1,320.82093777,1
1285,0.54935425,0.48661043,0.55303753,0.77259327,0.63729717,10.10239394,10.11617742,1,1,109.61050354,0
1286,0.54968601,0.48620457,0.55303725,0.88714009,0.69139776,10.37546661,10.3898108,1,1,340.29729797,0
1287,0.47430885,0.40206242,0.53508868,0.91749832,0.74365494,10.17252578,10.23348762,1,1,509.85102262,0
1288,0.42546455,0.36440434,0.50423048,0.7892713,0.77416293,10.1237559,10.14692226,1,1,107.65067845,0
1289,0.33657061,0.28682062,0.46936342,0.74762139,0.7083873,9.86782156,9.86980656,1,1,791.29643642,0
1290,0.29494605,0.23776758,0.44109354,0.62266939,0.64582697,10.50133775,10.54915978,1,1,470.87697189,0
1291,0.25570325,0.21474023,0.41768234,0.740216,0.7031024,10.24232261,10.3349018,1,1,280.66493399,0
1292,0.25518375,0.21336098,0.41782277,0.85504377,0.72223119,10.38345313,10.43625441,1,1,111.10253351,0
1293,0.33404365,0.30661746,0.44944687,0.96787162,0.6592796,10.63641329,10.71430229,1,1,202.23656969,0
1294,0.3792979,0.36732377,0.45357762,0.91389835,0.70406149,10.32772675,10.37346291,1,1,120.78156465,0
1295,0.42794371,0.43357148,0.46812776,1,0.72301125,10.37368709,10.47364167,1,1,489.24105889,0
1296,0.47702255,0.53965544,0.49984234,0.87005422,0.77299703,10.19621418,10.21421183,1,1,108.83304363,0
1297,0.53681816,0.58914901,0.49859533,0.74265317,0.71252439,10.0618131,10.0660853,1,1,120.39001278,0
1298,0.56692205,0.68190693,0.50456802,0.62385938,0.64767953,10.36173651,10.41889467,1,1,443.22410303,0
1299,0.57153714,0.68932196,0.51051589,0.50147433,0.6515711,10.14563994,10.16769394,1,1,299.49609494,0
1300,0.5712745,0.68741295,0.51032898,0.3814474,0.71154161,9.87440587,9.89345608,1,1,624.72521739,0
1301,0.49046429,0.6198944,0.5045973,0.34201559,0.75142919,10.39464905,10.44882011,1,1,312.51979993,0
1302,0.44209194,0.57421688,0.48572091,0.46517517,0.80976727,10.03931386,10.08954933,1,1,106.39033379,0
1303,0.36702981,0.50923454,0.47920582,0.3462887,0.75050431,10.07659076,10.15913303,1,1,822.85845003,0
1304,0.30165285,0.445602,0.44680953,0.36350031,0.8135754,9.84619109,9.92298367,1,1,648.40947209,0
1305,0.27859146,0.41461759,0.45126484,0.48618411,0.87620047,9.9653693,9.97543002,1,1,172.40031291,0
1306,0.27917687,0.4158859,0.45153671,0.59978781,0.81647739,10.16520775,10.22399353,1,1,384.09354535,0
1307,0.38887161,0.52443307,0.46586712,0.61190757,0.87225158,10.30001736,10.36433617,1,1,222.04072117,0
1308,0.46057114,0.54783959,0.4802943,0.49234323,0.93001343,10.0536723,10.14584923,1,1,735.25407249,0
1309,0.56253962,0.62136022,0.5021362,0.37249637,0.98577056,10.24666105,10.25305397,1,1,767.56292289,0
1310,0.65067599,0.6637095,0.51425698,0.48660106,1,10.44350229,10.45945115,1,1,1491.11023429,0
1311,0.73206113,0.73440028,0.51923228,0.60686833,1,10.22510175,10.28295683,1,1,113.01557774,0
1312,0.76943168,0.73455073,0.5343715,0.72466891,1,9.98978822,10.01432452,1,1,113.27157067,0
1313,0.76930617,0.73356565,0.53432376,0.60017555,1,10.36996204,10.4697594,1,1,123.55816174,0
1314,0.67695292,0.64333992,0.55296962,0.63814536,1,10.06017043,10.06093253,1,1,101.44811893,1
1315,0.63630425,0.61763421,0.52927497,0.6753478,1,10.16027857,10.24054855,1,1,169.30960533,1
1316,0.58640932,0.5406643,0.5441724,0.64403271,1,10.10912869,10.14695929,1,1,952.27302003,1
1317,0.5197436,0.44109082,0.52172025,0.68086854,0.97001734,10.1506224,10.20164893,1,1,530.90895483,1
1318,0.45001111,0.37754722,0.50456276,0.63732188,0.96801489,10.38545283,10.42771154,1,1,105.93813654,1
1319,0.42179656,0.32469338,0.49408278,0.67424405,0.97669781,10.06889039,10.11784815,1,1,155.42343004,1
1320,0.38580664,0.29049752,0.49125223,0.71075917,0.97297594,10.00120311,10.01366165,1,1,564.98951558,1
1321,0.38619162,0.28931478,0.49144732,0.74654309,0.98348328,10.55931844,10.65135723,1,1,233.71258403,1
1322,0.44826598,0.32912359,0.49525283,0.70203936,0.95382329,10.32725962,10.35036919,1,1,170.59239103,1
1323,0.43656896,0.32624595,0.49859528,0.67587095,0.92474682,10.27899228,10.31870218,1,1,105.75264401,1
1324,0.45279197,0.34919661,0.49416287,0.63235353,0.89625212,10.46639747,10.5639151,1,1,144.53789782,1
1325,0.45012983,0.35952454,0.49376096,0.58972137,0.90832697,10.21875294,10.22797063,1,1,1548.70772539,1
1326,0.45692038,0.36570799,0.5025279,0.54884969,0.88615829,10.12122609,10.19283026,1,1,164.59379261,1
1327,0.47435688,0.3821792,0.4945554,0.57495763,0.85846328,10.30772232,10.34636165,1,1,132.51999525,1
1328,0.46525324,0.38150759,0.50290525,0.53346241,0.85776876,10.2491562,10.32586543,1,1,1054.11183729,1
1329,0.46674833,0.38997495,0.51205932,0.54478167,0.83062739,9.98029476,10.05541857,1,1,509.95404975,1
1330,0.46969177,0.38844706,0.51853621,0.58388602,0.80401889,10.25341775,10.30215053,1,1,499.08636175,1
1331,0.47886722,0.39388085,0.50176363,0.54220837,0.81531306,10.39965808,10.46092605,1,1,571.1442251,1
1332,0.47913022,0.391492,0.50174706,0.58013341,0.8290068,10.40450345,10.45034102,1,1,134.82442046,1
1333,0.56946154,0.44018692,0.523684,0.55458301,0.8024268,10.36045899,10.43845815,1,1,191.66416452,1
1334,0.54291461,0.42245077,0.52947891,0.51358164,0.78193477,10.24673793,10.31972525,1,1,104.76584102,1
1335,0.56406525,0.44519725,0.50516274,0.47332879,0.76974446,10.29078546,10.39323575,1,1,253.97370359,1
1336,0.54507979,0.44773406,0.50854719,0.43394484,0.78418551,10.35032562,10.37120637,1,1,102.19627267,1
1337,0.55084273,0.44416272,0.50804438,0.47526157,0.75908553,10.37257,10.37685814,1,1,264.23679663,1
1338,0.53172797,0.45808525,0.51151905,0.43575634,0.77390381,10.27873665,10.34706368,1,1,854.9924891,1
1339,0.53046612,0.4782072,0.52223487,0.39704122,0.77119498,10.04806647,10.07961394,1,1,346.00318816,1
1340,0.53034415,0.47864004,0.52226947,0.35910106,0.78576997,10.27428166,10.29606109,1,1,372.60632899,1
1341,0.54379137,0.45667633,0.53684,0.32547643,0.76005603,10.33853359,10.43396547,1,1,610.35730573,1
1342,0.54062949,0.4421712,0.53292148,0.36893555,0.77485419,10.2725743,10.36729747,1,1,103.95300176,1
1343,0.51837491,0.46476112,0.51619426,0.33155685,0.78934948,10.03432949,10.0991933,1,1,636.36352388,1
1344,0.5053522,0.478043,0.5259246,0.37489991,0.76384698,10.23072215,10.27127236,1,1,420.99505072,1
1345,0.50996098,0.46334425,0.5425136,0.33740191,0.73858771,10.30194379,10.35698455,1,1,1134.1773812,1
1346,0.51081719,0.46277044,0.54232216,0.36663284,0.71391811,9.85919646,9.90291446,1,1,103.90943013,1
1347,0.55717484,0.44977929,0.5676939,0.37264627,0.72963486,9.97091836,9.99351612,1,1,200.95546187,1
1348,0.5329346,0.46652951,0.55713724,0.33566055,0.70696501,10.34891003,10.40276135,1,1,1352.36759108,1
1349,0.54267623,0.48812535,0.53696323,0.37815849,0.72278134,10.25545352,10.32121035,1,1,105.91824873,1
1350,0.53964442,0.48280873,0.56381993,0.42059532,0.73832515,10.34088555,10.3423472,1,1,114.64289815,1
1351,0.51964491,0.50097051,0.53591681,0.46218226,0.75192275,10.14251753,10.23175082,1,1,1259.7854932,1
1352,0.5192604,0.50335183,0.53622229,0.50293861,0.76633253,10.21367688,10.30238904,1,1,141.04544455,1
1353,0.55772381,0.50704747,0.53975483,0.54287738,0.75799187,10.04067131,10.13112971,1,1,242.33912894,1
1354,0.5614053,0.50206776,0.56001261,0.58201983,0.76943202,10.34879821,10.42401025,1,1,243.07353606,1
1355,0.55965989,0.5041913,0.55776312,0.58670507,0.78404335,9.99549552,10.08425695,1,1,614.92658634,1
1356,0.553192,0.51118325,0.54343815,0.57195679,0.78830735,10.2570095,10.28745617,1,1,380.95070458,1
1357,0.52631477,0.53402616,0.54802847,0.60952683,0.80253629,10.3574975,10.39587051,1,1,263.91827535,1
1358,0.52706869,0.53417404,0.54829218,0.64729967,0.81648555,10.27997664,10.364128,1,1,412.1385924,1
1359,0.56260161,0.48326359,0.55704537,0.60440674,0.79015634,10.13974527,10.22370662,1,1,435.20530686,1
1360,0.56744714,0.49784619,0.55197809,0.64231861,0.7645856,10.39707457,10.42205323,1,1,1018.68326942,1
1361,0.53650965,0.51185713,0.56351637,0.59962731,0.77889415,10.01686889,10.05064256,1,1,110.20426281,1
1362,0.53161796,0.52067522,0.5611756,0.63763476,0.78570618,10.45990452,10.50914057,1,1,133.97260227,1
1363,0.53494776,0.53093874,0.55799314,0.67488184,0.76107604,10.01440944,10.0298432,1,1,194.29729588,1
1364,0.535604,0.52807284,0.55821802,0.64426778,0.76721014,10.14944623,10.18817792,1,1,202.38849971,1
1365,0.53142449,0.47057502,0.56097046,0.60209152,0.7418705,10.24134463,10.29260721,1,1,310.1954746,1
1366,0.54345417,0.4796897,0.55434767,0.56029706,0.71704808,10.28992413,10.32554256,1,1,190.79159015,1
1367,0.51946689,0.49904772,0.55486388,0.59909096,0.70259472,10.28437238,10.30856587,1,1,159.02460099,1
1368,0.52164288,0.50249861,0.55945894,0.63636477,0.67855226,10.17952737,10.17953616,1,1,767.8773335,1
1369,0.49051834,0.4910861,0.55917375,0.67036731,0.65498144,10.14685027,10.17734338,1,1,164.61803497,1
1370,0.49053341,0.49186642,0.55882895,0.62705297,0.63785767,10.33542303,10.34475807,1,1,518.42815186,1
1371,0.46487173,0.51352328,0.56266343,0.5845222,0.61706545,10.19313376,10.24213741,1,1,170.60699719,1
1372,0.4717868,0.50986738,0.57890991,0.6035931,0.63472373,10.09709393,10.18820263,1,1,457.92451773,1
1373,0.47765706,0.48819882,0.57406878,0.6415202,0.61326306,10.22023229,10.2314257,1,1,289.68632912,1
1374,0.48545741,0.47993201,0.56767271,0.59869529,0.59134821,10.33981671,10.43466302,1,1,108.0449001,1
1375,0.47023617,0.48177993,0.56454204,0.55672138,0.59461753,10.15002986,10.19052576,1,1,141.2200051,1
1376,0.46992155,0.48409008,0.56465105,0.52794997,0.57275406,10.16341613,10.24958329,1,1,113.70332931,1
1377,0.43772899,0.51365995,0.5757678,0.56739097,0.55129898,10.24777398,10.32973399,1,1,295.38887194,1
1378,0.45152304,0.49101943,0.59321925,0.52606017,0.53029531,10.27048738,10.34303957,1,1,246.24380092,1
1379,0.46460588,0.48381991,0.57367741,0.56551801,0.51176178,10.20428114,10.29206806,1,1,185.15200426,1
1380,0.45586324,0.48869308,0.56140361,0.52420766,0.49358065,10.52635345,10.60818059,1,1,112.85052925,1
1381,0.46176184,0.46920728,0.58625368,0.55881683,0.51370762,10.36868905,10.46227125,1,1,183.42136006,1
1382,0.47550367,0.45097316,0.56246565,0.5191248,0.53343344,10.14112279,10.15246542,1,1,102.10150135,1
1383,0.46696063,0.45307218,0.56033948,0.50915471,0.55274569,10.52452807,10.62027582,1,1,207.47040752,1
1384,0.46675359,0.45268708,0.56003675,0.46897162,0.53268497,10.21893518,10.27679551,1,1,190.15111662,1
1385,0.49304207,0.52445509,0.58265914,0.50959218,0.55203127,10.00985452,10.03992761,1,1,168.89682486,1
1386,0.51549396,0.52546072,0.55706807,0.54940034,0.55577444,10.46792896,10.53832724,1,1,323.79614114,1
1387,0.51107528,0.52666455,0.57352497,0.50842429,0.53465895,10.2834276,10.28728307,1,1,108.24283131,1
1388,0.50965235,0.50441824,0.57088831,0.54825347,0.5139773,10.19475966,10.19712016,1,1,175.78892471,1
1389,0.51694282,0.49096034,0.54523191,0.55263428,0.49374242,10.09068675,10.13709179,1,1,530.87807456,1
1390,0.5165612,0.49189373,0.5450619,0.51161187,0.47386757,10.10099058,10.19940419,1,1,527.65558898,1
1391,0.50629491,0.44243162,0.57287722,0.55129429,0.49433984,10.19985124,10.22138201,1,1,698.66680788,1
1392,0.49840211,0.43942936,0.54669228,0.51027231,0.47456054,10.11453303,10.20726085,1,1,224.20030836,1
1393,0.48943296,0.45566124,0.54573473,0.55006598,0.49477614,10.24588915,10.28277549,1,1,108.38768102,1
1394,0.49642874,0.44978868,0.55773945,0.50906576,0.48617033,10.0465928,10.08524933,1,1,135.29974081,1
1395,0.47228839,0.45291608,0.55486877,0.46890248,0.50644689,9.98759721,9.99457719,1,1,442.96309947,1
1396,0.47232612,0.45330364,0.55527239,0.50925557,0.48631795,10.35277622,10.43924297,1,1,834.23650281,1
1397,0.45527871,0.48862808,0.56753548,0.46996371,0.46659233,10.05698388,10.14553679,1,1,169.96973604,1
1398,0.47283088,0.47094304,0.58211032,0.43056515,0.48712334,10.23420131,10.28779313,1,1,352.43577366,1
1399,0.49406255,0.45827582,0.57725457,0.3935292,0.50633933,10.23988422,10.26213851,1,1,110.68315867,1
1400,0.49200633,0.46220752,0.56071612,0.39745028,0.52498479,10.09069447,10.15327369,1,1,1150.78261047,1
1401,0.4873329,0.46681331,0.556337,0.43949981,0.54448459,10.17307132,10.23142721,1,1,162.84980349,1
1402,0.48747535,0.46877217,0.55606633,0.4014818,0.56079285,10.06686883,10.1257936,1,1,103.98146596,1
1403,0.48298722,0.49419988,0.56814903,0.40264816,0.57957699,10.0847809,10.12937531,1,1,232.2913503,1
1404,0.46778266,0.48592793,0.57813325,0.4445952,0.5579855,10.17027744,10.26563071,1,1,223.31377561,1
1405,0.48974331,0.47546314,0.55055386,0.48551345,0.5368269,10.354057,10.45135441,1,1,188.27816082,1
1406,0.50300007,0.47901482,0.55033832,0.52578727,0.51611061,10.25702287,10.34468488,1,1,397.57436795,1
1407,0.51373119,0.47048304,0.5618135,0.56115388,0.53578505,10.3233891,10.33140828,1,1,115.70410514,1
1408,0.5133861,0.47251173,0.56170475,0.59464281,0.51520315,10.06530446,10.0732361,1,1,104.53322091,1
1409,0.59487946,0.48343491,0.59149257,0.5688342,0.49489935,10.67238013,10.69290845,1,1,115.08043642,1
1410,0.57117604,0.49353459,0.58061175,0.52745999,0.51500104,10.32287937,10.37519356,1,1,1191.48216812,1
1411,0.55377049,0.50395377,0.55717134,0.4877165,0.49486169,10.14815944,10.23319217,1,1,869.02693121,1
1412,0.54667912,0.5215268,0.5543917,0.45043433,0.47496447,10.2641878,10.32146068,1,1,1416.67013239,1
1413,0.54354203,0.52036782,0.58033278,0.41362178,0.4554663,10.25119514,10.34397312,1,1,109.6835237,1
1414,0.54820239,0.5343656,0.57837254,0.45530547,0.46180679,10.34803217,10.416233,1,1,118.24735073,1
1415,0.54811633,0.53278139,0.57851036,0.41619939,0.44274599,10.16219406,10.17212562,1,1,432.33727028,1
1416,0.58135924,0.49868942,0.60315173,0.45787345,0.46388396,10.3518672,10.39463903,1,1,100.75142055,1
1417,0.57366999,0.50621165,0.57929956,0.49852262,0.48457301,10.05588522,10.06699235,1,1,740.34298717,1
1418,0.55883794,0.51666753,0.5840314,0.53855213,0.50488148,9.89757278,9.91938694,1,1,264.84630438,1
1419,0.54815558,0.52792992,0.58305626,0.57771996,0.52472842,10.28713492,10.3860052,1,1,112.57102285,1
1420,0.55397011,0.54206448,0.58205343,0.53870962,0.54180289,10.41538129,10.44192557,1,1,224.6308844,1
1421,0.53801396,0.55856168,0.56617479,0.56949234,0.52867749,10.09950885,10.12282806,1,1,112.2324824,1
1422,0.53850065,0.5584149,0.56612988,0.57670834,0.51474267,10.12668668,10.22768345,1,1,113.8235231,1
1423,0.57197444,0.51337785,0.58336386,0.53518461,0.4944479,10.55264629,10.65177274,1,1,572.38686049,1
1424,0.56847448,0.50920605,0.58770579,0.56944964,0.51455458,10.31612614,10.35871062,1,1,375.38524419,1
1425,0.54975654,0.53125555,0.55761852,0.60765003,0.53426244,10.26649471,10.33431588,1,1,237.37418795,1
1426,0.52644141,0.54328472,0.58309751,0.56551257,0.55323445,10.02487613,10.04284771,1,1,230.1853625,1
1427,0.53745006,0.56501321,0.55007509,0.52448488,0.535718,9.9887645,10.08185027,1,1,262.83742092,1
1428,0.53794126,0.56480463,0.54995449,0.56205681,0.55500362,10.05077429,10.08829174,1,1,871.09274989,1
1429,0.54792696,0.53375067,0.54985418,0.60081567,0.57375642,9.90829143,9.97825584,1,1,216.07750081,1
1430,0.52507238,0.54264999,0.56355582,0.63879936,0.59225621,9.96472077,10.02077904,1,1,529.66459925,1
1431,0.53815452,0.52652247,0.55440064,0.67602337,0.61037538,10.08836091,10.18500924,1,1,335.96952993,1
1432,0.50455421,0.54108894,0.56692499,0.7125027,0.62816781,10.39139377,10.46898949,1,1,688.42719747,1
1433,0.52144165,0.53771489,0.54268842,0.66825265,0.60560467,10.11910502,10.12098939,1,1,820.71233849,1
1434,0.52187776,0.5409344,0.54231826,0.62806625,0.58350342,10.16239502,10.2543746,1,1,155.68871908,1
1435,0.51132224,0.52122354,0.55680735,0.58550493,0.59898475,10.13579943,10.15768818,1,1,1462.70553224,1
1436,0.49319028,0.51655994,0.54362824,0.56701824,0.60914372,10.29198366,10.37542608,1,1,108.38066816,1
1437,0.48652471,0.50990566,0.55258574,0.6051328,0.62691982,10.14713974,10.15763831,1,1,791.85588113,1
1438,0.48712568,0.5285558,0.53448882,0.64300556,0.64137333,10.27122414,10.3195903,1,1,661.51121204,1
1439,0.47842693,0.50585668,0.54223661,0.68010412,0.65854357,10.15399574,10.22476888,1,1,163.56770541,1
1440,0.47871277,0.505755,0.54210371,0.63657123,0.63539286,10.30402442,10.34570651,1,1,1354.62223169,1
1441,0.44951262,0.54059151,0.56391921,0.65274051,0.61273298,9.88047453,9.9083331,1,1,103.6045574,1
1442,0.47314277,0.54159178,0.55542621,0.68968463,0.59591873,9.96315519,10.0558444,1,1,114.88454475,1
1443,0.48558339,0.52823394,0.55194969,0.64589095,0.6131966,10.4622372,10.52764048,1,1,534.30799652,1
1444,0.47332941,0.51167677,0.54961366,0.60363154,0.63093267,10.04651669,10.13731654,1,1,134.94154349,1
1445,0.47792251,0.51844299,0.53152923,0.56166465,0.64828061,10.29294838,10.33382537,1,1,104.92854332,1
1446,0.47738523,0.51747747,0.53128815,0.52044378,0.665315,10.19081204,10.20181563,1,1,191.3542236,1
1447,0.55261464,0.59594451,0.53275422,0.48003759,0.6820087,10.22264958,10.31257697,1,1,125.51310574,1
1448,0.54264035,0.61082898,0.5415698,0.44087508,0.65836854,10.30245135,10.36428384,1,1,597.83416812,1
1449,0.55021227,0.60359767,0.53739453,0.40718333,0.65169594,10.30964584,10.31312276,1,1,175.02779109,1
1450,0.55192032,0.60815561,0.53821813,0.44903402,0.62866202,10.03170646,10.09293148,1,1,232.69895773,1
1451,0.54074301,0.596983,0.54902889,0.45976883,0.60611736,10.28052987,10.36824025,1,1,1353.15672138,1
1452,0.56112729,0.61159969,0.54903987,0.50057345,0.62230133,9.97630267,10.02464553,1,1,1389.72756285,1
1453,0.56120637,0.60904489,0.54879978,0.51826994,0.60014202,10.04236443,10.0431701,1,1,117.30716132,1
1454,0.58574742,0.54994053,0.55319843,0.47790455,0.57815963,10.1964888,10.28995708,1,1,102.97535199,1
1455,0.58144103,0.58244629,0.5610445,0.48518719,0.59659644,10.33702304,10.37175209,1,1,112.10544521,1
1456,0.5814648,0.59098416,0.57272233,0.51230988,0.61461555,10.086154,10.14295182,1,1,382.51993904,1
1457,0.55164197,0.59053683,0.54651052,0.55206096,0.63230416,10.10138096,10.16488211,1,1,133.92187693,1
1458,0.54387046,0.59716975,0.5687853,0.51397688,0.60965813,10.3658653,10.44545632,1,1,329.14868501,1
1459,0.52494787,0.59870272,0.56279901,0.47369737,0.62742281,10.43374638,10.4803453,1,1,381.58436879,1
1460,0.52489072,0.59865312,0.56260723,0.43422348,0.64482101,10.32754874,10.38259155,1,1,222.39157601,1
1461,0.49512649,0.59549818,0.57183722,0.39620423,0.6245965,10.34707049,10.39759846,1,1,189.96330411,1
1462,0.49784719,0.59813934,0.57920536,0.43820226,0.6351615,10.01615972,10.09339878,1,1,103.17673576,1
1463,0.50652583,0.57034354,0.57654139,0.39943929,0.61257523,10.21544239,10.26778158,1,1,660.38036831,1
1464,0.49968681,0.57188365,0.56533663,0.3795465,0.59032637,10.37713244,10.38962218,1,1,114.08467162,1
1465,0.49923837,0.57813073,0.56483276,0.42194977,0.56895689,10.11272019,10.11460322,1,1,712.20726555,1
1466,0.49059028,0.55877267,0.57177906,0.46351076,0.54842845,10.0577948,10.1360861,1,1,136.31184789,1
1467,0.49098194,0.56057214,0.57198609,0.50424054,0.52746026,10.09460818,10.15221611,1,1,116.58162921,1
1468,0.48513431,0.57165234,0.58427018,0.46415573,0.54690987,10.19248961,10.23697931,1,1,126.20651729,1
1469,0.47652707,0.58332631,0.57723206,0.50486035,0.56597167,10.25027469,10.25418028,1,1,178.90787162,1
1470,0.47382531,0.56621211,0.57620822,0.46476337,0.58465143,10.06179075,10.11072266,1,1,127.10165754,1
1471,0.4767641,0.5508982,0.55907386,0.49538687,0.57136895,10.56508999,10.58659763,1,1,218.40644717,1
1472,0.48546397,0.5425554,0.57586382,0.53547714,0.54994176,10.25976844,10.30117563,1,1,509.00412478,1
1473,0.51277174,0.53476293,0.58630543,0.57374579,0.52894293,10.08637681,10.16899228,1,1,747.98704064,1
1474,0.5127736,0.53565191,0.58655706,0.61027931,0.50836407,10.56652398,10.65967793,1,1,1099.28054102,1
1475,0.49371698,0.49927195,0.61616999,0.56807541,0.48819682,10.33854379,10.42899107,1,1,485.48167453,1
1476,0.48781539,0.50127809,0.59870335,0.5267711,0.46843348,10.25596883,10.34736735,1,1,177.14796236,1
1477,0.49210884,0.49133657,0.57443108,0.56623522,0.48897361,10.16509833,10.25826404,1,1,826.36953366,1
1478,0.46731207,0.50916139,0.59076173,0.60482864,0.50918495,10.15705649,10.18038502,1,1,133.69316955,1
1479,0.48397018,0.51536897,0.57119181,0.64273206,0.49330483,10.18201837,10.28363728,1,1,126.63238049,1
1480,0.48426322,0.51730726,0.57114556,0.64978426,0.47343873,10.25120225,10.3161764,1,1,194.83012834,1
1481,0.52848897,0.60908697,0.59766711,0.68678855,0.45427732,10.39512149,10.41360686,1,1,1382.32611361,1
1482,0.54115783,0.58446407,0.57259748,0.72305272,0.43527327,10.24247764,10.29918075,1,1,194.43788959,1
1483,0.54584925,0.57628581,0.56000121,0.73129815,0.41656781,10.16409419,10.26440067,1,1,169.34573675,1
1484,0.54495667,0.60144774,0.56891597,0.76467223,0.39823715,10.31481207,10.35923029,1,1,344.42395478,1
1485,0.54528597,0.56913321,0.56100702,0.79922979,0.42024731,10.35879072,10.43953319,1,1,1176.74527907,1
1486,0.54573838,0.56922755,0.5611524,0.75442268,0.44155495,10.1562875,10.23406129,1,1,148.59479201,1
1487,0.58457139,0.52116262,0.57378661,0.71006504,0.42947806,10.05346549,10.10129243,1,1,123.28958406,1
1488,0.5635287,0.5222733,0.5681658,0.69272565,0.4119482,10.19818206,10.28611763,1,1,668.91802259,1
1489,0.53689452,0.53703796,0.57605726,0.72829553,0.43370854,10.25892333,10.28360498,1,1,285.52807805,1
1490,0.54521006,0.55282336,0.55326446,0.68374435,0.41503437,10.2227793,10.32234588,1,1,115.67672172,1
1491,0.54153569,0.55141016,0.55514718,0.72006924,0.3967337,10.35127557,10.45339175,1,1,115.81002328,1
1492,0.54183069,0.55170097,0.55492391,0.68651998,0.41879899,10.17801845,10.22906437,1,1,323.0887464,1
1493,0.50518584,0.50451937,0.56853384,0.72278951,0.4403386,10.28484958,10.36601744,1,1,183.8186709,1
1494,0.51591662,0.50731977,0.56553942,0.74337385,0.46120138,10.28390372,10.37211025,1,1,242.2213878,1
1495,0.48684648,0.51277923,0.56316631,0.77610546,0.48197735,10.08959391,10.18951128,1,1,211.29634896,1
1496,0.48333302,0.50637709,0.55604495,0.73280261,0.50059988,10.28977324,10.35359052,1,1,145.91532237,1
1497,0.50107352,0.51839665,0.5765008,0.76743908,0.51990652,9.99771385,10.04128361,1,1,100.47481319,1
1498,0.49483195,0.50321259,0.54941444,0.80208993,0.49952865,10.18111199,10.23425556,1,1,670.06206266,1
1499,0.49505461,0.50460526,0.54945823,0.75605663,0.47954734,10.4118402,10.4582633,1,1,167.59250318,1
1500,0.46607921,0.52638195,0.54865443,0.7109502,0.46067875,10.10342452,10.16741198,1,1,269.74281519,1
1501,0.47203936,0.50432375,0.55860332,0.74622443,0.47005082,10.02033244,10.03985105,1,1,302.6970897,1
1502,0.49097816,0.50812499,0.55186553,0.7812998,0.48928824,10.04309219,10.09215467,1,1,483.00566344,1
1503,0.47904996,0.50185641,0.55284075,0.735675,0.50938197,10.2676745,10.34792957,1,1,106.25200218,1
1504,0.47925452,0.50302108,0.55291741,0.6909615,0.52915984,10.06728208,10.09216713,1,1,126.22302221,1
1505,0.54392902,0.57765822,0.55280778,0.72714227,0.54391154,10.22463461,10.23970578,1,1,516.87463275,1
1506,0.54582273,0.5769006,0.5717011,0.71508249,0.53064614,9.8691515,9.89649555,1,1,108.39750068,1
1507,0.53521581,0.58155413,0.57123014,0.70501497,0.5481499,9.84092138,9.91482027,1,1,261.49655858,1
1508,0.53181607,0.56544183,0.56943093,0.74091467,0.52790307,10.06865698,10.08281638,1,1,285.82551228,1
1509,0.5361194,0.57599472,0.54662892,0.77609618,0.54669985,10.15582909,10.18915517,1,1,304.57732915,1
1510,0.53593178,0.57561203,0.54698857,0.80921985,0.56576585,10.59987433,10.61994226,1,1,101.40376043,1
1511,0.50942013,0.54307279,0.57018505,0.84303495,0.54445053,10.24531854,10.30683619,1,1,136.12547481,1
1512,0.51954117,0.56458601,0.54642266,0.86412725,0.52356153,10.31691558,10.32121661,1,1,524.21803564,1
1513,0.50774914,0.55615771,0.53788326,0.87321775,0.50319983,10.43205306,10.50902835,1,1,265.75511644,1
1514,0.51631599,0.55018121,0.53469174,0.83751748,0.52313583,10.13941512,10.15127873,1,1,1433.79898908,1
1515,0.49313947,0.55280838,0.55407625,0.87072015,0.5026746,10.30867629,10.40024569,1,1,189.18244214,1
1516,0.49301663,0.55333801,0.5542629,0.90053643,0.52262062,10.24511859,10.31475215,1,1,102.46833712,1
1517,0.48453616,0.60730251,0.56466657,0.85342805,0.50216823,10.10489405,10.14290919,1,1,240.92896718,1
1518,0.5139913,0.59380957,0.54549657,0.83135557,0.48212507,10.25152451,10.28600806,1,1,410.3722947,1
1519,0.51845852,0.59037817,0.54185087,0.78553416,0.4748449,10.3720739,10.45913104,1,1,661.24384281,1
1520,0.52028288,0.57504299,0.51675616,0.81982347,0.49533899,10.18947092,10.25711494,1,1,323.48898512,1
1521,0.52158513,0.58921393,0.52881934,0.85342577,0.50717047,10.58252485,10.63676875,1,1,874.65488874,1
1522,0.52141627,0.59247505,0.52928114,0.80639157,0.48849816,10.2750023,10.30972554,1,1,125.63442571,1
1523,0.51807876,0.55503164,0.53391202,0.84025596,0.46954874,10.23768951,10.31353136,1,1,146.15203044,1
1524,0.4955874,0.54903128,0.53900555,0.87341377,0.45038855,9.85950413,9.8810908,1,1,112.56001591,1
1525,0.49968982,0.53948533,0.53899717,0.90236827,0.4502927,9.99737253,10.03691882,1,1,125.63927553,1
1526,0.49602859,0.55293291,0.51742764,0.85543752,0.47095717,10.30721672,10.3479312,1,1,133.21353957,1
1527,0.47477861,0.54413972,0.51926561,0.88007352,0.4527778,9.85733094,9.8973348,1,1,116.65913179,1
1528,0.47421534,0.54520057,0.51887387,0.83463759,0.43545084,10.04033527,10.10366337,1,1,565.79375362,1
1529,0.48743278,0.60833708,0.52,0.85682839,0.41674183,9.93201438,10.01482289,1,1,114.58168258,1
1530,0.50670975,0.59605142,0.52165573,0.80969206,0.39842056,10.09732014,10.17308446,1,1,178.27989057,1
1531,0.50472454,0.579732,0.53045441,0.7654743,0.38269743,10.22594633,10.24485586,1,1,352.56576789,1
1532,0.51971417,0.58101656,0.51436122,0.72023019,0.36667611,10.13374714,10.2103614,1,1,955.18425462,1
1533,0.5169416,0.57890204,0.51805004,0.75582442,0.38309893,10.19769363,10.20751493,1,1,251.81056929,1
1534,0.51717951,0.58051354,0.51796379,0.76850375,0.4048813,10.52227346,10.54415126,1,1,116.59207485,1
1535,0.57020284,0.59538445,0.54654807,0.72313993,0.40948419,10.03468474,10.04221969,1,1,279.25385594,1
1536,0.54292744,0.59387466,0.51928028,0.67989819,0.43118826,10.09217863,10.17285329,1,1,197.77274691,1
1537,0.55070029,0.59557243,0.53871863,0.71292563,0.45256444,10.27000082,10.35792396,1,1,225.78523367,1
1538,0.55645263,0.62292134,0.52828412,0.66870876,0.47323473,10.39315867,10.48893021,1,1,105.35850404,1
1539,0.54459886,0.63392661,0.54177782,0.64385017,0.45914399,10.03148105,10.11714972,1,1,377.07435292,1
1540,0.54448679,0.63708788,0.54207821,0.60106781,0.4799607,10.51569287,10.55403909,1,1,101.11046559,1
1541,0.51241666,0.58687685,0.57182848,0.559053,0.46227642,10.18625991,10.28394394,1,1,727.58976696,1
1542,0.49835491,0.59703631,0.54504928,0.51893028,0.48303085,10.31745802,10.36078483,1,1,114.2085097,1
1543,0.49935277,0.58515277,0.56407038,0.48812897,0.50297661,9.95729246,9.96541146,1,1,418.85865528,1
1544,0.49038886,0.59347904,0.54374101,0.45496381,0.52291659,10.08741683,10.10006958,1,1,381.85694267,1
1545,0.50363367,0.58382656,0.55827864,0.49236745,0.5026817,10.39013629,10.48827802,1,1,158.39964846,1
1546,0.48216607,0.57865737,0.54855725,0.5325201,0.4938353,10.20695924,10.25746138,1,1,199.1416256,1
1547,0.4823865,0.58076819,0.54849145,0.57185708,0.51305433,10.30738773,10.3543182,1,1,641.82484225,1
1548,0.55357471,0.61530537,0.55146482,0.53051531,0.53279324,9.97069934,9.98768559,1,1,702.42021234,1
1549,0.5345912,0.63261456,0.55745516,0.48990501,0.55204583,10.06927058,10.08697576,1,1,360.63791479,1
1550,0.550311,0.62342985,0.55561925,0.52601848,0.57100312,10.36496268,10.45054475,1,1,977.48293855,1
1551,0.53129343,0.63001078,0.56904368,0.56511231,0.58958297,10.28212751,10.30492217,1,1,161.89828094,1
1552,0.53942374,0.62839493,0.55678881,0.60380923,0.56783454,10.15462576,10.17813955,1,1,652.34930591,1
1553,0.55082987,0.66326243,0.55683792,0.56283476,0.58195035,10.43026224,10.46182387,1,1,107.07894352,1
1554,0.55071001,0.66329479,0.55688212,0.5216137,0.56036542,10.54969516,10.63913003,1,1,205.48784526,1
1555,0.53682636,0.65013114,0.58308532,0.48118595,0.56146553,10.04680658,10.06301325,1,1,143.02674515,1
1556,0.53797959,0.64226603,0.58107774,0.44156298,0.54878767,10.42147887,10.4638413,1,1,838.37623368,1
1557,0.52300849,0.64866072,0.55370712,0.48219892,0.56781167,10.3455875,10.38235134,1,1,114.05512352,1
1558,0.5249595,0.63153881,0.55897785,0.52246197,0.57465896,10.02160707,10.09595115,1,1,113.11292805,1
1559,0.51337056,0.64103427,0.55869229,0.56201272,0.59237907,10.28297482,10.31002039,1,1,543.80436733,1
1560,0.52541041,0.61752266,0.57469051,0.52077276,0.57376544,10.17445737,10.25898423,1,1,205.45251688,1
1561,0.52523672,0.61924785,0.57444985,0.4805009,0.55278259,10.13816104,10.1882757,1,1,283.98678885,1
1562,0.50462879,0.61092159,0.60452476,0.52089088,0.57082728,10.43070781,10.47175416,1,1,573.23372669,1
1563,0.48017806,0.61027463,0.58410508,0.55946159,0.58941073,10.18576369,10.21145794,1,1,128.47842236,1
1564,0.49074228,0.61999109,0.59817089,0.51827236,0.5702867,10.14071425,10.14996182,1,1,195.37736944,1
1565,0.50137843,0.58493985,0.57827742,0.47829532,0.5511185,10.043202,10.05926045,1,1,121.41407871,1
1566,0.50041227,0.59968174,0.58026032,0.45485527,0.56996208,9.93034736,9.93257861,1,1,1123.20123922,1
1567,0.48762485,0.58273802,0.56957856,0.41575964,0.58856201,10.16787647,10.26842458,1,1,1026.51609926,1
1568,0.48608186,0.56388339,0.57159666,0.45723487,0.56775414,10.1533055,10.23722839,1,1,120.43420643,1
1569,0.50055806,0.57974045,0.59517988,0.49800068,0.55195901,10.1303721,10.21408535,1,1,1051.41808122,1
1570,0.50089744,0.58056413,0.59519618,0.53791916,0.53093086,10.53688257,10.59902843,1,1,167.92728606,1
1571,0.4861962,0.58515152,0.60011166,0.51008571,0.55024423,10.52156932,10.58482908,1,1,265.72882479,1
1572,0.47877988,0.58473633,0.58042593,0.46988416,0.56923482,10.25093533,10.27226843,1,1,473.94882591,1
1573,0.49152135,0.5781345,0.5731907,0.4406117,0.58688538,10.47868742,10.5437638,1,1,138.95901276,1
1574,0.48392102,0.54581253,0.56556764,0.48178016,0.60500615,10.37631761,10.47353441,1,1,216.78902808,1
1575,0.47308969,0.55169002,0.55046685,0.51767279,0.62290321,10.20490947,10.29065157,1,1,786.5876836,1
1576,0.47288514,0.55091754,0.5507547,0.55731927,0.60046546,9.97926988,9.98164749,1,1,572.82275032,1
1577,0.43718626,0.60149084,0.56777395,0.59168874,0.57845658,10.03248557,10.07767929,1,1,178.04665168,1
1578,0.44548424,0.61862198,0.55361552,0.58685306,0.59688736,10.03615905,10.10016974,1,1,280.09817226,1
1579,0.46367402,0.59321875,0.56434229,0.54591511,0.57506086,10.24606328,10.30832777,1,1,134.25490211,1
1580,0.47275708,0.60442837,0.54935738,0.58390432,0.59305016,9.95658531,9.95674459,1,1,124.96408855,1
1581,0.48443627,0.58560776,0.5385391,0.61923784,0.6103282,9.95812403,9.98524998,1,1,793.78872769,1
1582,0.49128028,0.57924259,0.56236079,0.65685306,0.62763836,9.89514062,9.96844634,1,1,496.79090162,1
1583,0.49136325,0.58011634,0.56237237,0.69371592,0.6431917,10.32988451,10.33005725,1,1,1323.58599821,1
1584,0.45853153,0.59915373,0.56092758,0.70212432,0.66030073,10.11437945,10.12760508,1,1,274.02041292,1
1585,0.4621293,0.59700511,0.57143342,0.65823241,0.6765792,10.12404591,10.14694693,1,1,452.05795781,1
1586,0.46476818,0.57817022,0.56135786,0.62436368,0.65305936,9.9228177,9.98232916,1,1,195.41538402,1
1587,0.46734337,0.560328,0.55998726,0.58193771,0.66999812,10.47285155,10.53689245,1,1,178.14763659,1
1588,0.46696835,0.56188144,0.55995333,0.5402991,0.68659463,10.29767869,10.36657958,1,1,160.06870016,1
1589,0.51380998,0.60533512,0.58563104,0.57942065,0.69588182,10.0870769,10.18579467,1,1,742.76296034,1
1590,0.51911896,0.61268763,0.56830813,0.61763158,0.71196418,10.15925845,10.25425605,1,1,250.23306082,1
1591,0.51653579,0.62710463,0.55282296,0.57528465,0.68952247,10.18857395,10.23317152,1,1,172.70619944,1
1592,0.52521244,0.63707611,0.56878399,0.53378525,0.66573262,10.35453171,10.4425649,1,1,569.99093263,1
1593,0.52750821,0.62754692,0.57263486,0.56438554,0.64326558,10.49902485,10.57771543,1,1,114.3525329,1
1594,0.52823771,0.62677671,0.57290997,0.6001993,0.62040027,10.36233708,10.40431584,1,1,422.2153682,1
1595,0.47523689,0.6237003,0.5761986,0.55819531,0.59991949,10.12078217,10.21824234,1,1,252.2861208,1
1596,0.47288851,0.62489427,0.592832,0.51703149,0.57806347,10.29020438,10.31086525,1,1,102.76180684,1
1597,0.49263192,0.59165135,0.57798374,0.55669086,0.5565419,9.81111492,9.82321773,1,1,208.98502364,1
1598,0.47407653,0.57881521,0.56997366,0.59555468,0.57138171,10.0286889,10.03829014,1,1,101.83113723,1
1599,0.48836911,0.57779865,0.57102138,0.62293296,0.58956992,10.16726024,10.23145394,1,1,247.70342674,1
1600,0.49242041,0.58776239,0.57603639,0.58048534,0.58479065,10.59693903,10.67342329,1,1,746.01474353,1
1601,0.48921265,0.56473765,0.58669085,0.53887563,0.60300862,10.15801822,10.16179871,1,1,283.21073044,1
1602,0.48885968,0.56457647,0.58697434,0.50617843,0.62094704,9.99971862,10.01844779,1,1,994.26405636,1
1603,0.45529262,0.59970404,0.58576809,0.46664611,0.59852823,10.52426203,10.53178763,1,1,792.18352648,1
1604,0.46274588,0.57173993,0.59829051,0.50731226,0.60525106,10.25034989,10.31191513,1,1,158.21318884,1
1605,0.47407775,0.55485318,0.56224731,0.54387755,0.62309905,10.05671204,10.14043631,1,1,604.28603785,1
1606,0.48082159,0.5470213,0.56115183,0.58281215,0.61470194,10.13819249,10.2250655,1,1,136.01845458,1
1607,0.46727432,0.56613586,0.56028886,0.54164894,0.59249223,10.58159135,10.63901429,1,1,810.37941808,1
1608,0.46744277,0.56525576,0.56035782,0.50985266,0.57070435,9.99332104,10.0157546,1,1,153.34336281,1
1609,0.44213225,0.5961286,0.56056647,0.46965562,0.54930091,10.26478535,10.2700941,1,1,213.96219635,1
1610,0.4526469,0.57129705,0.58361042,0.43111848,0.5283152,10.27182567,10.31652075,1,1,121.79649962,1
1611,0.43798241,0.57539999,0.58190081,0.39255685,0.54774889,10.20117943,10.26614178,1,1,201.47714039,1
1612,0.47082115,0.58148724,0.57805321,0.35471326,0.54643746,10.27663983,10.29963232,1,1,1064.14522977,1
1613,0.4543432,0.55873993,0.56992647,0.32603589,0.55515616,10.38323088,10.3934414,1,1,211.65533186,1
1614,0.47999909,0.54897114,0.57717169,0.3695151,0.55003098,10.29263422,10.37372254,1,1,109.71845342,1
1615,0.48302538,0.54354917,0.55398546,0.37480794,0.56903034,10.30602036,10.38492811,1,1,1172.36100867,1
1616,0.483771,0.51619985,0.58399494,0.41731014,0.58048131,10.34596649,10.38544099,1,1,207.60686617,1
1617,0.48369703,0.51656724,0.58424186,0.45880081,0.59887167,10.17515893,10.27153882,1,1,372.61659639,1
1618,0.54216028,0.57024194,0.58284966,0.49962479,0.58110811,10.28928456,10.29651239,1,1,130.7600178,1
1619,0.54032413,0.56023987,0.6032756,0.53925579,0.55948701,10.2674869,10.36176671,1,1,145.56077364,1
1620,0.53901043,0.56441879,0.59746994,0.57847067,0.53862216,9.91706629,9.95247934,1,1,511.53806394,1
1621,0.53202858,0.56832256,0.58644839,0.61685851,0.55784968,10.37412386,10.47070382,1,1,287.05176089,1
1622,0.53621585,0.57565064,0.57195886,0.65452121,0.53765785,10.14194598,10.22497748,1,1,128.79349056,1
1623,0.53587098,0.57876536,0.57194881,0.61207747,0.51699359,10.20092925,10.2822386,1,1,410.13643426,1
1624,0.50916905,0.54464029,0.57897854,0.6498179,0.53632148,9.95485633,9.97160588,1,1,106.24114813,1
1625,0.51839291,0.54694407,0.592869,0.68679184,0.55559396,10.34315629,10.35577314,1,1,352.47246534,1
1626,0.5089095,0.54223104,0.58948605,0.70427544,0.53792009,10.19339089,10.2713589,1,1,156.36909432,1
1627,0.51514595,0.55018463,0.58785734,0.74017939,0.55616611,10.46994071,10.48777071,1,1,105.37323187,1
1628,0.50416141,0.55689926,0.58617312,0.77461749,0.53504279,9.89684509,9.94851432,1,1,134.53957913,1
1629,0.5047839,0.55521827,0.58587532,0.80912514,0.55428926,10.19183705,10.24176741,1,1,662.3716774,1
1630,0.47638034,0.57556871,0.59224634,0.76294264,0.57320341,10.47728285,10.52627493,1,1,998.52178178,1
1631,0.47786259,0.58296914,0.58111992,0.79768364,0.5517618,10.23022912,10.2374223,1,1,149.4409979,1
1632,0.48096338,0.56578524,0.57833108,0.75228113,0.53202768,10.07047277,10.09049116,1,1,130.2007752,1
1633,0.48478043,0.55135653,0.56303084,0.74091205,0.55125939,10.04609335,10.09952754,1,1,247.42213327,1
1634,0.48657884,0.54962533,0.5693925,0.69646942,0.53308485,10.41109737,10.43233815,1,1,115.7458628,1
1635,0.48648188,0.55044829,0.56903145,0.65612145,0.55242315,10.37575012,10.45095849,1,1,262.17568919,1
1636,0.47013939,0.57304259,0.58470153,0.68958721,0.53140712,10.53385315,10.58007112,1,1,974.33548594,1
1637,0.47653001,0.56281488,0.56400874,0.65810233,0.51078561,10.07898444,10.111165,1,1,128.16540577,1
1638,0.48362436,0.5490097,0.56902734,0.63886838,0.5305663,10.09996405,10.19167431,1,1,417.15877709,1
1639,0.47506954,0.56010311,0.57348469,0.59609102,0.54981797,9.80601098,9.81267642,1,1,145.25788194,1
1640,0.48961808,0.54634314,0.57058907,0.63416009,0.56326806,10.19237088,10.28061583,1,1,417.91539925,1
1641,0.49011057,0.54755178,0.5706208,0.62969585,0.5420027,10.09274927,10.14346562,1,1,103.01061365,1
1642,0.53894936,0.60273662,0.57216737,0.66710032,0.5611626,10.31116808,10.31401802,1,1,163.13373079,1
1643,0.56076015,0.6176499,0.57816528,0.62376219,0.56752218,10.36555296,10.42720011,1,1,324.62491032,1
1644,0.55861026,0.60827173,0.56158442,0.58129552,0.54645089,10.4601856,10.51454137,1,1,166.92159378,1
1645,0.56387551,0.59680182,0.56785168,0.53966961,0.56529165,10.49681502,10.54888754,1,1,125.51977576,1
1646,0.55281466,0.62500461,0.58022536,0.49958077,0.58398577,9.79979746,9.83417398,1,1,124.72531528,1
1647,0.55114611,0.60841592,0.57168843,0.52390067,0.60230427,10.40380362,10.42519934,1,1,210.42973552,1
1648,0.55107424,0.60926603,0.57145935,0.48342335,0.62025818,10.11383722,10.17401007,1,1,327.44774945,1
1649,0.49688357,0.58361779,0.57075436,0.50580625,0.59898323,10.26371107,10.26634662,1,1,177.76078135,1
1650,0.5002178,0.5845556,0.58202488,0.46574474,0.5770037,10.33738001,10.39062105,1,1,381.65858809,1
1651,0.50820544,0.57770282,0.58696055,0.43577322,0.58157702,10.36553735,10.4544039,1,1,129.96199308,1
1652,0.49573128,0.5896675,0.5797919,0.47705775,0.55994715,10.38961821,10.44711323,1,1,312.19560869,1
1653,0.51741649,0.55062672,0.58667785,0.51749874,0.53876108,10.11701489,10.20637014,1,1,140.70074704,1
1654,0.49863206,0.54821866,0.5842989,0.52404756,0.55789872,10.54465209,10.56834141,1,1,1148.16404361,1
1655,0.51702695,0.56013235,0.57079473,0.48356677,0.57674074,10.32782405,10.41333061,1,1,109.62209288,1
1656,0.51729489,0.560714,0.57065058,0.36577062,0.5173385,10.25221079,10.25272694,1,1,152.58941583,0
1657,0.45022086,0.49157921,0.53124507,0.48833256,0.57554433,10.12350736,10.17269003,1,1,935.63959361,0
1658,0.38723218,0.45573178,0.47269524,0.60669885,0.63577569,10.00236869,10.08851746,1,1,110.27237732,0
1659,0.32935703,0.38068517,0.37156714,0.67764524,0.68601818,10.27778851,10.28224488,1,1,241.81042455,0
1660,0.27441703,0.33114175,0.31487988,0.7938621,0.62308149,10.05602663,10.09774611,1,1,1270.40843817,0
1661,0.23524704,0.29433586,0.27002699,0.9078943,0.67720424,10.17056822,10.26569538,1,1,161.00940748,0
1662,0.23489337,0.29582806,0.27018842,0.77975296,0.60905815,10.48566328,10.55541827,1,1,108.85031039,0
1663,0.3368093,0.40059538,0.32772233,0.6541924,0.66346147,10.38988817,10.43540765,1,1,408.42022647,0
1664,0.39428545,0.45038009,0.37479324,0.53110855,0.72036111,9.97421991,10.01957095,1,1,282.26664077,0
1665,0.47007965,0.50865257,0.42640623,0.60538715,0.77881359,10.29994399,10.3760417,1,1,639.65225891,0
1666,0.56546868,0.6158462,0.49283305,0.72058784,0.8322054,10.34139747,10.38976438,1,1,192.23094339,0
1667,0.62380297,0.66442756,0.5704641,0.68753137,0.88707445,10.16296532,10.16399001,1,1,172.75379202,0
1668,0.68268028,0.70389632,0.62689996,0.80378073,0.94332308,10.23863166,10.24224669,1,1,402.26822345,0
1669,0.72509131,0.75646987,0.63662389,0.77686875,0.9972455,10.24547349,10.28678795,1,1,485.40803619,0
1670,0.72493923,0.75477762,0.6365885,0.80311553,0.93562759,10.32995776,10.36128668,1,1,389.20631492,0
1671,0.68686022,0.67746195,0.61876005,0.91703584,0.97607057,10.35591101,10.3600761,1,1,180.29526086,0
1672,0.6215626,0.64781635,0.59631704,0.78869971,0.94957196,10.33136565,10.37510067,1,1,552.34941612,0
1673,0.56366217,0.55982568,0.56921625,0.66557773,0.90737724,10.42777031,10.47027228,1,1,519.54060241,0
1674,0.48993681,0.49108772,0.5439774,0.54227761,0.96403098,10.04825834,10.12653515,1,1,269.58865279,0
1675,0.41814813,0.40170263,0.50528053,0.42148262,0.91017899,10.15036275,10.17212085,1,1,1458.24707793,0
1676,0.38384656,0.35029341,0.49275222,0.40841941,0.85183042,10.09172894,10.18344092,1,1,1321.26488474,0
1677,0.3496352,0.32738789,0.47971385,0.5302508,0.79367986,10.29908519,10.36313748,1,1,125.30663052,0
1678,0.34978576,0.32418172,0.47928368,0.54493303,0.73396781,10.32769248,10.38424013,1,1,371.49902828,0
1679,0.44554014,0.42674892,0.4929647,0.66375434,0.76900809,10.11404824,10.12751233,1,1,117.67162957,0
1680,0.50645005,0.46347311,0.49226191,0.54436551,0.82555167,10.38230515,10.44049738,1,1,288.71642509,0
1681,0.58183657,0.53317831,0.49757598,0.6634782,0.76672806,9.9372114,9.95386346,1,1,147.73369262,0
1682,0.67810755,0.56874695,0.51333472,0.54178731,0.70456073,10.48262249,10.49639212,1,1,1506.78644414,0
1683,0.72299415,0.61091228,0.49690523,0.44215157,0.64372504,10.28281682,10.34638162,1,1,190.98588063,0
1684,0.79441358,0.6462225,0.49943179,0.55863847,0.70465575,10.17923092,10.22092933,1,1,741.38043673,0
1685,0.79449465,0.64593577,0.49970994,0.6774657,0.64508208,10.37062699,10.42109555,1,1,986.47946414,0
1686,0.73984433,0.58841352,0.51254045,0.71390414,0.62330816,10.19654142,10.22608434,1,1,236.13796728,1
1687,0.64467238,0.53219533,0.52236352,0.74961331,0.60089928,10.09005649,10.10151698,1,1,379.93490516,1
1688,0.55137245,0.51039503,0.52599435,0.72331976,0.61872846,10.24170175,10.32326842,1,1,900.13429131,1
1689,0.44577732,0.45127875,0.5155881,0.75885304,0.6057709,10.03305442,10.13271559,1,1,139.4481093,1
1690,0.38169035,0.41252163,0.52509103,0.79364679,0.62119931,9.91473246,9.91926198,1,1,851.94746546,1
1691,0.32741488,0.38931535,0.50878628,0.74794176,0.59909332,10.1402337,10.23036886,1,1,138.48993897,1
1692,0.32729857,0.39167866,0.50862241,0.70344372,0.61641056,10.24114757,10.32568632,1,1,143.71044781,1
1693,0.3584987,0.47615558,0.53484899,0.73937484,0.63372951,10.64980784,10.74408975,1,1,804.78439821,1
1694,0.36822687,0.46474497,0.53197908,0.70281721,0.61119816,10.24903162,10.28165229,1,1,234.65822276,1
1695,0.39123503,0.48656279,0.51142505,0.73799434,0.62864287,10.47677879,10.54311316,1,1,486.7470976,1
1696,0.38729659,0.46172934,0.53645223,0.69323445,0.60607054,10.10314332,10.14152476,1,1,684.10845754,1
1697,0.4121961,0.46727405,0.50810637,0.7265641,0.62394913,9.98007494,9.99453931,1,1,395.23371749,1
1698,0.41623053,0.48103769,0.51108662,0.76203266,0.61534445,10.31116932,10.3162838,1,1,174.09678041,1
1699,0.4323482,0.46999203,0.52723456,0.79665974,0.59304116,10.36073354,10.40179313,1,1,814.23482135,1
1700,0.43729209,0.4869734,0.534193,0.79720832,0.57118038,10.52724232,10.55433478,1,1,940.84004961,1
1701,0.43922126,0.46537914,0.51751623,0.81510566,0.56287225,10.31121712,10.3155648,1,1,720.7684469,1
1702,0.43944938,0.46471883,0.51765345,0.76881096,0.54266187,10.13179349,10.1728725,1,1,100.68447534,1
1703,0.50096682,0.53496794,0.53879243,0.79825807,0.52341866,9.94201326,9.94238761,1,1,360.3368128,1
1704,0.48361362,0.52787394,0.54645618,0.83229233,0.50311123,10.23589635,10.30975804,1,1,176.45519041,1
1705,0.5071524,0.54279333,0.54603352,0.7858927,0.5169001,10.16731599,10.25370687,1,1,284.83485859,1
1706,0.52175324,0.55159027,0.53801741,0.81988351,0.53649197,10.4161201,10.49030799,1,1,108.9248022,1
1707,0.51383997,0.53636954,0.52257105,0.78071735,0.51775144,10.01751464,10.08012112,1,1,276.58003001,1
1708,0.51897401,0.5445643,0.52208351,0.73515218,0.49740932,10.12541156,10.21254109,1,1,141.69907283,1
1709,0.5191192,0.54311824,0.52207683,0.6908061,0.5171754,10.22756557,10.27128002,1,1,1210.00827197,1
1710,0.51420097,0.517362,0.52185479,0.72683698,0.53664851,10.29485308,10.39596664,1,1,426.84493339,1
1711,0.50752226,0.51023743,0.54390301,0.71755566,0.52455341,10.14420121,10.14762844,1,1,790.59905585,1
1712,0.50566824,0.51745665,0.52651873,0.70383681,0.50406432,10.08980365,10.17464256,1,1,411.33690905,1
1713,0.49179723,0.50774992,0.53752144,0.73976007,0.518154,9.97280681,10.0646646,1,1,1005.4448756,1
1714,0.49952069,0.50188133,0.52852302,0.77495019,0.49779092,10.08336146,10.09790488,1,1,101.31839434,1
1715,0.49934273,0.50356697,0.52853798,0.72945153,0.47783703,10.18683541,10.22344416,1,1,508.96428801,1
1716,0.48277483,0.53927708,0.53050483,0.68993069,0.49555251,10.20068928,10.28419637,1,1,130.57519677,1
1717,0.47425541,0.52383892,0.54477779,0.7261316,0.49033486,10.28549276,10.3361833,1,1,100.61062204,1
1718,0.47846219,0.52113093,0.52581744,0.76158942,0.51020432,10.18891524,10.19670829,1,1,188.47539997,1
1719,0.49141897,0.50752072,0.52846273,0.72121959,0.51794768,10.26156221,10.2919682,1,1,1151.2337709,1
1720,0.51192988,0.49051468,0.52087995,0.67680717,0.49844566,10.10566543,10.16927598,1,1,768.05784881,1
1721,0.51187763,0.48771982,0.52071917,0.71327038,0.47851551,10.2436386,10.2846705,1,1,939.90448066,1
1722,0.49888932,0.47281243,0.53644296,0.74745558,0.4589452,10.22188254,10.24620568,1,1,304.02920967,1
1723,0.47347702,0.48214784,0.52081607,0.78250647,0.45739492,10.13492088,10.19728336,1,1,104.68516092,1
1724,0.49500194,0.46551471,0.5235523,0.78474951,0.43904509,10.05715583,10.11959174,1,1,577.80197228,1
1725,0.4842504,0.45977434,0.53999652,0.81900092,0.42257975,10.20028328,10.28395968,1,1,174.33303961,1
1726,0.47815775,0.47225175,0.53667553,0.77573506,0.44197321,9.89405279,9.9627037,1,1,227.84828664,1
1727,0.47812849,0.47148179,0.53681415,0.81013338,0.42313768,10.68873798,10.72520359,1,1,116.39372292,1
1728,0.45813394,0.53086772,0.55693321,0.84301094,0.44450927,10.41255738,10.43070925,1,1,134.26011191,1
1729,0.47846715,0.52679586,0.55154271,0.87615072,0.42578736,10.32072558,10.33525422,1,1,127.62694621,1
1730,0.50002142,0.50805776,0.55986024,0.8546348,0.44727161,10.21251975,10.26770009,1,1,182.22622168,1
1731,0.48919276,0.51946613,0.55424946,0.80867764,0.46792006,10.2440896,10.2487882,1,1,772.2590398,1
1732,0.52299424,0.49022756,0.55442701,0.8425025,0.44975269,10.21677768,10.22369464,1,1,173.14059803,1
1733,0.52333467,0.48721328,0.55433048,0.7956729,0.4310351,9.94414103,10.03492841,1,1,1143.56919706,1
1734,0.50130092,0.46434929,0.58100212,0.74999149,0.44977745,10.2278236,10.26415692,1,1,132.28445284,1
1735,0.50135128,0.45172445,0.55649561,0.78497696,0.46545161,9.98005906,10.07700216,1,1,285.79715473,1
1736,0.49820441,0.46234416,0.5565538,0.81927669,0.44627403,10.30120752,10.3734444,1,1,755.80579577,1
1737,0.48342481,0.45208072,0.5455189,0.77325379,0.42779085,10.37060947,10.45199576,1,1,115.44183997,1
1738,0.48954195,0.45277285,0.55730657,0.80778844,0.449234,10.11138652,10.13413991,1,1,103.49452897,1
1739,0.48716469,0.43844196,0.56136001,0.84162668,0.47023273,10.11323237,10.20203033,1,1,128.64810953,1
1740,0.4871034,0.43626582,0.56127134,0.87365581,0.46279438,10.25071505,10.28838455,1,1,188.75439282,1
1741,0.57391918,0.46787104,0.58467094,0.8261833,0.44390696,9.75732163,9.76475452,1,1,457.36865633,1
1742,0.54813387,0.45665402,0.57172687,0.77965963,0.46210033,10.13910216,10.15142649,1,1,234.43135519,1
1743,0.56346424,0.46409687,0.57759056,0.81389203,0.44285974,10.36152351,10.38561583,1,1,100.90347516,1
1744,0.54833294,0.48076118,0.57557147,0.76992612,0.42995339,9.94057906,9.94583029,1,1,126.01145175,1
1745,0.55658106,0.50567769,0.56012736,0.72760294,0.44926905,10.41124417,10.45143828,1,1,106.25907268,1
1746,0.54987669,0.49602796,0.57292708,0.68328206,0.43028367,10.47588039,10.56776289,1,1,552.38690091,1
1747,0.55657592,0.51300687,0.5723623,0.63966218,0.45160081,9.92789562,9.98887462,1,1,315.03065931,1
1748,0.53612449,0.51023252,0.55927901,0.59690267,0.43256881,10.34424944,10.3543141,1,1,430.8714439,1
1749,0.53711804,0.51284359,0.55953373,0.55496503,0.41391948,10.25106668,10.28827306,1,1,113.15792131,1
1750,0.58457336,0.49945875,0.57124147,0.53297018,0.43564056,10.2287369,10.30290718,1,1,513.35797086,1
1751,0.56920121,0.52545303,0.57703669,0.49231084,0.45692514,10.16257449,10.20914792,1,1,225.29389442,1
1752,0.56666097,0.54185495,0.57272421,0.45437761,0.47753367,10.27874698,10.28595377,1,1,109.10973628,1
1753,0.56547765,0.54830524,0.57214353,0.41529006,0.49798299,10.16426875,10.2328426,1,1,133.01411372,1
1754,0.55668281,0.54284476,0.56509295,0.37704306,0.47802599,10.14492632,10.2239027,1,1,193.71137446,1
1755,0.53133341,0.55989445,0.5587788,0.33961278,0.48883323,10.31231657,10.41473176,1,1,241.8488514,1
1756,0.5315601,0.55900157,0.55858609,0.38282044,0.50905643,10.16673802,10.23751587,1,1,203.88458669,1
1757,0.55469425,0.49263202,0.56185566,0.34516403,0.48887538,10.09906006,10.19998979,1,1,109.37029205,1
1758,0.53622745,0.48813941,0.57263551,0.30826122,0.50909702,10.28626729,10.3172009,1,1,372.43106265,1
1759,0.53329596,0.50864944,0.57888068,0.35124217,0.50037822,10.34130052,10.37399086,1,1,175.85895604,1
1760,0.50677273,0.52459957,0.55958544,0.31422008,0.48037101,10.11739586,10.19804921,1,1,114.38588949,1
1761,0.51714095,0.52898761,0.54508142,0.27834726,0.50061,10.14119253,10.1847272,1,1,695.1574115,1
1762,0.51741506,0.52829146,0.54537003,0.28199725,0.48109749,10.1620543,10.20521374,1,1,145.99163856,1
1763,0.49856222,0.50307065,0.56433928,0.24635807,0.46224522,10.18378581,10.21565332,1,1,100.37343714,1
1764,0.50637403,0.48413046,0.54455328,0.29143075,0.4433366,10.19905955,10.27284576,1,1,1405.98498582,1
1765,0.49876049,0.49447583,0.53712931,0.25560214,0.42512807,10.25242869,10.25522426,1,1,274.62485658,1
1766,0.48288805,0.48239972,0.53571078,0.30046933,0.44659543,10.3931139,10.40435984,1,1,203.29225264,1
1767,0.49027579,0.495051,0.53822538,0.26446991,0.43006498,9.94760229,9.9760572,1,1,116.00759282,1
1768,0.49008553,0.49618901,0.53834165,0.30918027,0.4448862,9.96797763,9.99596032,1,1,512.23657326,1
1769,0.50192663,0.57963105,0.55783989,0.27300388,0.42635116,10.12025524,10.20396884,1,1,771.87216558,1
1770,0.51984736,0.56189347,0.53650469,0.31752933,0.40782478,9.96804471,9.98854364,1,1,1464.6267787,1
1771,0.53252941,0.56424503,0.52041,0.34678286,0.38972923,10.31902372,10.34020808,1,1,168.25888685,1
1772,0.54509412,0.57021405,0.50835113,0.35898481,0.41193458,10.12804375,10.15623061,1,1,110.04405847,1
1773,0.55191363,0.54540604,0.50579357,0.32180615,0.39374073,10.13300683,10.23111945,1,1,550.90058112,1
1774,0.55199989,0.54152064,0.50577737,0.28637446,0.41522372,10.49542522,10.54259341,1,1,191.08568534,1
1775,0.52081358,0.51911347,0.5109132,0.25092085,0.43691924,10.15421455,10.21028574,1,1,410.41847423,1
1776,0.50897622,0.51692958,0.51898731,0.23416988,0.41823283,10.07578097,10.16203712,1,1,131.08670744,1
1777,0.5052725,0.50688999,0.53274716,0.27948641,0.39987468,10.24104549,10.31580279,1,1,112.18380559,1
1778,0.51571599,0.49157266,0.53523925,0.30803083,0.38385459,10.0944235,10.17448693,1,1,1494.2670915,1
1779,0.51154298,0.48871523,0.53199036,0.27190676,0.36706185,10.1711435,10.21468564,1,1,224.75048605,1
1780,0.51476133,0.49054789,0.52373047,0.31646861,0.38969922,10.31113622,10.35905426,1,1,102.15988597,1
1781,0.51492779,0.4931735,0.52391665,0.30195894,0.41180975,10.02328863,10.10911273,1,1,119.06458779,1
1782,0.50238045,0.45918425,0.54187847,0.26591976,0.43357342,10.2052477,10.29916537,1,1,180.52753263,1
1783,0.50150139,0.47405807,0.54001084,0.2435863,0.4548265,10.26618043,10.27798167,1,1,110.88898606,1
1784,0.49442353,0.48062526,0.54350736,0.27313349,0.47572879,10.3553389,10.38213097,1,1,117.6705137,1
1785,0.48712353,0.46350144,0.53359834,0.31530417,0.45621422,9.98711793,10.03221114,1,1,169.95610184,1
1786,0.4781582,0.4761394,0.52303608,0.27900368,0.43709974,9.98385848,10.07807953,1,1,125.00369697,1
1787,0.47755372,0.47471625,0.52343201,0.32340075,0.45832951,10.25300061,10.25797842,1,1,187.02042218,1
1788,0.46681437,0.56726264,0.54376109,0.28693276,0.443042,9.99934512,10.0911955,1,1,423.44784109,1
1789,0.48049805,0.53979195,0.53428453,0.3311816,0.46418106,10.49018716,10.50545516,1,1,105.97533445,1
1790,0.50379455,0.52689577,0.51079598,0.30194054,0.48489744,10.06452872,10.11054464,1,1,380.0641922,1
1791,0.5089738,0.52544198,0.52473723,0.26590174,0.50519949,10.13973429,10.22682839,1,1,183.25178854,1
1792,0.51134943,0.50329226,0.52736564,0.31058246,0.48528555,10.04696581,10.1236248,1,1,171.40039922,1
1793,0.51146523,0.50192093,0.52754162,0.27988957,0.46557995,10.32281997,10.33236794,1,1,184.99787104,1
1794,0.57584197,0.52895252,0.52809812,0.24447613,0.44628815,10.63318428,10.70557845,1,1,153.13114035,1
1795,0.56071927,0.52999134,0.52655025,0.28958483,0.42881576,9.99812846,10.08274619,1,1,248.93479039,1
1796,0.57814943,0.52929149,0.53871146,0.29291843,0.45023944,10.03774374,10.08278628,1,1,254.3707214,1
1797,0.55530077,0.55458846,0.54313453,0.32156778,0.43123465,10.42709767,10.52243834,1,1,1538.26176142,1
1798,0.56490448,0.542285,0.53428411,0.36462724,0.41260996,10.24729472,10.28806945,1,1,130.59895833,1
1799,0.53950437,0.55709006,0.53793682,0.40733442,0.39652579,10.21548099,10.27564984,1,1,581.35587232,1
1800,0.53939053,0.5565188,0.53792695,0.44918773,0.38241527,10.13549445,10.21301023,1,1,106.28012303,1
1801,0.53886343,0.52161556,0.54717988,0.41020407,0.36478058,10.16084279,10.17846333,1,1,116.11054491,1
1802,0.53499608,0.52269097,0.55767534,0.41246993,0.36724161,10.07837614,10.10303494,1,1,125.72630727,1
1803,0.53216509,0.54577946,0.55224967,0.45422053,0.38484118,10.38822106,10.48572689,1,1,242.97862146,1
1804,0.52198732,0.54768757,0.54066837,0.49513612,0.40170417,10.3330603,10.39989886,1,1,477.99556704,1
1805,0.51220474,0.53117067,0.54227144,0.45523353,0.38367399,10.05184556,10.12664107,1,1,161.33368101,1
1806,0.51216396,0.53121165,0.54192308,0.4161296,0.40599673,10.4916928,10.51243682,1,1,106.03162894,1
1807,0.4924,0.50338472,0.55512871,0.37782054,0.41959152,10.28867943,10.3529404,1,1,300.40872183,1
1808,0.47926398,0.49822032,0.55747815,0.36331655,0.44119961,10.25076652,10.33590667,1,1,732.47665152,1
1809,0.47434576,0.51382015,0.54418701,0.37436813,0.46228679,10.25967288,10.34269283,1,1,1157.61205756,1
1810,0.49692047,0.5094224,0.53765805,0.33774685,0.48197863,10.10770911,10.16726388,1,1,867.80690045,1
1811,0.47278186,0.49294644,0.56121342,0.37744631,0.50233899,10.12274775,10.2180959,1,1,237.21521401,1
1812,0.4734154,0.4940867,0.56093826,0.34574548,0.48229245,10.26485775,10.31118194,1,1,221.99260901,1
1813,0.54110961,0.56179443,0.56637157,0.3887909,0.49399814,9.96819617,10.05108762,1,1,111.91077502,1
1814,0.53091902,0.55064621,0.57229071,0.35101627,0.51241452,10.31462485,10.31993224,1,1,177.00206733,1
1815,0.5338094,0.56770926,0.56324797,0.39399594,0.53130133,9.81294424,9.81537827,1,1,130.03673067,1
1816,0.54834764,0.56881319,0.56628226,0.387285,0.5506157,10.03727394,10.13348643,1,1,592.59276721,1
1817,0.53767824,0.57027285,0.57730319,0.34953935,0.52961337,10.384624,10.45537365,1,1,133.93365851,1
1818,0.54778195,0.56629655,0.57899563,0.38541461,0.51175664,10.13984334,10.22481479,1,1,110.36057193,1
1819,0.54836267,0.5654148,0.57895547,0.42105931,0.53149771,10.05547916,10.07180439,1,1,236.20683743,1
1820,0.52142719,0.54270857,0.57786036,0.40675427,0.51096842,10.19587284,10.28850464,1,1,633.42959905,1
1821,0.52544725,0.55443821,0.58282372,0.36872929,0.53074306,10.20173305,10.25592081,1,1,114.60290829,1
1822,0.52626727,0.52400619,0.58681721,0.41135455,0.55006636,10.2445217,10.27007072,1,1,364.27252457,1
1823,0.49990807,0.5329792,0.59030952,0.37333536,0.5320219,10.18987346,10.25916775,1,1,128.9826905,1
1824,0.51880261,0.51633946,0.59502284,0.41586863,0.51141352,10.38663855,10.43359071,1,1,1068.4597053,1
1825,0.49987157,0.53839445,0.57466946,0.45754909,0.52586299,10.24347039,10.31594055,1,1,528.27753956,1
1826,0.49986495,0.53783392,0.57485002,0.41839996,0.53869614,10.08537795,10.15843251,1,1,128.52591756,1
1827,0.48396225,0.54034239,0.58494425,0.46003104,0.51792256,10.42530894,10.5219966,1,1,114.0698567,1
1828,0.48118561,0.54308292,0.58169344,0.46377083,0.53744433,10.26710329,10.31895401,1,1,1124.89997303,1
1829,0.47899682,0.54994861,0.57369003,0.42449543,0.55586895,9.88164201,9.92594207,1,1,191.56746605,1
1830,0.49723984,0.54509808,0.56384551,0.40035946,0.53490329,10.07520856,10.15547788,1,1,614.6908226,1
1831,0.49280652,0.52989691,0.57519985,0.36235641,0.51526762,10.23449598,10.23480323,1,1,101.68371497,1
1832,0.49333007,0.5310692,0.57519707,0.24645858,0.48041653,10.24848191,10.33824546,1,1,401.31347302,0
1833,0.46416841,0.48002119,0.52740106,0.3711363,0.45441508,9.78661719,9.82047607,1,1,166.69986472,0
1834,0.47351225,0.42039024,0.49636932,0.27029305,0.39701091,9.75498431,9.78967597,1,1,118.82386706,0
1835,0.47548872,0.33414425,0.41269305,0.39317262,0.35769686,10.30450028,10.34653844,1,1,140.01715857,0
1836,0.48531656,0.26372584,0.36386793,0.29032875,0.41983215,10.0456086,10.08036026,1,1,1280.1841841,0
1837,0.48362988,0.22304942,0.3270319,0.17460165,0.4749474,9.70893098,9.75950162,1,1,111.07045725,0
1838,0.48367763,0.22307113,0.32713244,0.30049318,0.42868387,10.21733182,10.31176083,1,1,363.60203668,0
1839,0.51753918,0.28544319,0.38968625,0.18448332,0.42967298,10.09091249,10.09751232,1,1,987.0963308,0
1840,0.50551813,0.36925278,0.45296119,0.07165315,0.37598332,10.24052544,10.28147447,1,1,406.90790563,0
1841,0.49708488,0.45355633,0.54571501,0,0.44455014,10.2706872,10.35902477,1,1,298.9843128,0
1842,0.50477442,0.52117039,0.61323394,0,0.40418633,9.95652273,9.98121889,1,1,1096.82827116,0
1843,0.50522717,0.60769184,0.69358557,0.12999814,0.4729171,10.24234797,10.26520667,1,1,552.50484469,0
1844,0.47548833,0.65674487,0.75647826,0.01741154,0.42032436,10.21645096,10.28624373,1,1,158.69984401,0
1845,0.47530348,0.65840995,0.7563815,0.13009277,0.37165032,10.1402096,10.16236455,1,1,173.61014136,0
1846,0.4471487,0.60452064,0.65502901,0.25745166,0.31904857,10.2276627,10.26856172,1,1,172.01301019,0
1847,0.47777725,0.56330971,0.53724182,0.38228377,0.26582579,10.29058488,10.30397742,1,1,162.99019517,0
1848,0.4665197,0.45968473,0.38096666,0.5045751,0.32271159,10.41701217,10.45042471,1,1,1208.12069833,0
1849,0.4903964,0.39888313,0.2667585,0.52958515,0.2626201,10.17564036,10.25135954,1,1,123.821811,0
1850,0.49152461,0.36545678,0.18609494,0.40899345,0.22922384,10.21949646,10.27329707,1,1,137.09228412,0
1851,0.49106849,0.36664041,0.18577921,0.2910326,0.29103638,9.92256065,9.98488317,1,1,179.87783909,0
1852,0.53524855,0.44589081,0.34182679,0.4152097,0.23790569,10.3265936,10.34566442,1,1,105.34583865,0
1853,0.54298357,0.51735678,0.50730198,0.29691857,0.29959664,10.24552714,10.2681531,1,1,198.65608746,0
1854,0.53821699,0.60723554,0.69056476,0.38639725,0.24408812,10.26306602,10.34324556,1,1,133.16816575,0
1855,0.51765777,0.67552297,0.8307332,0.29099254,0.18682255,10.24224268,10.33563586,1,1,101.09653993,0
1856,0.50691982,0.7062568,0.97959332,0.41513358,0.25083913,10.0004095,10.01189695,1,1,217.47891227,0
1857,0.50669736,0.70778358,0.97968764,0.53396975,0.23940383,9.84602238,9.94012945,1,1,205.02332698,0
1858,0.4791629,0.68149274,0.88077181,0.41580243,0.29856145,9.86599563,9.87090121,1,1,934.08316305,0
1859,0.49240113,0.5946,0.79493397,0.29751025,0.33816984,10.03872869,10.04039278,1,1,822.32206913,0
1860,0.481348,0.5110023,0.6385931,0.421546,0.40221947,10.17075227,10.21215241,1,1,102.46949895,0
1861,0.48567878,0.39489007,0.45400563,0.37480301,0.34378856,10.19285248,10.28127513,1,1,660.01415014,0
1862,0.49241278,0.31019546,0.30032659,0.49080833,0.28669567,10.03060402,10.04747771,1,1,243.81024322,0
1863,0.50237634,0.24891324,0.1949366,0.45915609,0.31096151,10.29381741,10.36789223,1,1,126.84462275,1
1864,0.4971946,0.21177088,0.12174778,0.48825893,0.29474363,10.10679677,10.15414264,1,1,114.2027066,1
1865,0.4968142,0.21124164,0.12147888,0.52849375,0.31884876,10.02899986,10.0354444,1,1,128.95892712,1
1866,0.57009413,0.23648769,0.13051727,0.56792375,0.34133429,10.1494298,10.24470837,1,1,606.10680003,1
1867,0.58020929,0.23480697,0.13440857,0.60656527,0.36402917,10.36849394,10.42787137,1,1,118.42696555,1
1868,0.55789533,0.24126736,0.13571834,0.56443405,0.34714123,10.26611578,10.34120173,1,1,133.8003686,1
1869,0.57274012,0.2582782,0.14780174,0.60294169,0.33049022,10.28026269,10.36644146,1,1,1416.84522476,1
1870,0.5575294,0.2652673,0.15623804,0.62592321,0.32006982,10.40527013,10.46688051,1,1,112.43889261,1
1871,0.57698358,0.28323543,0.15941724,0.6633942,0.34366836,10.35151906,10.40670651,1,1,923.74369926,1
1872,0.55670026,0.28951373,0.16457521,0.68705483,0.33192957,10.27519561,10.29479911,1,1,660.07261614,1
1873,0.55577105,0.29393612,0.16774206,0.6433138,0.35529051,10.11760891,10.20688191,1,1,110.47127371,1
1874,0.56928787,0.30433333,0.1720937,0.68044134,0.33830145,10.20612754,10.30660747,1,1,1378.18842405,1
1875,0.56997758,0.30270451,0.17199024,0.70642577,0.36074801,10.1139603,10.13815165,1,1,817.2235835,1
1876,0.61670107,0.28441043,0.17909571,0.72151498,0.34353305,10.22057735,10.22837004,1,1,1305.5035889,1
1877,0.62545964,0.28719547,0.1823801,0.75706754,0.33619102,10.24874935,10.24942064,1,1,185.47560437,1
1878,0.61088591,0.30671191,0.19289705,0.71192619,0.31947188,10.0492406,10.0624239,1,1,526.11300887,1
1879,0.59031641,0.30872082,0.20236665,0.73561776,0.3030908,10.29528908,10.31642288,1,1,242.70420938,1
1880,0.58315786,0.32260905,0.20185912,0.69118545,0.32646556,10.21120248,10.29165151,1,1,194.886902,1
1881,0.5596188,0.32951333,0.20489443,0.68392624,0.3498718,10.04908875,10.07082994,1,1,1441.19771875,1
1882,0.57987019,0.34345978,0.20929159,0.72024175,0.37271952,10.03331388,10.1071576,1,1,108.27103764,1
1883,0.56415087,0.34601684,0.22050429,0.6758432,0.37962414,10.12313554,10.21607828,1,1,224.87537515,1
1884,0.56421622,0.35025407,0.22069449,0.63558552,0.40191824,10.2756221,10.35193911,1,1,1088.45456343,1
1885,0.63790168,0.3418131,0.23026587,0.59287381,0.38388988,10.32810151,10.41580089,1,1,275.5142725,1
1886,0.63729966,0.34717594,0.23774339,0.62385793,0.36622656,10.00432197,10.01596417,1,1,155.60567053,1
1887,0.61245613,0.35136627,0.24658083,0.58414221,0.35043036,10.11127285,10.18189699,1,1,652.39785468,1
1888,0.59389412,0.37941082,0.24158243,0.54246059,0.33343015,10.35491418,10.38158948,1,1,332.72622909,1
1889,0.58829692,0.38554392,0.25214045,0.50169184,0.35676098,10.0045523,10.09283588,1,1,303.8040456,1
1890,0.59187091,0.38717039,0.26502114,0.46165864,0.34111031,10.24630099,10.28161299,1,1,224.31774888,1
1891,0.56894812,0.40726476,0.25669848,0.42263356,0.34026624,9.97611337,10.03525779,1,1,435.52634615,1
1892,0.58419269,0.41857591,0.26865465,0.38509801,0.32350138,10.04560729,10.12821084,1,1,337.51222831,1
1893,0.58451419,0.41644525,0.26894486,0.42739605,0.30703135,10.23494168,10.24914768,1,1,106.70003374,1
1894,0.6384198,0.40080976,0.2779973,0.46845338,0.30895642,9.99459317,10.07796237,1,1,181.48346379,1
1895,0.64789963,0.41528001,0.27841798,0.44603778,0.33277488,9.98365905,10.05646238,1,1,135.14076759,1
1896,0.64062688,0.4392557,0.28576865,0.40711702,0.35562728,10.19086069,10.28847854,1,1,108.69611092,1
1897,0.62759962,0.44072678,0.29138775,0.36899302,0.33969579,10.3016431,10.30938082,1,1,154.80515271,1
1898,0.60171844,0.44284837,0.29049599,0.33161421,0.35445505,10.01157491,10.01818399,1,1,140.68514716,1
1899,0.60008013,0.47785898,0.30445518,0.29498195,0.33957495,10.48350742,10.52078284,1,1,125.66657061,1
1900,0.58314599,0.48728654,0.29825165,0.33907903,0.32295876,9.81919741,9.85131308,1,1,134.40339609,1
1901,0.58992736,0.48041516,0.30287897,0.38229744,0.3464959,10.31200365,10.39542488,1,1,127.16438632,1
1902,0.5974064,0.49550163,0.30977789,0.42465125,0.36950077,9.97191733,10.03751312,1,1,1502.94830781,1
1903,0.59722162,0.49495254,0.30957189,0.4284936,0.35211389,10.46772197,10.49997007,1,1,517.18357996,1
1904,0.62575286,0.45747732,0.32961559,0.40126145,0.3379794,9.89641855,9.89864657,1,1,114.77551592,1
1905,0.59819772,0.45908989,0.32214974,0.36323719,0.36115768,10.221422,10.26083618,1,1,144.01579871,1
1906,0.57417878,0.47934001,0.3315398,0.32606522,0.37912008,9.84796129,9.92121947,1,1,105.10285708,1
1907,0.56157289,0.4773277,0.33552971,0.28954393,0.40125827,10.16538467,10.17460948,1,1,539.0466768,1
1908,0.57010114,0.47411285,0.3420536,0.31610957,0.38326648,10.30995861,10.34489069,1,1,1090.02900959,1
1909,0.56215406,0.49706523,0.35624001,0.27983903,0.36564143,10.36141318,10.37126921,1,1,169.18372875,1
1910,0.56190188,0.49822699,0.35602627,0.24424431,0.38821317,10.34663669,10.40042501,1,1,276.08451487,1
1911,0.5584787,0.43235959,0.3673187,0.2093596,0.39500495,10.06242974,10.09045613,1,1,152.34235713,1
1912,0.53781452,0.43912318,0.37884819,0.18272356,0.41710485,9.90723544,9.91589258,1,1,418.22665546,1
1913,0.51899895,0.44312647,0.38235753,0.22906575,0.42838334,10.09173797,10.17120909,1,1,116.31496263,1
1914,0.518172,0.45668503,0.39750044,0.26251396,0.41157956,10.17610378,10.19698621,1,1,142.14520974,1
1915,0.50585918,0.46346412,0.38708919,0.30722427,0.43333035,10.16805475,10.23226802,1,1,126.35517322,1
1916,0.52242256,0.45297901,0.39923906,0.33477543,0.45456334,10.32495861,10.3984745,1,1,178.85523166,1
1917,0.52197246,0.45416772,0.39882826,0.37807249,0.44215777,10.21070361,10.21132532,1,1,244.04584734,1
1918,0.60002425,0.44586444,0.41353959,0.34052686,0.45942491,10.25551685,10.27068407,1,1,484.66877298,1
1919,0.59003642,0.4683646,0.42889873,0.38371627,0.48014467,10.19366081,10.25871299,1,1,896.36979619,1
1920,0.56046762,0.46351564,0.41396348,0.42604194,0.50050082,9.97445393,10.07365864,1,1,536.01364815,1
1921,0.55840806,0.48860843,0.41786448,0.46424729,0.48049156,10.07578745,10.14272987,1,1,419.411325,1
1922,0.55495352,0.49792196,0.42752324,0.42714307,0.50088085,10.13688802,10.14336991,1,1,472.57055011,1
1923,0.56758077,0.49675342,0.42623673,0.46860016,0.52085921,10.04481459,10.08671702,1,1,174.31683354,1
1924,0.56757195,0.49746664,0.42637077,0.4674357,0.50051543,9.97520599,10.02296546,1,1,117.22170239,1
1925,0.55821409,0.45706001,0.44255891,0.42850603,0.52050476,10.12199259,10.21057634,1,1,142.50342933,1
1926,0.54188741,0.47352333,0.44569663,0.39065699,0.5400837,10.35630471,10.45434428,1,1,208.50552951,1
1927,0.53890549,0.46650016,0.45959018,0.35391168,0.55928176,10.22671076,10.28865531,1,1,107.19481659,1
1928,0.52095663,0.47531072,0.45263692,0.31986898,0.56561471,10.14615271,10.19765555,1,1,494.4369362,1
1929,0.5174206,0.46155401,0.44939798,0.3634716,0.5843009,10.23916664,10.28159997,1,1,908.48803083,1
1930,0.51055601,0.46805396,0.455322,0.32631935,0.5744095,10.12017339,10.20142089,1,1,287.20524941,1
1931,0.50945193,0.46656402,0.45522485,0.36954161,0.59281449,10.18112877,10.27130758,1,1,210.78658435,1
1932,0.56718087,0.48733557,0.47305633,0.41212624,0.5709674,10.1397687,10.23461584,1,1,1075.06667612,1
1933,0.54754194,0.49361791,0.47267557,0.41588485,0.58954805,9.93537516,10.02766848,1,1,580.08805416,1
1934,0.54429033,0.50283842,0.46504363,0.42768467,0.60773763,10.4878905,10.5265157,1,1,101.62523302,1
1935,0.5320504,0.50761348,0.46751092,0.4691281,0.58678539,10.48180924,10.53171349,1,1,611.97532816,1
1936,0.54493905,0.52656667,0.48694002,0.43032371,0.57291686,10.14221638,10.22301999,1,1,122.09249515,1
1937,0.53359702,0.50348677,0.47131954,0.47171525,0.58699109,10.05766985,10.07735293,1,1,1048.77030078,1
1938,0.5334724,0.50568775,0.47097688,0.49908913,0.60525127,10.17868037,10.20600974,1,1,125.10379575,1
1939,0.59382121,0.47452791,0.4895224,0.45910737,0.58314633,10.29525448,10.32940342,1,1,110.57922446,1
1940,0.58224162,0.49127011,0.49489754,0.4999252,0.6014834,10.09181208,10.1185281,1,1,336.26017563,1
1941,0.55241364,0.50484386,0.4893919,0.53992669,0.5808028,10.5873117,10.61797222,1,1,145.43562199,1
1942,0.55633945,0.49559946,0.50042513,0.51650897,0.59918538,10.49238493,10.55203087,1,1,498.98818127,1
1943,0.53777702,0.52261792,0.48993762,0.48834661,0.57722106,9.9765034,9.99902356,1,1,1187.0041698,1
1944,0.54134069,0.53385902,0.48229351,0.52855216,0.59567646,10.06579453,10.11523801,1,1,128.66290327,1
1945,0.5416378,0.53216406,0.4822162,0.49261463,0.57376293,10.42881129,10.47548081,1,1,101.58509983,1
1946,0.56437938,0.50613478,0.48486176,0.53272316,0.59228593,9.97133078,9.97480264,1,1,404.33968976,1
1947,0.53996895,0.49822288,0.51109412,0.49207343,0.61042694,10.16716411,10.22317839,1,1,1211.81825281,1
1948,0.52714204,0.52658837,0.51241122,0.52337166,0.6275062,10.22252052,10.28575503,1,1,255.19764755,1
1949,0.5090508,0.51758666,0.49618027,0.48290527,0.60558428,10.34916242,10.38073841,1,1,1422.69206491,1
1950,0.51720415,0.52485187,0.48807329,0.4432476,0.61879977,10.1951153,10.20535929,1,1,653.0259624,1
1951,0.51655251,0.52526836,0.48833117,0.40439572,0.59642377,10.09700579,10.10619474,1,1,106.54210259,1
1952,0.57566695,0.53762829,0.5037096,0.44622187,0.58815126,10.15282988,10.23905079,1,1,270.88201058,1
1953,0.57099829,0.52379244,0.51027009,0.40731963,0.56638986,9.95056498,10.03201497,1,1,450.06857154,1
1954,0.57871466,0.55280096,0.5086265,0.36940087,0.54524492,10.10666875,10.17762585,1,1,176.84442925,1
1955,0.57904927,0.5424381,0.50527642,0.33201285,0.56354178,9.86116627,9.92853448,1,1,115.3948856,1
1956,0.57161452,0.55698892,0.49584859,0.29540591,0.54227098,10.4019288,10.5017246,1,1,281.91015158,1
1957,0.5615494,0.56467593,0.49753717,0.33056572,0.56141158,10.24038823,10.2712612,1,1,138.37835282,1
1958,0.5610632,0.5636062,0.49739649,0.37384476,0.55912266,10.11270167,10.11926692,1,1,112.47737843,1
1959,0.52771228,0.51841769,0.50752624,0.41573017,0.57574835,10.09462363,10.12115052,1,1,1010.04552724,1
1960,0.5460369,0.52073002,0.52150694,0.37792469,0.59421451,10.14241565,10.20117269,1,1,105.69148656,1
1961,0.5227258,0.53002548,0.50507869,0.34075592,0.57233046,10.16336357,10.19410132,1,1,114.29576986,1
1962,0.52103998,0.5104611,0.5154362,0.32031411,0.58055884,10.353197,10.35866173,1,1,171.11600812,1
1963,0.52845028,0.51704884,0.50957156,0.35980063,0.55894934,10.24050249,10.29683489,1,1,147.61389792,1
1964,0.52828505,0.51832009,0.50985729,0.40148337,0.55840098,10.33391796,10.38391255,1,1,170.75402193,1
1965,0.52753108,0.51973108,0.5096118,0.44342228,0.537236,10.42099711,10.4597719,1,1,531.322441,1
1966,0.5920757,0.49545194,0.53681345,0.40455399,0.5164914,10.33446411,10.3414146,1,1,113.3200181,1
1967,0.57226544,0.49609126,0.53414169,0.44644646,0.49616162,10.3338992,10.41939532,1,1,332.03267108,1
1968,0.55313004,0.5133673,0.5083698,0.40755889,0.51623792,10.22679826,10.31932447,1,1,123.69093066,1
1969,0.5591472,0.51841536,0.50807055,0.39050622,0.53581393,10.13924245,10.14382604,1,1,655.66364718,1
1970,0.53028901,0.54694019,0.52774073,0.35491774,0.52546368,9.92931433,9.99872777,1,1,104.5484073,1
1971,0.53072435,0.54594014,0.52805848,0.39262639,0.53556051,10.34687514,10.36137498,1,1,184.56851151,1
1972,0.48757159,0.52031078,0.55007027,0.35477386,0.55484027,10.29555277,10.36724719,1,1,127.0164326,1
1973,0.49363077,0.52244196,0.54401515,0.39767838,0.54473815,10.30721967,10.40193169,1,1,305.01288711,1
1974,0.50433932,0.51133515,0.54386512,0.43954176,0.52525255,10.26034055,10.32335554,1,1,175.44737432,1
1975,0.47558089,0.50112336,0.53581726,0.4807509,0.5339375,10.15161407,10.17614546,1,1,1338.20163204,1
1976,0.49042741,0.50810417,0.55316712,0.5211329,0.55325875,10.14632207,10.18112017,1,1,302.05134077,1
1977,0.49820113,0.502185,0.5270824,0.52547066,0.53219674,10.28756634,10.31455514,1,1,100.65572254,1
1978,0.49829103,0.50420187,0.5272703,0.56484458,0.55155152,10.07520438,10.0995661,1,1,112.62075346,1
1979,0.49111073,0.49429874,0.54646293,0.52714313,0.5704848,10.15404219,10.17361023,1,1,928.40848534,1
1980,0.48853496,0.49639353,0.53977979,0.56633641,0.54907894,10.20784356,10.29251083,1,1,150.49030659,1
1981,0.48637495,0.49167921,0.51741518,0.55902161,0.53847314,10.24709326,10.32200375,1,1,137.20779536,1
1982,0.47901427,0.47186456,0.5110607,0.59710205,0.55766911,10.20744247,10.22397171,1,1,918.49129709,1
1983,0.47974189,0.47036572,0.51145065,0.63335762,0.57651506,10.43447284,10.47007358,1,1,701.28512558,1
1984,0.53143957,0.4971951,0.52050443,0.59690829,0.59497672,10.33544815,10.42349884,1,1,228.28232289,1
1985,0.52424713,0.48995766,0.52726574,0.55497012,0.57309164,10.0351324,10.10412188,1,1,702.18064518,1
1986,0.52702822,0.51169016,0.51770343,0.59387072,0.58749101,10.22347171,10.28872147,1,1,145.06093084,1
1987,0.52638406,0.51683848,0.53441981,0.55226333,0.56574319,10.21517137,10.31031906,1,1,290.44934746,1
1988,0.50061617,0.51607015,0.53043969,0.59120942,0.54541494,10.20953667,10.23467162,1,1,100.4231597,1
1989,0.50017815,0.5152083,0.53063789,0.57643182,0.52450664,10.50282978,10.57054155,1,1,152.57918483,1
1990,0.58122591,0.56472091,0.5335498,0.61480458,0.52355185,10.11290292,10.16083984,1,1,1453.49883933,1
1991,0.55740001,0.57533335,0.53679929,0.5725186,0.50308081,10.34450119,10.40654558,1,1,687.41362803,1
1992,0.56833379,0.57721036,0.52409765,0.61106823,0.52229401,10.19822083,10.24747583,1,1,1030.72027011,1
1993,0.56277947,0.58651536,0.53338578,0.64807293,0.52604436,10.52658963,10.62149835,1,1,155.24447001,1
1994,0.57421073,0.58419759,0.51175011,0.60511148,0.54552037,10.4232117,10.47828539,1,1,761.75883066,1
1995,0.57436464,0.58591566,0.51153592,0.58270168,0.56325787,10.42607711,10.51106622,1,1,333.77511458,1
1996,0.55639964,0.56677652,0.53201517,0.57879897,0.58199271,10.01450527,10.11249312,1,1,164.2336555,1
1997,0.54495447,0.55102302,0.52475538,0.5372233,0.56035287,10.25602605,10.3018643,1,1,184.90148605,1
1998,0.52860301,0.56215458,0.51741931,0.56261957,0.53914582,10.15557622,10.20676799,1,1,106.62326049,1
1999,0.53092144,0.54498274,0.51188544,0.53146224,0.55249027,10.4307359,10.46912197,1,1,133.21674122,1
2000,0.53270693,0.55335741,0.52439168,0.49085424,0.57143689,10.15228245,10.21040785,1,1,1101.00472696,1
2001,0.52339461,0.55502369,0.52498444,0.50657257,0.55001872,10.10106679,10.14934034,1,1,120.36312625,1
2002,0.52350727,0.5294327,0.51310629,0.54643361,0.52920402,10.25279236,10.3230404,1,1,164.07976232,1
2003,0.52371353,0.52802689,0.51311108,0.58549079,0.50861994,10.29963359,10.36298072,1,1,204.43288556,1
2004,0.53182441,0.50870377,0.52615345,0.54824452,0.4884489,10.40860368,10.436554,1,1,105.03694797,1
2005,0.51551409,0.50351492,0.53643796,0.50727963,0.46872973,10.36107268,10.41721005,1,1,103.17976207,1
2006,0.52490067,0.5037518,0.53199724,0.46947052,0.48890543,10.02883554,10.07626439,1,1,114.37296332,1
2007,0.51033958,0.51927677,0.53673077,0.51008014,0.50883401,10.21863678,10.31941072,1,1,115.68984155,1
2008,0.5102962,0.51666912,0.53696221,0.47448214,0.50433694,10.34392128,10.38072347,1,1,139.11072166,1
2009,0.54481726,0.49380393,0.56527397,0.43583372,0.50876553,10.63503149,10.70667999,1,1,131.95638008,1
2010,0.53551715,0.48828576,0.5394592,0.3996103,0.52859018,10.21234499,10.27390312,1,1,161.70032188,1
2011,0.52869862,0.52530545,0.55239967,0.36384742,0.53452304,10.25245774,10.33100276,1,1,686.88030653,1
2012,0.52668067,0.52454306,0.55676355,0.40276383,0.55378246,10.41448807,10.50335017,1,1,1239.89461594,1
2013,0.50607225,0.51830544,0.55063884,0.36530644,0.57270616,10.02516903,10.07693995,1,1,150.10777994,1
2014,0.50596448,0.51906371,0.55088626,0.40797851,0.57288349,9.99688367,10.05322102,1,1,160.53858604,1
2015,0.57599585,0.54013716,0.57601491,0.37018369,0.55180683,10.03238273,10.07230439,1,1,130.71251304,1
2016,0.56509374,0.57333603,0.56824106,0.40304566,0.57076996,9.78600131,9.80472667,1,1,189.04180623,1
2017,0.55757919,0.56292249,0.54714049,0.42785502,0.54936482,10.20959743,10.26539066,1,1,269.33043854,1
2018,0.54798428,0.56284686,0.55217492,0.46927484,0.52850997,10.1500282,10.24418081,1,1,303.90562815,1
2019,0.55619593,0.57751583,0.55939565,0.50926754,0.54753877,10.03880703,10.05446913,1,1,121.31135531,1
2020,0.55659633,0.57813411,0.55978939,0.54514959,0.56658799,10.25102539,10.32223748,1,1,257.83590241,1
2021,0.54866498,0.55991288,0.57090411,0.50667946,0.54525944,10.27499029,10.33186027,1,1,109.08330988,1
2022,0.51939465,0.56195364,0.56171829,0.46655497,0.52650861,10.66759495,10.69443911,1,1,105.5242688,1
2023,0.51184305,0.55684542,0.58535877,0.44839716,0.5459138,10.36753891,10.42633805,1,1,101.49075819,1
2024,0.50395578,0.55484924,0.56914519,0.48942922,0.525709,10.62499435,10.69493586,1,1,630.00135957,1
2025,0.51020017,0.52306898,0.58171351,0.52964005,0.52344531,10.15161907,10.19703528,1,1,102.55865752,1
2026,0.50791426,0.54217111,0.55403081,0.4890479,0.5429764,10.19834542,10.21393667,1,1,204.58561575,1
2027,0.51180298,0.53287358,0.55901504,0.50794294,0.55977186,10.17499122,10.25417687,1,1,244.59028314,1
2028,0.51086348,0.53156426,0.55940313,0.46779115,0.53857642,10.29850091,10.32105342,1,1,116.88468319,1
2029,0.47883369,0.51007096,0.58277114,0.50479786,0.5578024,10.1568425,10.22898558,1,1,102.44276006,1
2030,0.47059914,0.50102675,0.57178928,0.46470196,0.576445,10.15880734,10.23887836,1,1,262.38483962,1
2031,0.4700402,0.49672187,0.54728173,0.42541313,0.59304832,10.15837032,10.21440345,1,1,813.59892814,1
2032,0.48419661,0.49879277,0.53705798,0.38926902,0.61118712,9.95650223,10.05176408,1,1,1380.54761688,1
2033,0.48555429,0.50670968,0.54962056,0.43148334,0.60933089,10.23740076,10.29696205,1,1,263.04233465,1
2034,0.48561096,0.5105102,0.54955043,0.39285368,0.6217535,10.14996775,10.17404215,1,1,146.49691587,1
2035,0.44198099,0.54241037,0.56450324,0.35632299,0.59953072,10.40907012,10.42795519,1,1,1079.89140814,1
2036,0.44765289,0.53293437,0.57096764,0.3193162,0.61753852,10.29429819,10.3244722,1,1,112.83754166,1
2037,0.46297199,0.52580665,0.5473878,0.28299224,0.63518775,10.29004653,10.31567211,1,1,1297.38819093,1
2038,0.4746665,0.50785588,0.56355379,0.27074941,0.612484,9.98949067,10.06368838,1,1,160.79104875,1
2039,0.47072012,0.50102624,0.54507035,0.27383266,0.630234,9.84582286,9.91425971,1,1,228.4744464,1
2040,0.46974558,0.47361994,0.54429815,0.26255382,0.64762237,10.20651636,10.29805839,1,1,131.8638706,1
2041,0.47325574,0.49293868,0.57275348,0.30730081,0.62466992,9.83195232,9.86644521,1,1,287.05540874,1
2042,0.4728644,0.49088146,0.57283471,0.34819062,0.6421765,10.31428047,10.37896214,1,1,965.28470695,1
2043,0.53828187,0.59084315,0.58056757,0.39119513,0.6193334,10.61882999,10.67892092,1,1,121.06667736,1
2044,0.53404748,0.58661499,0.56430721,0.353423,0.63165666,10.22034072,10.27754105,1,1,108.88031615,1
2045,0.54114124,0.58939044,0.54887355,0.31635454,0.6469786,10.4422688,10.54104792,1,1,132.83005859,1
2046,0.52855097,0.57039085,0.56082537,0.35999166,0.66400031,10.26597831,10.34078684,1,1,133.09884661,1
2047,0.5474657,0.55098131,0.54118863,0.32279185,0.6409496,10.25556155,10.33751502,1,1,108.37688856,1
2048,0.54829577,0.54934737,0.54080096,0.28671467,0.61824017,10.26451844,10.30991134,1,1,451.031963,1
2049,0.5321487,0.49180409,0.55054564,0.25114964,0.59642862,10.09985804,10.14180105,1,1,1204.73586759,1
2050,0.5297172,0.48701109,0.5559309,0.29612003,0.57474914,10.20626721,10.21555016,1,1,560.12859927,1
2051,0.52477221,0.48707089,0.54256631,0.32989949,0.59324989,10.23121006,10.23774724,1,1,1315.30706903,1
2052,0.51432258,0.51206828,0.55851723,0.29357748,0.61138487,10.108421,10.17955369,1,1,100.87233835,1
2053,0.49927472,0.49775884,0.55765559,0.2577255,0.62068462,10.10781802,10.18000593,1,1,101.48961976,1
2054,0.4858224,0.49362877,0.53685169,0.3002536,0.63822132,10.37173581,10.40558481,1,1,253.42643373,1
2055,0.48569714,0.49217723,0.53652064,0.26425922,0.65544993,10.35187993,10.44863541,1,1,171.97794157,1
2056,0.54804904,0.56180104,0.55252159,0.22897404,0.65502594,10.29554525,10.36036286,1,1,115.59317281,1
2057,0.54448972,0.55708394,0.53575398,0.27439189,0.63791612,9.90196862,9.93504333,1,1,140.45847184,1
2058,0.55636822,0.57939013,0.54821311,0.31741116,0.61515866,10.25881217,10.31038349,1,1,705.58254609,1
2059,0.56852566,0.56378708,0.5548883,0.28106295,0.63162643,10.65319288,10.70092958,1,1,115.35898482,1
2060,0.56017962,0.57427065,0.55329127,0.32543971,0.60900982,10.01430919,10.10682301,1,1,100.18363758,1
2061,0.55974805,0.57224629,0.55315318,0.28893092,0.58683253,10.27980359,10.38164204,1,1,143.0847476,1
2062,0.57899655,0.52807851,0.57338672,0.25315254,0.57375187,10.34544341,10.37509744,1,1,931.74516439,1
2063,0.58131497,0.51700756,0.58241181,0.29806972,0.55228058,10.16587458,10.24407237,1,1,248.95303284,1
2064,0.55715183,0.52550417,0.57340256,0.34186268,0.57123314,10.44060208,10.47862326,1,1,227.92640532,1
2065,0.54229462,0.55418311,0.56960074,0.30502543,0.55576713,10.15406583,10.17451015,1,1,755.10701301,1
2066,0.55567741,0.56840941,0.54572148,0.34886923,0.53475186,10.17917453,10.22805863,1,1,103.17223436,1
2067,0.5368116,0.57678827,0.56296611,0.39189184,0.55405664,10.46262083,10.49624058,1,1,771.25110678,1
2068,0.53689679,0.5767807,0.56334612,0.40797172,0.53297996,10.4221637,10.45368239,1,1,371.50735871,1
2069,0.49406806,0.56648909,0.57160742,0.44933008,0.51232037,10.01935321,10.08686102,1,1,235.54015168,1
2070,0.50842465,0.57888462,0.59106418,0.41673713,0.51898038,10.21975623,10.28562998,1,1,1199.07826431,1
2071,0.50953892,0.55702123,0.56795339,0.37845296,0.5386007,10.18842025,10.20815959,1,1,155.42919607,1
2072,0.49496935,0.56456917,0.58672829,0.34098028,0.55682595,10.53767969,10.60102905,1,1,819.13501928,1
2073,0.4913134,0.52499096,0.57214938,0.38416067,0.57566189,10.11870693,10.14174239,1,1,1519.50939207,1
2074,0.50929171,0.52182788,0.57066042,0.34647841,0.55528654,10.26743803,10.31593133,1,1,103.80169525,1
2075,0.50809767,0.51484684,0.57090732,0.30967169,0.53436531,10.02633649,10.03511618,1,1,435.27295102,1
2076,0.49328456,0.51334607,0.56429965,0.35347571,0.51367806,10.19982245,10.28360823,1,1,969.78902148,1
2077,0.49356493,0.50385198,0.57516927,0.39591329,0.49348611,10.3342878,10.3706038,1,1,207.4951367,1
2078,0.493059,0.50186884,0.57516768,0.35799502,0.51356932,9.99966712,10.01206243,1,1,121.9249497,1
2079,0.47498562,0.51305285,0.60178079,0.32084867,0.53329788,10.12023818,10.18791418,1,1,196.85830344,1
2080,0.46509068,0.50700524,0.59028108,0.36284794,0.5526319,10.11347433,10.14064088,1,1,124.96306326,1
2081,0.48153379,0.51112147,0.59786107,0.32559115,0.53167394,10.53949773,10.60458747,1,1,105.97177035,1
2082,0.49181835,0.48407178,0.59198536,0.36899132,0.51118072,10.51940544,10.53781616,1,1,104.24091423,1
2083,0.49020394,0.47655519,0.56738767,0.33161156,0.5309571,10.18576137,10.19882322,1,1,446.98274292,1
2084,0.49478756,0.47937004,0.56973249,0.29539535,0.51634592,10.31753005,10.35602544,1,1,884.56728208,1
2085,0.49483038,0.4793389,0.56988306,0.33941309,0.53601045,10.3578198,10.4557221,1,1,977.75293119,1
2086,0.53163391,0.49067457,0.58638055,0.30274857,0.51531529,10.39656925,10.47891901,1,1,341.79954035,1
2087,0.53624703,0.5219024,0.59462021,0.2666936,0.5350076,10.34894139,10.35297784,1,1,118.8647381,1
2088,0.53826569,0.51316095,0.58131906,0.31135948,0.55429773,10.39353998,10.44798149,1,1,102.30555443,1
2089,0.53809398,0.51361948,0.58122469,0.27982636,0.56382535,10.32848151,10.42014992,1,1,211.72077477,1
2090,0.53054128,0.54567313,0.57586884,0.31087586,0.54254885,10.44710953,10.48394119,1,1,444.05046145,1
2091,0.51756123,0.54582773,0.57534863,0.29006217,0.52169855,10.15223204,10.23375212,1,1,110.40597517,1
2092,0.5172653,0.54587484,0.57513028,0.33426093,0.54108948,10.37507206,10.43455844,1,1,171.02057263,1
2093,0.47900292,0.54372188,0.59929093,0.29757789,0.56013491,10.15706948,10.22544491,1,1,355.84361626,1
2094,0.49603651,0.5528565,0.58504011,0.26428283,0.53933612,10.08004095,10.11135344,1,1,170.43401219,1
2095,0.49016627,0.54181151,0.58800789,0.29166109,0.55854909,10.15573264,10.16296311,1,1,524.01210978,1
2096,0.48564602,0.52166149,0.57061192,0.33581669,0.5374178,10.14572274,10.21053378,1,1,416.60742361,1
2097,0.50276222,0.5252436,0.58031427,0.37639006,0.5559375,10.29707083,10.30629781,1,1,471.17146139,1
2098,0.49663226,0.51245809,0.5720849,0.25886513,0.61840943,10.0877777,10.17374336,1,1,136.45354746,0
2099,0.5008485,0.5006168,0.58639258,0.16926844,0.56323264,10.4692419,10.50811826,1,1,516.56055549,0
2100,0.50535137,0.49576442,0.59661817,0.05588326,0.59339603,10.4933993,10.52153347,1,1,185.08586064,0
2101,0.50544122,0.49594235,0.59671027,0,0.60921524,10.24712164,10.27153979,1,1,116.77257907,0
2102,0.48367098,0.44245041,0.51525789,0.08672312,0.67920322,10.25885467,10.31142837,1,1,230.73019524,0
2103,0.49332281,0.39395768,0.38718947,0,0.71898718,10.25875619,10.29493135,1,1,1397.19813372,0
2104,0.49197076,0.29997429,0.2428505,0.12821288,0.66923637,10.09584723,10.1662316,1,1,718.38076985,0
2105,0.48629349,0.23699789,0.13686525,0.01564866,0.61677623,10.03683436,10.10979695,1,1,1079.59765285,0
2106,0.49689461,0.18675274,0.06720626,0.14531879,0.56649426,9.99216443,10.05688442,1,1,1067.6196996,0
2107,0.49696475,0.18649111,0.0671662,0.03241315,0.63352338,10.52264519,10.5329569,1,1,1209.5477807,0
2108,0.57649491,0.26698844,0.14176965,0,0.70211882,10.43206878,10.5300705,1,1,515.41522955,0
2109,0.57398429,0.32405094,0.21613797,0,0.65243185,10.48645775,10.55179961,1,1,823.4046328,0
2110,0.57930423,0.41995969,0.31204682,0.04079061,0.60278186,10.16558472,10.25444645,1,1,102.50298086,0
2111,0.61742551,0.52921462,0.44250192,0.06693638,0.67196605,10.247617,10.25712519,1,1,873.96010146,0
2112,0.62873416,0.60880918,0.53156534,0.01729423,0.73963527,10.45249463,10.49208716,1,1,364.1110202,0
2113,0.60266881,0.69086157,0.61189448,0,0.71518802,10.18806778,10.2001263,1,1,1125.72814028,1
2114,0.6208505,0.707757,0.64214096,0.03757221,0.73088379,10.26294524,10.30194865,1,1,111.02186854,1
2115,0.62076769,0.70889351,0.64182887,0.0116287,0.70626659,9.85063852,9.85869027,1,1,348.44510375,1
2116,0.57879562,0.66976001,0.6535239,0.06136366,0.6821469,10.02429547,10.04312992,1,1,1061.97215109,1
2117,0.59404768,0.67399813,0.67313734,0.07270526,0.65850651,10.19917381,10.24692961,1,1,303.4696949,1
2118,0.58032179,0.66427289,0.65227132,0.08904701,0.64837359,9.92542415,10.00924448,1,1,378.45943901,1
2119,0.58765193,0.68658549,0.66084568,0.06003746,0.66540612,10.13940479,10.16995535,1,1,103.44746693,1
2120,0.56380252,0.66547608,0.66873534,0.02940713,0.682098,10.05995574,10.08916255,1,1,772.91071539,1
2121,0.55342455,0.65161587,0.64121972,0,0.69845604,10.51277118,10.56550268,1,1,348.48480575,1
2122,0.55564015,0.6471897,0.65682959,0,0.71007601,10.43451634,10.51661298,1,1,1429.05813361,1
2123,0.54483377,0.63682027,0.65994246,0.04999152,0.68621917,10.3075712,10.34344632,1,1,103.60474172,1
2124,0.56283567,0.63608579,0.62809875,0.09899147,0.6712049,10.25476025,10.26238899,1,1,101.11020653,1
2125,0.5543284,0.61795646,0.64452489,0.1470114,0.65097054,10.12275189,10.22305654,1,1,810.00394623,1
2126,0.55474888,0.61646314,0.64490159,0.11407507,0.62795113,10.56423063,10.66398657,1,1,310.11806479,1
2127,0.56770378,0.56523942,0.6644386,0.16163444,0.60539221,10.48581083,10.57886685,1,1,200.51384002,1
2128,0.56384684,0.57895876,0.65431,0.12841167,0.58934568,10.20437064,10.22934907,1,1,112.092178,1
2129,0.54428184,0.55532276,0.62135,0.17584291,0.5688312,10.02577191,10.02592947,1,1,693.79525474,1
2130,0.51638758,0.5675284,0.63800152,0.22188312,0.58745134,10.14996878,10.23428219,1,1,360.92654951,1
2131,0.52791892,0.59713175,0.63833335,0.18801751,0.56570241,10.40810387,10.45385122,1,1,628.43017552,1
2132,0.52781508,0.59354639,0.63834237,0.23425716,0.56111967,10.33820063,10.41136168,1,1,135.19233313,1
2133,0.57494265,0.56866222,0.66602019,0.19957202,0.53989728,10.08817791,10.18778634,1,1,108.91867687,1
2134,0.54482525,0.57883019,0.65260586,0.24558058,0.55785752,10.45300159,10.52592375,1,1,371.41503088,1
2135,0.5496874,0.60138233,0.65069459,0.21066897,0.53837299,10.1634553,10.20109603,1,1,313.05846307,1
2136,0.53494862,0.59381751,0.62347505,0.22778481,0.55760552,10.1257358,10.22667008,1,1,125.89710213,1
2137,0.54056344,0.60639028,0.63469229,0.2397249,0.53770109,10.34559744,10.42888661,1,1,707.56906954,1
2138,0.54044649,0.60678123,0.63485018,0.20499269,0.55656903,10.08780564,10.13508251,1,1,135.50556337,1
2139,0.50286845,0.55626192,0.63756473,0.25079119,0.5357206,10.17796806,10.19862235,1,1,103.17103127,1
2140,0.51296331,0.55226547,0.65052892,0.26288327,0.55500303,10.05912777,10.13189223,1,1,238.18967905,1
2141,0.51010819,0.5558084,0.62061131,0.3076255,0.53390297,9.78725371,9.88212563,1,1,224.05599422,1
2142,0.49186443,0.55725367,0.62094099,0.3514566,0.51416909,9.94962784,9.97285794,1,1,107.16487372,1
2143,0.48842819,0.55393899,0.63037002,0.32457445,0.53388551,10.09842821,10.09893234,1,1,220.57578378,1
2144,0.48788858,0.57243191,0.62022367,0.3678298,0.51320782,10.48523398,10.5893259,1,1,223.6748949,1
2145,0.48770186,0.57294898,0.62012857,0.410473,0.53290766,10.06430622,10.11526037,1,1,203.30945794,1
2146,0.47085599,0.58731022,0.62104636,0.45226352,0.55224924,10.39030573,10.48668684,1,1,117.12681799,1
2147,0.47559033,0.5913346,0.64758117,0.49321002,0.53657598,10.03482451,10.12275364,1,1,109.68246917,1
2148,0.47273998,0.59419438,0.63668481,0.53334582,0.51586107,10.00255597,10.06958683,1,1,1333.16637941,1
2149,0.48744116,0.55429094,0.6282,0.57267734,0.49554489,10.19102748,10.27688793,1,1,699.26919705,1
2150,0.49439397,0.57550156,0.63461221,0.53129932,0.51509509,10.3035899,10.370139,1,1,104.35576585,1
2151,0.49051406,0.56063916,0.60788778,0.49208539,0.4948168,10.07334604,10.10502126,1,1,321.62572139,1
2152,0.49106126,0.56021831,0.60769494,0.45609455,0.51492046,10.18730305,10.19101234,1,1,997.10859692,1
2153,0.46181883,0.56407048,0.61761068,0.41697658,0.53015505,10.54823223,10.60463008,1,1,316.49736372,1
2154,0.47075232,0.56728437,0.62739742,0.45408774,0.51344801,10.39364175,10.49455875,1,1,520.1438518,1
2155,0.4625443,0.5724921,0.5958235,0.45966817,0.52655498,10.32031413,10.32090507,1,1,157.0187479,1
2156,0.47293284,0.55563469,0.58757603,0.42203251,0.50602469,10.20769109,10.301708,1,1,196.4250343,1
2157,0.46962402,0.55574152,0.58704085,0.38426557,0.48590704,10.25999625,10.26523975,1,1,686.96663999,1
2158,0.46929034,0.55468766,0.58723751,0.42658026,0.5061889,10.43762971,10.45869195,1,1,125.79274063,1
2159,0.46572316,0.60020379,0.60118339,0.46728612,0.523242,9.97788941,10.06579547,1,1,1325.74172054,1
2160,0.46134409,0.57578173,0.58908732,0.50789783,0.5031174,10.34738333,10.437023,1,1,329.47578372,1
2161,0.48030078,0.57401437,0.60074782,0.54773981,0.48311979,10.13930751,10.21009065,1,1,133.21766719,1
2162,0.50183794,0.56838664,0.59226259,0.5867737,0.49153351,10.35373868,10.36572537,1,1,123.61025384,1
2163,0.49576763,0.55318026,0.57790383,0.62477511,0.51014034,9.85041544,9.88218992,1,1,173.49846096,1
2164,0.49584855,0.5550677,0.57778275,0.58233683,0.48993848,10.22882984,10.29630584,1,1,215.02061637,1
2165,0.4714384,0.53650454,0.60331839,0.56050292,0.47014016,10.30212824,10.32300751,1,1,113.89042632,1
2166,0.46153992,0.5419995,0.58458202,0.54022956,0.49073735,10.39923844,10.46671256,1,1,198.55557725,1
2167,0.46537409,0.54388027,0.59725238,0.49942781,0.51088581,9.73178782,9.79520832,1,1,104.26981386,1
2168,0.4549521,0.52933843,0.58590879,0.47646509,0.49069967,10.32333752,10.40447189,1,1,125.40929924,1
2169,0.46202622,0.52108108,0.57587213,0.4385967,0.47122969,10.39177615,10.4289692,1,1,125.77352167,1
2170,0.46615019,0.52381333,0.56758089,0.39982676,0.49180509,10.41510442,10.51327252,1,1,362.518705,1
2171,0.46618815,0.52441094,0.56759806,0.36183023,0.5119276,10.31069394,10.40286784,1,1,179.26971778,1
2172,0.50904951,0.57977445,0.59290061,0.32459523,0.52900049,10.00253758,10.08209283,1,1,891.44284334,1
2173,0.50603475,0.59685946,0.59055304,0.36379335,0.54428578,10.51626242,10.52386022,1,1,1386.57905631,1
2174,0.5165452,0.59078835,0.57349398,0.40651743,0.56022556,10.09006268,10.12273702,1,1,131.66727483,1
2175,0.52062914,0.57080062,0.57328818,0.36838955,0.57899876,9.95463674,10.0079526,1,1,235.42769614,1
2176,0.53257622,0.59111601,0.57774961,0.3310241,0.59741855,9.97175886,10.02641063,1,1,430.21759739,1
2177,0.53210045,0.5950427,0.57749858,0.37439914,0.59412689,10.15592718,10.22501823,1,1,164.04699845,1
2178,0.52082118,0.61250607,0.60291045,0.35943311,0.57323192,10.21638198,10.28952408,1,1,110.98090399,1
2179,0.52032397,0.60658501,0.60687048,0.40224431,0.55184425,10.16957335,10.23735651,1,1,338.09626715,1
2180,0.51901567,0.57330903,0.59715042,0.36513733,0.56842435,10.42146056,10.46715578,1,1,105.86639387,1
2181,0.50969355,0.5585935,0.59781326,0.33414569,0.58695327,10.19093394,10.27222656,1,1,107.38239715,1
2182,0.50367139,0.56812228,0.57644319,0.37746175,0.60521417,10.18931025,10.25401685,1,1,125.98217221,1
2183,0.52253797,0.55099341,0.57998834,0.33991306,0.58630037,10.30200027,10.34318986,1,1,168.28132534,1
2184,0.51886565,0.57193025,0.57735288,0.31954515,0.56457451,10.12395562,10.14681204,1,1,103.60164984,1
2185,0.51835524,0.57334774,0.57717054,0.28783959,0.54359386,10.19260587,10.24310881,1,1,275.30113702,1
2186,0.5054389,0.58213146,0.59895455,0.33208278,0.56272198,10.03132549,10.04172186,1,1,130.50340985,1
2187,0.48658648,0.56485992,0.58957969,0.30074973,0.55329567,10.40351987,10.46072587,1,1,269.09312941,1
2188,0.48353463,0.55955294,0.59497163,0.26717406,0.53228884,10.07550248,10.16268586,1,1,117.98131083,1
2189,0.49337732,0.53964183,0.58285321,0.23211732,0.51164306,10.07042901,10.07209631,1,1,152.75335648,1
2190,0.49569737,0.52992336,0.57403031,0.1976032,0.4914875,10.20385856,10.3051107,1,1,118.04212973,1
2191,0.48917235,0.52345168,0.58827691,0.24365069,0.47266321,10.08045206,10.12964712,1,1,874.58108202,1
2192,0.49019013,0.52925362,0.57932834,0.21099482,0.49307388,10.07524232,10.14175403,1,1,109.76052648,1
2193,0.49027066,0.52942538,0.57950201,0.17685342,0.5132124,10.36903712,10.4521777,1,1,260.32410272,1
2194,0.48212819,0.54156515,0.60451631,0.14419581,0.53294815,10.43117085,10.53235964,1,1,124.14268951,1
2195,0.48732328,0.52227692,0.59870814,0.1116088,0.55228852,10.35036942,10.45058285,1,1,836.31338984,1
2196,0.4894133,0.52235579,0.58938043,0.07937851,0.53124275,10.32904275,10.35339996,1,1,778.70486691,1
2197,0.46770895,0.51205365,0.58392679,0.10409753,0.55061781,10.58988258,10.60179648,1,1,154.97468797,1
2198,0.4692767,0.50265532,0.57008722,0.0909261,0.56921867,10.36649816,10.37870689,1,1,1383.15132603,1
2199,0.46945407,0.50457352,0.5700265,0.13909073,0.58736477,10.00054358,10.04253193,1,1,103.16292976,1
2200,0.43844622,0.52872333,0.57665834,0.10630892,0.56561748,10.16182883,10.17398037,1,1,195.97293947,1
2201,0.42980717,0.52497877,0.59795575,0.0754217,0.54433985,10.18170695,10.20746564,1,1,108.28600861,1
2202,0.44421816,0.50554465,0.57709798,0.04497061,0.56345305,10.54015423,10.5432186,1,1,222.55304204,1
2203,0.46263223,0.50587717,0.59411654,0.01707325,0.58218399,10.33076315,10.36158253,1,1,118.06081325,1
2204,0.47219474,0.51035566,0.58640803,0.06666149,0.56054042,10.08563787,10.12079597,1,1,1441.22646025,1
2205,0.4864471,0.48752168,0.57791744,0.03532835,0.57932893,10.14705328,10.23027949,1,1,171.39558422,1
2206,0.49168395,0.48591845,0.58795161,0.01031197,0.55774878,10.37022893,10.38465803,1,1,193.55329499,1
2207,0.49207378,0.48596178,0.58792868,0.02826014,0.53660232,10.22172545,10.26907529,1,1,588.31775957,1
2208,0.54440344,0.54182052,0.58420435,0.07769494,0.51587027,9.934443,10.01269801,1,1,135.50724011,1
2209,0.52564336,0.52903642,0.5927898,0.04652268,0.49555446,10.09556369,10.14377361,1,1,158.65708441,1
2210,0.53318739,0.52872089,0.585456,0.09558898,0.51509914,9.93205622,10.01917838,1,1,186.89117209,1
2211,0.54338379,0.5513313,0.55789283,0.10114368,0.49479716,10.30153484,10.37596999,1,1,1162.91749279,1
2212,0.55244178,0.53089441,0.56566475,0.14525903,0.47553125,10.25649492,10.30942343,1,1,340.02522953,1
2213,0.55159936,0.53067927,0.56545588,0.19235385,0.45890462,10.23429754,10.30376164,1,1,335.85435523,1
2214,0.5783856,0.48789944,0.58874672,0.23850673,0.46496746,10.31803374,10.37269331,1,1,130.28116065,1
2215,0.5754841,0.49511499,0.59278602,0.28373587,0.44566934,10.30218623,10.39610979,1,1,102.70097158,1
2216,0.54405557,0.50921776,0.56773408,0.32801299,0.42683958,10.40201974,10.45666059,1,1,184.5398197,1
2217,0.56280712,0.52203421,0.57105931,0.29216497,0.40830556,9.97974009,9.98151056,1,1,120.69867508,1
2218,0.55616548,0.52176405,0.56159389,0.31295663,0.43001184,10.54547636,10.60473254,1,1,131.69383241,1
2219,0.55627424,0.52197288,0.5613634,0.35669429,0.43542147,10.27028168,10.33457682,1,1,106.58006556,1
2220,0.54630643,0.50532284,0.56935209,0.39955287,0.41671376,10.03907923,10.09766932,1,1,301.92698827,1
2221,0.54333217,0.50913394,0.58418526,0.44156181,0.39874279,10.3229667,10.39136653,1,1,112.73439188,1
2222,0.53832237,0.49609044,0.55786777,0.48273057,0.42076635,10.35023373,10.35198176,1,1,305.8152224,1
2223,0.53052572,0.50052507,0.57847151,0.44308893,0.43269701,10.40758635,10.46365269,1,1,123.97327484,1
2224,0.5166825,0.49267896,0.57752553,0.48419559,0.44804036,10.31836198,10.32820018,1,1,125.27391208,1
2225,0.51075524,0.47074924,0.56738215,0.52424677,0.45522958,10.16481094,10.23043618,1,1,471.38367674,1
2226,0.50751806,0.48489417,0.58016604,0.56376178,0.47609047,10.04300748,10.05425704,1,1,160.04300785,1
2227,0.508171,0.48536327,0.58032757,0.52294834,0.49656866,10.41952586,10.50637129,1,1,873.30144638,1
2228,0.47091501,0.44709637,0.59957277,0.55910584,0.5166037,10.29114169,10.306878,1,1,128.32801772,1
2229,0.4802424,0.46706947,0.58090466,0.51803232,0.53627135,10.21463731,10.30478285,1,1,222.76850383,1
2230,0.48355886,0.45014749,0.58309797,0.50027943,0.55553632,10.13400066,10.19754573,1,1,134.50110084,1
2231,0.46440428,0.45169271,0.56616876,0.50712856,0.53445319,10.15773953,10.15923616,1,1,317.07707424,1
2232,0.47094091,0.45370051,0.58964833,0.46698618,0.51392961,10.16035965,10.16832032,1,1,389.85030802,1
2233,0.47050684,0.45452615,0.58964522,0.42884745,0.49594092,10.02720674,10.07991296,1,1,200.28553754,1
2234,0.50167002,0.52342683,0.60971731,0.46900261,0.51602165,10.12802655,10.14910617,1,1,177.08320395,1
2235,0.48884436,0.53575447,0.58234539,0.4301884,0.53570122,10.44397609,10.49958019,1,1,124.09221735,1
2236,0.52035784,0.53228788,0.58323045,0.39229286,0.5156056,10.26239019,10.27952965,1,1,1006.20990009,1
2237,0.52640299,0.52620507,0.56255224,0.43406437,0.53529339,10.42126131,10.50353385,1,1,126.3492656,1
2238,0.52087221,0.51620719,0.55477685,0.46663863,0.52965757,9.84307185,9.89352154,1,1,291.71760606,1
2239,0.52083295,0.51295107,0.5550045,0.50730557,0.5490507,10.27126605,10.32721557,1,1,999.87159395,1
2240,0.51114005,0.51782138,0.56225329,0.54294013,0.56806968,9.95470598,9.99497093,1,1,127.40367797,1
2241,0.48765915,0.51807396,0.57287592,0.52364819,0.57258302,10.15934947,10.18166223,1,1,667.69912443,1
2242,0.49450525,0.49357918,0.57167587,0.56317519,0.59113051,10.13235701,10.20338571,1,1,146.1826401,1
2243,0.50040053,0.48886093,0.55825067,0.52191169,0.60914775,10.34948227,10.4057215,1,1,312.21021673,1
2244,0.49901776,0.50189891,0.54454392,0.56043652,0.5877541,10.01071819,10.10988426,1,1,120.15624575,1
2245,0.49918628,0.5019678,0.54434079,0.51922932,0.56646916,9.97474978,10.0368332,1,1,312.25826427,1
2246,0.55739571,0.53733414,0.55757921,0.55884447,0.58509456,10.28997628,10.35697302,1,1,199.01223059,1
2247,0.55450837,0.55006648,0.56509904,0.59766758,0.57865914,10.28313751,10.35331834,1,1,1054.07681547,1
2248,0.5636142,0.56077636,0.54148067,0.63571419,0.59708199,10.14156719,10.15691611,1,1,795.80741198,1
2249,0.5726256,0.57359169,0.5565577,0.59300336,0.57518384,10.35458518,10.40257933,1,1,507.4276388,1
2250,0.57124935,0.55004239,0.56126864,0.63114329,0.59367283,10.43459609,10.44968285,1,1,230.10751659,1
2251,0.56831951,0.57452397,0.56139198,0.58853388,0.61179894,10.08713409,10.18183958,1,1,390.14443691,1
2252,0.56923036,0.57553009,0.56131742,0.62653394,0.58956305,9.98196564,10.05328078,1,1,131.56409503,1
2253,0.54268018,0.55139935,0.56171248,0.66400012,0.60777179,9.94595066,9.94811441,1,1,1066.53017317,1
2254,0.54076846,0.55930256,0.58729945,0.62073363,0.58561636,10.44481911,10.49054903,1,1,124.9885852,1
2255,0.54563501,0.53074926,0.57592883,0.57833129,0.56390432,9.99551431,10.02539093,1,1,108.54057104,1
2256,0.52821247,0.52338623,0.56815755,0.61671158,0.56571404,10.24622461,10.28176465,1,1,173.26323882,1
2257,0.52334589,0.53011591,0.56285749,0.65437734,0.58439972,10.50563534,10.51187988,1,1,148.21996972,1
2258,0.52914323,0.51768186,0.57956395,0.69128979,0.56770395,9.99155601,10.01166895,1,1,112.5628786,1
2259,0.51517926,0.51751073,0.5673778,0.72734903,0.58607034,10.40903898,10.43347692,1,1,102.25049885,1
2260,0.51484915,0.5180543,0.56732336,0.76280194,0.57096217,9.83943189,9.88922261,1,1,196.33204624,1
2261,0.47411711,0.49668877,0.59140903,0.79743352,0.54972543,10.46099144,10.46403217,1,1,125.72887621,1
2262,0.48305319,0.49018775,0.56580463,0.83148017,0.52873094,10.46055264,10.46823129,1,1,150.62538348,1
2263,0.49063129,0.49235273,0.58968794,0.78485512,0.54811458,10.21558155,10.29271645,1,1,114.96072952,1
2264,0.47829914,0.48665278,0.56840895,0.81914005,0.5271523,10.19868161,10.30031318,1,1,375.89952713,1
2265,0.48324007,0.49432171,0.56508434,0.77275725,0.50683678,10.15325302,10.22591336,1,1,213.98431324,1
2266,0.48635703,0.46959657,0.56623092,0.80729576,0.52040402,10.32077108,10.40868419,1,1,382.58479469,1
2267,0.48608893,0.47017779,0.56640823,0.76191852,0.50000007,10.00818946,10.07551689,1,1,115.17328519,1
2268,0.54335149,0.50460798,0.5786809,0.78005665,0.50580016,10.32129587,10.35124604,1,1,204.79998054,1
2269,0.55095121,0.5164207,0.57617747,0.79381719,0.49737496,10.10507455,10.13667691,1,1,1294.57053876,1
2270,0.53800046,0.50788396,0.57522977,0.747941,0.517427,10.25906644,10.33723729,1,1,984.17144005,1
2271,0.54313556,0.53131054,0.56635484,0.70307787,0.53705195,10.22088327,10.2265135,1,1,134.04445871,1
2272,0.54117501,0.53102601,0.57647584,0.73200142,0.55608216,10.34224399,10.38354186,1,1,544.77562568,1
2273,0.54144175,0.53480076,0.58613058,0.68736161,0.53496052,10.05388387,10.08996108,1,1,931.97546173,1
2274,0.54140708,0.53579033,0.58612517,0.64361449,0.5144846,10.11181322,10.21168088,1,1,736.3091185,1
2275,0.58594028,0.52430515,0.6175638,0.60074525,0.49419499,10.34668159,10.35946824,1,1,318.54954502,1
2276,0.5957448,0.53640421,0.58751121,0.6387303,0.50434155,10.15133865,10.19274158,1,1,842.33844955,1
2277,0.55940043,0.54266258,0.59760372,0.59595587,0.49980647,10.2174649,10.24532712,1,1,116.40275952,1
2278,0.56068887,0.57026132,0.59115719,0.55403686,0.5194636,10.30172044,10.37941394,1,1,459.71715419,1
2279,0.56819831,0.55951029,0.57835346,0.59295356,0.53802427,10.17653536,10.18564642,1,1,109.21384574,1
2280,0.54644397,0.5752977,0.5831284,0.55784517,0.55726332,9.96505568,10.06398162,1,1,105.78690253,1
2281,0.54711815,0.57678739,0.58313909,0.59583998,0.53883228,10.36407644,10.40169425,1,1,144.6026428,1
2282,0.52326601,0.56972497,0.58935704,0.55460908,0.51805684,10.01327992,10.0736763,1,1,134.68668417,1
2283,0.5268788,0.54673736,0.58071282,0.58249449,0.53769524,10.24622447,10.27445811,1,1,868.29357425,1
2284,0.52357458,0.55905675,0.60537002,0.54084572,0.51694134,10.17934451,10.18031278,1,1,334.85295894,1
2285,0.52383248,0.55835677,0.57442814,0.50016694,0.49670512,10.23626784,10.25409786,1,1,202.67079052,1
2286,0.51292102,0.5347771,0.57401595,0.46109043,0.47677511,10.10528651,10.16959514,1,1,238.97877369,1
2287,0.50713987,0.54667804,0.57096549,0.501136,0.49723961,10.37666285,10.47017592,1,1,215.54916053,1
2288,0.49970087,0.54434146,0.58305539,0.47732502,0.47842536,10.2853325,10.29221467,1,1,257.8580654,1
2289,0.49922561,0.54697109,0.58303539,0.43777852,0.49885685,10.48904159,10.55630168,1,1,137.3300761,1
2290,0.47226515,0.56600071,0.59574478,0.40028414,0.47972608,9.97251283,10.04609172,1,1,108.7386939,1
2291,0.4648828,0.57474644,0.57906783,0.44227808,0.50013144,10.14581618,10.15365363,1,1,102.43644728,1
2292,0.49023597,0.56306141,0.59507036,0.4720921,0.48013195,10.17493197,10.18921243,1,1,611.28788752,1
2293,0.47788238,0.52726647,0.60275402,0.51264999,0.46072359,10.43297223,10.43438163,1,1,113.91033416,1
2294,0.4739186,0.5191086,0.58428566,0.55072996,0.481437,10.25813921,10.31853912,1,1,624.4653792,1
2295,0.4891589,0.5421897,0.57262039,0.58971406,0.46200605,10.30840797,10.39184606,1,1,133.43649825,1
2296,0.48980743,0.54199931,0.57291784,0.54793769,0.44276593,10.03619419,10.11686223,1,1,1560.05161016,1
2297,0.47201257,0.60988354,0.58121523,0.5071484,0.4239173,10.17736957,10.21232893,1,1,150.63804635,1
2298,0.48139055,0.58192138,0.57512635,0.5415912,0.40544765,10.21341085,10.22129506,1,1,101.09317459,1
2299,0.486966,0.58608679,0.58942044,0.50083209,0.38760877,10.3458013,10.42280806,1,1,144.65948264,1
2300,0.50464726,0.55091492,0.56086921,0.5207246,0.36991639,10.24175808,10.26908566,1,1,204.4767597,1
2301,0.52013775,0.5562372,0.56188105,0.4803105,0.39251352,10.01548477,10.11273274,1,1,261.40461928,1
2302,0.5196124,0.55753248,0.56191912,0.5130959,0.41466325,9.905977,10.00346662,1,1,175.80598674,1
2303,0.48201099,0.53447806,0.58329343,0.54986016,0.43636998,10.21731925,10.25127246,1,1,103.50416757,1
2304,0.48681343,0.54410978,0.58379064,0.58886283,0.45764254,10.00183026,10.05581986,1,1,374.50678345,1
2305,0.48604915,0.52418559,0.5795737,0.55086971,0.43848969,10.25265639,10.32064682,1,1,448.61146257,1
2306,0.47458824,0.53590806,0.5555283,0.56399713,0.45971079,10.54048122,10.57398821,1,1,255.34491692,1
2307,0.48178816,0.5257178,0.57684293,0.52271719,0.44051657,10.08918027,10.18872301,1,1,324.45660623,1
2308,0.50086787,0.50654124,0.55962688,0.55406017,0.42170984,10.33594682,10.36696904,1,1,896.97630158,1
2309,0.50116794,0.50481439,0.5597456,0.51570006,0.40327564,10.12562039,10.21814552,1,1,105.65454605,1
2310,0.48426941,0.49692851,0.57608971,0.47600657,0.38521013,10.37292527,10.39385016,1,1,107.5493012,1
2311,0.47629862,0.51334948,0.56358456,0.43671586,0.40600123,10.33698011,10.34525316,1,1,300.50755376,1
2312,0.48085615,0.4780885,0.53665227,0.47796599,0.4278812,10.50173593,10.56717549,1,1,108.62055277,1
2313,0.48135025,0.49005705,0.5285878,0.51733582,0.44930252,10.50129945,10.56348606,1,1,622.03553615,1
2314,0.4874337,0.47221109,0.51982857,0.47706655,0.46971556,10.16403551,10.18941593,1,1,104.32290319,1
2315,0.48799951,0.47206033,0.52005641,0.43752522,0.45033746,10.19544125,10.27541945,1,1,303.08950887,1
2316,0.5616945,0.47921172,0.52881616,0.47876915,0.43136086,10.22062642,10.30716843,1,1,157.28959917,1
2317,0.55132664,0.49561342,0.53762516,0.43920995,0.41273365,10.22157517,10.32266186,1,1,143.21811765,1
2318,0.55581949,0.5001338,0.54590693,0.48042575,0.39625492,10.13593415,10.18149149,1,1,1511.57249769,1
2319,0.54663691,0.50087487,0.52768387,0.44081724,0.40574202,10.33624169,10.39054023,1,1,141.48032325,1
2320,0.55018237,0.51870068,0.54325867,0.40467678,0.41632527,10.27486076,10.29554996,1,1,149.5638874,1
2321,0.54931589,0.53063809,0.52998134,0.36770541,0.40314494,10.19076941,10.20388947,1,1,124.18679418,1
2322,0.54900716,0.52965273,0.52983276,0.41027655,0.38508226,10.32857256,10.37402644,1,1,125.73010004,1
2323,0.50687724,0.50522339,0.55684754,0.452071,0.39589501,10.19580671,10.21358134,1,1,410.50856867,1
2324,0.52336027,0.48319005,0.55253235,0.49302914,0.41600865,9.84207085,9.91590182,1,1,1145.37872292,1
2325,0.51936859,0.49405955,0.52811584,0.45316871,0.4376873,10.4693118,10.50832337,1,1,202.9100453,1
2326,0.49806867,0.4914187,0.52826894,0.41417241,0.4189397,10.18849302,10.26098887,1,1,173.91741199,1
2327,0.50744629,0.48914049,0.5516279,0.37588896,0.4405609,10.1396837,10.21960215,1,1,206.30647111,1
2328,0.50451067,0.47364799,0.55352881,0.41837098,0.42181739,10.01848221,10.09117881,1,1,122.35104418,1
2329,0.50451462,0.4727271,0.55337563,0.46000346,0.44336579,10.40187404,10.47541734,1,1,872.53735159,1
2330,0.58475365,0.46270036,0.55834847,0.42106803,0.42452971,9.9445612,10.01806525,1,1,104.81500201,1
2331,0.5642651,0.4883888,0.57223674,0.38264686,0.4460391,10.34841517,10.39587502,1,1,127.71184035,1
2332,0.56849175,0.5022822,0.56070375,0.34508729,0.46711832,10.3500325,10.43002207,1,1,105.01623469,1
2333,0.54500224,0.49591943,0.55480821,0.30827462,0.48776348,10.24828545,10.32482998,1,1,120.15239721,1
2334,0.52931674,0.49170641,0.55620585,0.35210905,0.50185297,10.26890948,10.28522773,1,1,158.8908042,1
2335,0.52888717,0.48988259,0.55600753,0.39505795,0.49304906,10.13797432,10.17768517,1,1,1504.66637403,1
2336,0.60916173,0.47896036,0.56976868,0.3571568,0.51313103,10.04557614,10.05397244,1,1,594.13798945,1
2337,0.58947781,0.4911435,0.56095214,0.39967797,0.49288524,10.08904784,10.17517163,1,1,133.89851113,1
2338,0.57838168,0.50026644,0.55851794,0.36168505,0.47302754,9.96920176,10.00955773,1,1,223.11921429,1
2339,0.56625417,0.51998113,0.5735373,0.40445135,0.48540684,10.09636363,10.10081825,1,1,101.71808213,1
2340,0.55415323,0.50987224,0.57424492,0.44464497,0.46569873,10.45645112,10.53817391,1,1,232.64895433,1
2341,0.56976134,0.52196449,0.56639176,0.48547881,0.48638475,10.3386209,10.35068285,1,1,119.1277569,1
2342,0.56984795,0.52245433,0.56615762,0.44576935,0.50531916,10.24496762,10.25253128,1,1,109.71608634,1
2343,0.59034487,0.49000213,0.59035524,0.47236885,0.49938903,10.06332451,10.10329721,1,1,263.88013878,1
2344,0.6021528,0.50374992,0.56434111,0.51288202,0.47940148,10.2858333,10.29053911,1,1,124.88060391,1
2345,0.58767318,0.52772583,0.59176395,0.47325307,0.45981345,10.29128241,10.37437598,1,1,1424.58567721,1
2346,0.54853556,0.51742063,0.56943035,0.43480815,0.4409584,10.2554802,10.2912324,1,1,508.82423362,1
2347,0.56105459,0.52985662,0.56912479,0.47573606,0.42264468,10.16405959,10.2030924,1,1,1233.58562168,1
2348,0.56173986,0.52208065,0.56817594,0.43623157,0.40621943,10.37778453,10.45827597,1,1,133.98342575,1
2349,0.56142584,0.52264585,0.56776803,0.39750789,0.42808859,10.27929392,10.28746437,1,1,108.73911861,1
2350,0.57319827,0.48718389,0.58570835,0.35975158,0.40955173,10.21131772,10.23232833,1,1,1298.07653203,1
2351,0.57408556,0.492683,0.58456304,0.4022051,0.43135978,10.18257377,10.26108798,1,1,136.79554113,1
2352,0.54696313,0.48928182,0.57880739,0.444161,0.45272978,10.07587039,10.16090946,1,1,200.64429244,1
2353,0.53391564,0.49939678,0.58030979,0.48514306,0.43495442,10.43837902,10.48819082,1,1,1026.00419972,1
2354,0.54664997,0.50337083,0.58673526,0.45249351,0.45625529,10.22631765,10.28534331,1,1,182.70071524,1
2355,0.54648529,0.50437168,0.58665153,0.49344207,0.47705119,9.95495655,9.96717605,1,1,262.81769018,1
2356,0.49950352,0.46821539,0.58518703,0.45357491,0.49751006,10.52617562,10.55752188,1,1,641.30043388,1
2357,0.49880273,0.48853234,0.59597377,0.49436154,0.48102577,10.44042872,10.54292164,1,1,105.10651089,1
2358,0.52292734,0.46199384,0.61374425,0.53443699,0.50140524,10.22774716,10.2733658,1,1,1062.73063405,1
2359,0.51219237,0.45415767,0.58019128,0.49641681,0.51812127,10.23180543,10.23698443,1,1,113.35085676,1
2360,0.49609256,0.46676669,0.58513608,0.45649276,0.53734988,10.37580795,10.45364733,1,1,133.11810592,1
2361,0.52081064,0.46693084,0.5798482,0.41988621,0.51722211,10.33231569,10.35765521,1,1,160.91144842,1
2362,0.52066547,0.46776675,0.57981095,0.46148847,0.50071219,10.37968917,10.44158106,1,1,185.20772542,1
2363,0.58162553,0.46706891,0.58110968,0.5022587,0.48069795,10.14523471,10.16486635,1,1,201.73361703,1
2364,0.57506516,0.49273379,0.60688639,0.54221341,0.46108604,10.28943837,10.33426378,1,1,110.12463049,1
2365,0.57931459,0.48796104,0.58727601,0.50432843,0.44641669,10.36239974,10.43467643,1,1,221.01629109,1
2366,0.55752788,0.49592621,0.58984202,0.54424183,0.45321007,9.98248408,10.01323692,1,1,715.29817276,1
2367,0.54299993,0.50982759,0.59947437,0.58335621,0.47159538,10.02241343,10.12048167,1,1,106.35009603,1
2368,0.54419255,0.5178761,0.58415655,0.6216054,0.45219185,10.29390245,10.34978101,1,1,800.03107643,1
2369,0.54941008,0.51237988,0.5878921,0.57923406,0.47312108,10.24428849,10.25781288,1,1,136.90624414,1
2370,0.54952633,0.51534849,0.58799436,0.53764945,0.49280516,10.18626071,10.19399595,1,1,495.3660537,1
2371,0.5408631,0.49259077,0.59810456,0.49712257,0.51282967,10.03502917,10.05152613,1,1,296.3662849,1
2372,0.5294103,0.48059213,0.61719654,0.5371801,0.53257306,9.94754731,10.00382011,1,1,1061.10607909,1
2373,0.52558754,0.48982065,0.58643207,0.576406,0.51238032,10.20189613,10.25612763,1,1,1008.00120725,1
2374,0.52482682,0.47531171,0.57956896,0.53488938,0.53212073,10.21771908,10.29200048,1,1,102.97762606,1
2375,0.50315947,0.46664418,0.58440745,0.57369115,0.51149714,10.32174818,10.35347651,1,1,111.27916786,1
2376,0.51849472,0.48644706,0.58757836,0.60863997,0.5312672,10.60899977,10.62045456,1,1,131.54786791,1
2377,0.49435892,0.47549204,0.60508431,0.6464667,0.51065042,10.54398696,10.60604792,1,1,339.58552672,1
2378,0.49431374,0.47692474,0.60472963,0.60353755,0.49052651,10.18274906,10.28019545,1,1,212.09856015,1
2379,0.54196195,0.51208425,0.60836245,0.64146366,0.47071598,10.22374291,10.23679734,1,1,116.34822732,1
2380,0.53909842,0.52430615,0.6233342,0.59863439,0.49130166,10.26292158,10.32345691,1,1,103.19296718,1
2381,0.54953403,0.51566932,0.59114935,0.63289873,0.47289231,10.52426204,10.5848834,1,1,117.81887025,1
2382,0.53269022,0.53182789,0.59328298,0.65710127,0.45343447,9.96335348,10.04152977,1,1,557.42382162,1
2383,0.53080292,0.53719219,0.57645699,0.61398426,0.43479107,10.4500971,10.50448193,1,1,429.6111126,1
2384,0.53061048,0.5363027,0.57660544,0.57182461,0.41609635,10.23891203,10.29657686,1,1,339.08108087,1
2385,0.49323741,0.51158131,0.59803616,0.60936979,0.42929972,10.39595417,10.43748752,1,1,233.20151133,1
2386,0.48553399,0.50277668,0.57668707,0.64698802,0.41071373,9.98040579,9.99428888,1,1,124.77146769,1
2387,0.50292081,0.48986963,0.59729208,0.60842741,0.42865415,10.4073005,10.45386411,1,1,125.29961429,1
2388,0.49455593,0.49226038,0.57860006,0.56971897,0.41008292,10.32645297,10.37727724,1,1,471.86640062,1
2389,0.48607591,0.4996842,0.57449804,0.52832548,0.43177752,10.49779231,10.51077558,1,1,212.60660279,1
2390,0.49671247,0.50070963,0.56591847,0.48775999,0.45314194,10.3902274,10.40507843,1,1,411.52962591,1
2391,0.4969657,0.50291733,0.5660905,0.52775827,0.43408478,10.1356727,10.1885079,1,1,454.8436301,1
2392,0.48343568,0.58818397,0.5760705,0.56714047,0.45536827,9.9208573,10.00490971,1,1,104.19195288,1
2393,0.48406973,0.56847288,0.56862948,0.60496591,0.4762609,10.19988507,10.20653832,1,1,992.88169613,1
2394,0.49782757,0.53628203,0.554753,0.49085272,0.5341553,10.14728906,10.14947033,1,1,147.59226984,0
2395,0.52920854,0.5418211,0.54708172,0.52539837,0.59433569,10.06289484,10.15190563,1,1,101.45366546,0
2396,0.53484941,0.54397241,0.53359671,0.40489055,0.5338784,10.13900265,10.15176128,1,1,487.63576032,0
2397,0.53442458,0.54397018,0.53378531,0.28679549,0.47578181,10.32887456,10.41851542,1,1,1419.78856798,0
2398,0.44466019,0.45929632,0.54472509,0.41072358,0.42004593,10.33778441,10.40624657,1,1,114.14888642,0
2399,0.37229912,0.42774366,0.51211736,0.29258095,0.47461793,10.30887691,10.34445031,1,1,187.81614983,0
2400,0.27438402,0.37456162,0.48529087,0.41600141,0.41880263,10.11269118,10.19245345,1,1,1552.68424658,0
2401,0.19993318,0.35822987,0.47588657,0.29769202,0.45864544,10.01545927,10.04989993,1,1,114.24483368,0
2402,0.16067834,0.33158639,0.48107644,0.18173818,0.51109874,9.98414315,10.02715072,1,1,115.42175531,0
2403,0.16108093,0.33113867,0.48127165,0.30800497,0.56920205,10.07029583,10.09326678,1,1,125.09873763,0
2404,0.27168371,0.42883462,0.51647237,0.43154717,0.51304196,10.0354243,10.12472131,1,1,499.98492914,0
2405,0.35764205,0.43783349,0.50751678,0.31709631,0.57439815,10.28599266,10.36536043,1,1,228.34542626,0
2406,0.49501503,0.45688009,0.5392338,0.20076832,0.63777506,10.32029499,10.37867914,1,1,158.40159637,0
2407,0.59963651,0.46000098,0.5440981,0.15691503,0.5837597,10.08752297,10.15735483,1,1,346.06950079,0
2408,0.69951671,0.46105879,0.55163577,0.28336839,0.64998904,10.11049004,10.13462846,1,1,101.44043917,0
2409,0.76622435,0.47732912,0.57016688,0.40767347,0.59456595,10.1103453,10.20556517,1,1,296.72042209,0
2410,0.76660804,0.47555868,0.57024044,0.51304912,0.62262363,10.20587357,10.23867734,1,1,251.79259082,0
2411,0.68836851,0.39284779,0.55753976,0.39288085,0.68221238,9.88794861,9.88971341,1,1,308.17280488,0
2412,0.63588665,0.35959554,0.56320662,0.37404454,0.68490433,10.09702308,10.16556547,1,1,121.87650051,1
2413,0.55213064,0.29547435,0.53859176,0.33656604,0.69979249,10.14271205,10.19671645,1,1,140.61243728,1
2414,0.44380047,0.24331423,0.51370162,0.31371943,0.71551514,10.22890062,10.26395313,1,1,105.10315768,1
2415,0.37633237,0.20222137,0.51100751,0.27744508,0.69132245,10.05032973,10.07191261,1,1,164.66878085,1
2416,0.34701959,0.17109773,0.49838609,0.3104658,0.66869689,10.29043093,10.33415509,1,1,774.8209413,1
2417,0.34673326,0.17048293,0.49824498,0.29000749,0.68532289,10.06779759,10.15498701,1,1,388.47831398,1
2418,0.40057052,0.21330188,0.50903505,0.25421121,0.66161643,10.19508249,10.26565438,1,1,141.94785377,1
2419,0.40088974,0.21092565,0.52270983,0.21912699,0.67838272,10.22500018,10.32677631,1,1,191.92451352,1
2420,0.41143037,0.21555692,0.51662588,0.18475098,0.69475123,10.53424736,10.54727029,1,1,316.74466738,1
2421,0.40992655,0.23131367,0.52670894,0.17276558,0.7108562,10.35639061,10.4565689,1,1,132.26143699,1
2422,0.4162368,0.23440962,0.50355179,0.13931027,0.72662449,10.09165697,10.10673441,1,1,243.74166621,1
2423,0.43761073,0.25188353,0.51935791,0.10652407,0.74209194,10.50339985,10.55031137,1,1,826.19724098,1
2424,0.42913952,0.26297165,0.51240437,0.1520206,0.75724887,10.21893692,10.30394967,1,1,124.74955751,1
2425,0.4310097,0.26214363,0.51927305,0.19873945,0.77207194,10.22501385,10.25032733,1,1,142.74963904,1
2426,0.45146756,0.27632879,0.52308614,0.16553533,0.76951024,10.33215694,10.34266459,1,1,105.94051581,1
2427,0.45908411,0.27182373,0.51695706,0.14739164,0.74469692,10.25954589,10.33633228,1,1,122.35674948,1
2428,0.44690285,0.27878439,0.50237694,0.11444391,0.72001706,10.39243161,10.4375886,1,1,1167.58721063,1
2429,0.44684237,0.27822106,0.502668,0.08224907,0.70097729,10.15659805,10.21495391,1,1,547.87510596,1
2430,0.51482594,0.3091653,0.52141394,0.13015784,0.71695767,9.99911514,10.08603913,1,1,320.33677327,1
2431,0.51891114,0.3106079,0.52308333,0.09758098,0.73153237,9.90028076,9.90429364,1,1,258.40560852,1
2432,0.49897034,0.31594822,0.53007451,0.14559908,0.74690172,10.32028314,10.38807537,1,1,138.34239683,1
2433,0.52244847,0.33840035,0.53150125,0.19268222,0.75939237,10.1766089,10.26018535,1,1,171.32237968,1
2434,0.52033923,0.33408502,0.51536144,0.15891779,0.7680697,10.2289397,10.32559865,1,1,411.33968383,1
2435,0.52599836,0.35525936,0.5086262,0.20008726,0.76202633,10.18248949,10.2456491,1,1,207.1412283,1
2436,0.50674331,0.36570603,0.51883016,0.166089,0.73684781,10.06447765,10.15685081,1,1,200.58001553,1
2437,0.51620851,0.36160317,0.50340169,0.13288072,0.75034609,9.94366916,9.9542717,1,1,625.02627076,1
2438,0.51187519,0.36700732,0.51238191,0.18022311,0.74070606,10.26505704,10.33627544,1,1,138.99583719,1
2439,0.5127181,0.36863803,0.5125764,0.22661297,0.72996378,10.16945665,10.2363549,1,1,638.75994592,1
2440,0.58630488,0.35952102,0.53140422,0.19564111,0.74473469,10.14191051,10.16738313,1,1,861.57558432,1
2441,0.58755557,0.36855684,0.51188815,0.24024937,0.71984292,10.60793217,10.61956047,1,1,429.78573982,1
2442,0.57847024,0.38801183,0.53164936,0.20896865,0.73544546,10.26567366,10.32279585,1,1,115.96586788,1
2443,0.56991325,0.39814305,0.51785354,0.25478922,0.71203524,10.44627349,10.48335798,1,1,559.35639781,1
2444,0.5630577,0.40645634,0.51131559,0.25846344,0.68871572,10.18126063,10.28142695,1,1,682.04114492,1
2445,0.56315739,0.40623316,0.5115829,0.3028826,0.7049414,10.35771068,10.39076622,1,1,361.04297614,1
2446,0.5643152,0.34413753,0.5128537,0.26682548,0.68245683,10.31808977,10.37535033,1,1,1292.60584097,1
2447,0.55509713,0.35147025,0.51834978,0.30794337,0.66529321,10.34210084,10.41710294,1,1,161.37262463,1
2448,0.54888396,0.36254949,0.52570865,0.35178448,0.68198723,10.26634433,10.29963704,1,1,1025.48351177,1
2449,0.5234647,0.36511213,0.52788506,0.31475052,0.69832504,10.23885378,10.31687921,1,1,935.58894346,1
2450,0.50427465,0.3650266,0.51890182,0.28964826,0.67439358,10.29995366,10.36365794,1,1,135.90996809,1
2451,0.51066256,0.37393523,0.51353737,0.25396979,0.6909013,10.2342199,10.31180776,1,1,113.88752076,1
2452,0.51113707,0.37162592,0.51319978,0.21889386,0.70708291,10.25808906,10.27694421,1,1,109.78538636,1
2453,0.56694502,0.36490524,0.54092375,0.26451585,0.68328696,10.14400702,10.21760935,1,1,150.60112154,1
2454,0.57814872,0.38834097,0.54206331,0.30860305,0.65962256,10.07421486,10.10796066,1,1,237.61660139,1
2455,0.56130317,0.38354967,0.53837614,0.27770713,0.63643842,10.1218612,10.2160271,1,1,112.98188432,1
2456,0.54042542,0.40203696,0.5350544,0.24215872,0.61372766,10.27107845,10.34608193,1,1,112.12732948,1
2457,0.54059399,0.40180848,0.52489907,0.27575713,0.59155082,10.33747084,10.36920791,1,1,116.65181025,1
2458,0.55082312,0.41034884,0.53336135,0.24943765,0.56993991,10.03138142,10.03590141,1,1,397.26573923,1
2459,0.54346471,0.42427268,0.52756945,0.21448645,0.58854111,10.1588387,10.21313792,1,1,106.52759582,1
2460,0.54376411,0.4228055,0.52783636,0.2016628,0.56706079,10.24180168,10.25476546,1,1,1293.95942647,1
2461,0.58788593,0.4001217,0.54037841,0.2475618,0.58571956,10.13345142,10.15628806,1,1,168.84936748,1
2462,0.5964873,0.41323656,0.52768517,0.2127222,0.58001582,10.30132243,10.32799391,1,1,163.77908573,1
2463,0.55906562,0.42779363,0.52902825,0.2395883,0.59631511,10.2897562,10.37283041,1,1,446.41103307,1
2464,0.56802776,0.44238974,0.55136617,0.21540584,0.57438886,10.05078725,10.12614549,1,1,146.75524896,1
2465,0.54842365,0.4554474,0.53878028,0.20773036,0.56321142,10.37164807,10.38881606,1,1,1198.31732451,1
2466,0.54875606,0.45535678,0.53844413,0.24644938,0.58194447,9.85605904,9.8747208,1,1,927.31065601,1
2467,0.5800265,0.41677729,0.55857898,0.28891091,0.56031733,10.0972883,10.19611681,1,1,104.70138448,1
2468,0.55692126,0.43350109,0.56519489,0.25313688,0.54488216,10.41267806,10.49673853,1,1,120.19151192,1
2469,0.56947407,0.44515316,0.54961695,0.21807435,0.56394714,10.34093969,10.36611276,1,1,462.23886073,1
2470,0.53261576,0.45131418,0.56346705,0.18456467,0.54267099,10.28670751,10.2995905,1,1,851.63251689,1
2471,0.53167174,0.45747401,0.5539975,0.21329557,0.56163779,10.03253914,10.09696084,1,1,148.19945984,1
2472,0.53943058,0.45780043,0.54691854,0.25351581,0.54667695,10.36294447,10.45677829,1,1,304.17297144,1
2473,0.54006718,0.45861446,0.54716331,0.29844549,0.52617942,9.96415233,9.99455609,1,1,105.86329102,1
2474,0.53070789,0.42361342,0.54734885,0.26247664,0.50589128,10.37251614,10.45997052,1,1,112.06410134,1
2475,0.54028184,0.4297584,0.56176609,0.22722797,0.50324898,10.3580215,10.38626963,1,1,746.05663932,1
2476,0.52075316,0.43433082,0.56657257,0.27266527,0.49227045,10.17457149,10.27242668,1,1,182.92302776,1
2477,0.49987199,0.42117493,0.56846271,0.31721185,0.48399863,10.11399969,10.18890382,1,1,487.68797089,1
2478,0.50161086,0.43406864,0.5534358,0.28088285,0.50431505,9.95911471,10.00911165,1,1,323.8315775,1
2479,0.50123981,0.43437141,0.55318727,0.26474994,0.48435927,10.21878831,10.31712422,1,1,202.1375112,1
2480,0.56132978,0.4769443,0.56789045,0.22947747,0.50367454,10.11930438,10.20495383,1,1,249.70036507,1
2481,0.57236787,0.46809207,0.56593886,0.27395643,0.4836687,10.2172166,10.25929346,1,1,348.22048307,1
2482,0.55398578,0.49193834,0.55435642,0.28002012,0.46412312,10.2485956,10.2916337,1,1,119.66674157,1
2483,0.56866693,0.48721524,0.54730428,0.3244003,0.48482183,10.25307846,10.33405632,1,1,122.72685818,1
2484,0.54444072,0.49953744,0.54430182,0.28791233,0.46512587,9.86626885,9.88284114,1,1,434.22951751,1
2485,0.54414344,0.49726013,0.54440441,0.25548928,0.48567615,10.19391599,10.20632146,1,1,105.49745633,1
2486,0.61205734,0.49977563,0.54792454,0.22037966,0.4659627,10.06033447,10.07584265,1,1,240.37151818,1
2487,0.61389072,0.51078014,0.56836762,0.26596728,0.46196252,10.30866774,10.37636136,1,1,696.8145881,1
2488,0.58215344,0.50179267,0.54779013,0.23287788,0.4429481,10.3660733,10.37060295,1,1,562.50352747,1
2489,0.59329273,0.5206047,0.54914179,0.19825384,0.46408914,10.28829494,10.32268233,1,1,1005.15100075,1
2490,0.56591725,0.53516692,0.554307,0.24420788,0.44975082,10.69972025,10.71629496,1,1,248.43160039,1
2491,0.56604028,0.52211645,0.55685048,0.20932454,0.43076563,10.07121524,10.08223632,1,1,100.46957156,1
2492,0.56585061,0.52229794,0.556952,0.17518379,0.4496839,10.05452553,10.10705361,1,1,159.71223471,1
2493,0.60900052,0.48791794,0.58784574,0.19149215,0.47067903,10.20824066,10.28688276,1,1,144.78827794,1
2494,0.61369384,0.510226,0.58532611,0.15775056,0.45126627,10.03349823,10.11247701,1,1,220.55870048,1
2495,0.58568779,0.50398561,0.56265508,0.20451827,0.47224088,10.08891372,10.1206532,1,1,588.38553047,1
2496,0.57523642,0.52036297,0.55986772,0.24643217,0.45279837,10.23529446,10.32047859,1,1,285.94287583,1
2497,0.56252366,0.52196172,0.57076895,0.21210875,0.47349568,10.13778353,10.15029397,1,1,101.23791948,1
2498,0.5614616,0.52783655,0.56128965,0.18511358,0.48041315,9.84003977,9.93613552,1,1,162.63781909,1
2499,0.56108094,0.52478435,0.56144126,0.23141127,0.46300056,10.18214674,10.20100527,1,1,522.96641558,1
2500,0.60123497,0.51862527,0.58670759,0.27678196,0.44494561,10.12824039,10.13066825,1,1,121.39582994,1
2501,0.61856745,0.52381289,0.58394482,0.24349463,0.46604669,10.31329481,10.3632753,1,1,543.0423447,1
2502,0.60440195,0.5523529,0.59076975,0.2886247,0.48672571,10.14216631,10.24310815,1,1,158.60240092,1
2503,0.60251268,0.55801238,0.58146595,0.33284996,0.4669924,10.08637014,10.18470968,1,1,484.26212484,1
2504,0.56538758,0.57220021,0.57794439,0.37556195,0.44765276,9.99262416,10.03475921,1,1,737.4680902,1
2505,0.58722037,0.58715731,0.55488793,0.41664918,0.42869971,10.15765555,10.17863935,1,1,260.77986859,1
2506,0.57457543,0.5655911,0.5815678,0.45768424,0.4101344,10.176423,10.26297453,1,1,131.89412459,1
2507,0.57434998,0.56587352,0.58124725,0.49852684,0.39193171,10.10227105,10.15667533,1,1,378.37698234,1
2508,0.55023333,0.52423883,0.58181916,0.45860851,0.41373482,10.38506526,10.46910011,1,1,102.24796208,1
2509,0.5533832,0.52926489,0.59210423,0.41945215,0.39546598,10.07895927,10.15074635,1,1,414.49692672,1
2510,0.55108143,0.51578109,0.57937515,0.38106808,0.41755665,10.30398441,10.39170926,1,1,355.42960873,1
2511,0.51647247,0.51731578,0.58289967,0.34344754,0.41997914,10.52279929,10.5544653,1,1,201.42326448,1
2512,0.53899658,0.5214627,0.58921725,0.30667088,0.40163004,10.4224486,10.46314771,1,1,260.93457408,1
2513,0.50535261,0.50742375,0.57327296,0.27053751,0.42264917,10.17590473,10.20728067,1,1,992.91568841,1
2514,0.50808996,0.52458595,0.5759048,0.29809249,0.40462177,10.21364112,10.24950481,1,1,147.99917226,1
2515,0.50838541,0.52159557,0.57572786,0.32054889,0.38804517,10.54368979,10.55158449,1,1,785.3302249,1
2516,0.55164297,0.55208923,0.60032571,0.28573726,0.3702868,10.35250135,10.40951435,1,1,731.23123875,1
2517,0.55924966,0.55386446,0.5752168,0.25002266,0.3928565,9.90034223,9.98472453,1,1,168.31904236,1
2518,0.55339856,0.55292179,0.57515452,0.29502221,0.37513117,10.38324228,10.42949022,1,1,103.70206764,1
2519,0.54677867,0.57551195,0.56452385,0.25912179,0.36264423,10.26775158,10.30856823,1,1,174.55425498,1
2520,0.53439027,0.56736678,0.57396733,0.22464866,0.37949291,10.34651084,10.37429185,1,1,169.21068981,1
2521,0.53422298,0.5648344,0.57439118,0.26753287,0.40189475,10.26683596,10.32358255,1,1,150.28438815,1
2522,0.5290738,0.54589231,0.57296368,0.3112124,0.42385685,10.07926637,10.10005053,1,1,108.31669723,1
2523,0.49985222,0.54391446,0.58700348,0.35498787,0.44536449,10.34464054,10.39618516,1,1,579.56131968,1
2524,0.49925107,0.55205954,0.56142922,0.397876,0.43799067,10.32167256,10.34081265,1,1,353.91167915,1
2525,0.51863075,0.53119332,0.55470694,0.43662659,0.41923086,9.97840809,9.98381076,1,1,133.80240535,1
2526,0.51511911,0.53445017,0.56450056,0.39789437,0.42395032,10.10297911,10.12644344,1,1,236.44948967,1
2527,0.51527355,0.5370551,0.56445587,0.35994001,0.40861382,10.04423565,10.09828419,1,1,313.43086588,1
2528,0.57723969,0.50620501,0.5694986,0.4027412,0.3904419,10.35838032,10.36733899,1,1,377.59741714,1
2529,0.56849159,0.52294624,0.56313337,0.39873253,0.41262434,10.16636732,10.22036662,1,1,754.20763669,1
2530,0.52661853,0.54518612,0.5648551,0.3985941,0.3952566,10.12913846,10.18733035,1,1,439.14510727,1
2531,0.53284369,0.53361478,0.54688128,0.44061312,0.37735147,10.17965823,10.22158856,1,1,101.90587125,1
2532,0.50854078,0.56106297,0.54404707,0.40180086,0.35980544,10.52704954,10.62743961,1,1,207.65814595,1
2533,0.50836163,0.5611431,0.54405279,0.44375938,0.34263326,10.24596254,10.27550466,1,1,132.9177955,1
2534,0.46546886,0.55787797,0.56377849,0.40781401,0.36568641,10.15153143,10.22076291,1,1,709.14969047,1
2535,0.46677591,0.55861873,0.54510932,0.44965773,0.34838436,10.29122158,10.35486915,1,1,841.05516119,1
2536,0.47939059,0.53952537,0.54080509,0.4110517,0.35318839,10.38813499,10.39093652,1,1,382.85319081,1
2537,0.46706289,0.52459757,0.54365318,0.37283067,0.34773004,10.41689485,10.50284383,1,1,770.76029895,1
2538,0.48603509,0.54050865,0.55316634,0.4153736,0.35740395,10.1354424,10.18701404,1,1,217.25635604,1
2539,0.47869476,0.54240501,0.54065083,0.37706613,0.37903855,10.18530596,10.21573178,1,1,153.68619708,1
2540,0.47908986,0.54371852,0.54042547,0.33952568,0.36197233,10.26739705,10.32907267,1,1,154.6401797,1
2541,0.4436031,0.5670489,0.55008664,0.3822104,0.34473761,9.95711179,10.04168298,1,1,506.45719201,1
2542,0.45165129,0.55006344,0.56513193,0.34484056,0.36778387,10.06237267,10.09663201,1,1,265.53925008,1
2543,0.46102087,0.53543224,0.56062606,0.30808412,0.35042852,10.12130561,10.1452684,1,1,113.18417458,1
2544,0.46650421,0.5359295,0.55257408,0.2719232,0.37341807,10.08178412,10.13576843,1,1,247.76184174,1
2545,0.4652821,0.52264427,0.53927888,0.25459633,0.35594977,10.06812804,10.09696204,1,1,938.87384118,1
2546,0.47087479,0.53556486,0.55862433,0.27064954,0.37858893,9.95305814,9.97799359,1,1,1438.2160851,1
2547,0.47753072,0.51191077,0.54415954,0.31483105,0.40100042,10.08831457,10.15614748,1,1,227.47778518,1
2548,0.47756523,0.5118297,0.54381384,0.35806496,0.42298041,10.02555521,10.07133797,1,1,726.55629109,1
2549,0.49392062,0.60841818,0.55966395,0.40090365,0.40608326,10.01904667,10.1188718,1,1,465.32709602,1
2550,0.50091593,0.59966622,0.54987386,0.36796288,0.3903187,10.13790604,10.21536419,1,1,760.47545299,1
2551,0.52264801,0.57441581,0.55783553,0.34105892,0.39043535,10.20828501,10.20963183,1,1,292.93111914,1
2552,0.52221716,0.56514664,0.55734111,0.38422707,0.40204052,10.19470923,10.2690178,1,1,127.21355144,1
2553,0.53275778,0.55254765,0.53483151,0.35373345,0.3839998,10.17196318,10.25060199,1,1,100.47429317,1
2554,0.53237097,0.55273575,0.53491904,0.3962477,0.4063198,10.17543676,10.17682348,1,1,181.55294931,1
2555,0.4994474,0.54679229,0.53668178,0.35832275,0.38819341,10.17054477,10.21984567,1,1,1507.21032209,1
2556,0.49646848,0.53318461,0.54726712,0.32390501,0.37059977,10.02047781,10.11575747,1,1,129.71588601,1
2557,0.50233119,0.52014622,0.55555956,0.28750428,0.35375086,10.56928174,10.63658901,1,1,255.19955001,1
2558,0.50097974,0.52983562,0.54549428,0.25253187,0.37666511,10.05436292,10.12953676,1,1,1387.99676716,1
2559,0.50099091,0.53580432,0.53762043,0.29743999,0.3945358,10.43215382,10.50228861,1,1,115.54976028,1
2560,0.49062227,0.52043437,0.55178516,0.34137921,0.37691926,10.1936669,10.24659115,1,1,246.61477233,1
2561,0.49017471,0.52378911,0.55217311,0.37482121,0.36134679,10.24804006,10.25902265,1,1,463.07297319,1
2562,0.48107157,0.53693494,0.56169744,0.33760218,0.34413465,10.29187679,10.30930113,1,1,271.77441845,1
2563,0.46627453,0.52180449,0.55246671,0.33307143,0.32726131,10.31907506,10.38610511,1,1,413.72934066,1
2564,0.49347193,0.50854038,0.56265839,0.36161754,0.35071562,10.00753246,10.08172354,1,1,156.59643523,1
2565,0.47192198,0.52547356,0.54741158,0.3243892,0.33380957,10.15605071,10.16741143,1,1,112.12498509,1
2566,0.48687819,0.52132437,0.54636696,0.36624761,0.35712142,9.92262341,9.97287031,1,1,155.80812775,1
2567,0.48725592,0.5205685,0.54652709,0.32892477,0.37997896,10.37190501,10.47153711,1,1,108.37180282,1
2568,0.49204591,0.47521669,0.5019986,0.35079019,0.36237938,10.20044635,10.22108735,1,1,385.46832597,1
2569,0.49255985,0.46188363,0.44322576,0.31701908,0.38420418,10.28145991,10.30238799,1,1,108.06432811,1
2570,0.46443612,0.47683009,0.38918771,0.3518888,0.36652143,10.12927056,10.13957211,1,1,210.57872113,1
2571,0.47308586,0.4849165,0.35017216,0.31525539,0.37603132,10.33236287,10.40896762,1,1,247.29567394,1
2572,0.47310452,0.48159931,0.35045254,0.35411021,0.39195926,10.1685215,10.17588715,1,1,123.30668331,1
2573,0.5170582,0.56287478,0.37821457,0.397028,0.37412008,10.28935066,10.32347539,1,1,844.44336723,1
2574,0.53981629,0.54284814,0.3776997,0.35939197,0.39658174,10.06292768,10.13485981,1,1,920.03473094,1
2575,0.54902137,0.54441844,0.38910152,0.38299715,0.37865014,10.17816574,10.2611613,1,1,1316.06061498,1
2576,0.52379823,0.56213646,0.38900567,0.35986134,0.36142959,10.00359733,10.10298439,1,1,332.41768209,1
2577,0.54785241,0.53049916,0.4096088,0.37988345,0.384201,10.15770141,10.18731522,1,1,1322.25459166,1
2578,0.54754875,0.53135408,0.40956321,0.34228579,0.40637058,10.26538464,10.34506128,1,1,124.48574753,1
2579,0.51200875,0.5239746,0.43106153,0.3850263,0.38873288,9.92430227,9.97653986,1,1,142.53483314,1
2580,0.51170128,0.52156889,0.42641577,0.35025301,0.40994603,10.67333781,10.75121461,1,1,127.9616923,1
2581,0.51734046,0.49477894,0.42475015,0.39324795,0.43173585,10.42661878,10.47126562,1,1,143.18809776,1
2582,0.5270934,0.49092811,0.44720371,0.35538388,0.4319737,10.25525331,10.32207995,1,1,483.36192683,1
2583,0.50653215,0.5135001,0.43568779,0.3182762,0.41603818,10.23322817,10.23838312,1,1,258.23949346,1
2584,0.50720076,0.51107694,0.4355238,0.3619081,0.43770773,9.91541669,9.92901505,1,1,605.81968095,1
2585,0.54770347,0.5111611,0.45618932,0.32468237,0.45895102,10.34519774,10.38821676,1,1,309.32221811,1
2586,0.56204687,0.5190673,0.44989467,0.28818873,0.44409998,10.06920133,10.10199864,1,1,292.87389586,1
2587,0.53919066,0.53364854,0.46107014,0.25242549,0.43326134,10.28082459,10.31724843,1,1,158.51528318,1
2588,0.54323203,0.53883045,0.47120819,0.21741157,0.45459604,10.61800741,10.71539055,1,1,634.14575204,1
2589,0.54481585,0.54825253,0.46713562,0.25702352,0.4755041,9.99047399,10.06610206,1,1,117.15812823,1
2590,0.54556382,0.54737393,0.46733173,0.29789994,0.49599402,10.02902234,10.08444833,1,1,201.50729636,1
2591,0.49372642,0.5293868,0.48480389,0.26212413,0.51603584,10.40948885,10.51186808,1,1,163.94197987,1
2592,0.51317163,0.53441608,0.47867175,0.22935376,0.53545155,10.16364143,10.23744546,1,1,1381.94789516,1
2593,0.49988291,0.50935096,0.48854262,0.2376223,0.51479701,10.12234321,10.14960812,1,1,158.45760849,1
2594,0.49396645,0.5089308,0.48545714,0.20286997,0.49454554,10.27680454,10.34056155,1,1,133.81217899,1
2595,0.51377965,0.50895711,0.4735816,0.23755681,0.47465827,10.28296469,10.3017534,1,1,231.69770199,1
2596,0.50107806,0.483034,0.4805293,0.20280569,0.45778818,10.21984802,10.31521614,1,1,300.48402354,1
2597,0.49297102,0.4938123,0.48881489,0.16874965,0.47861488,10.17956001,10.1995904,1,1,290.67857517,1
2598,0.49724713,0.4883854,0.49315842,0.13558269,0.45904258,10.35607557,10.44969143,1,1,188.72092211,1
2599,0.49709955,0.48871491,0.49351694,0.10288647,0.47983997,10.60284077,10.61630123,1,1,526.47175343,1
2600,0.55686662,0.51632151,0.51792608,0.07083237,0.50019889,10.37662672,10.40748452,1,1,136.3911433,1
2601,0.57219342,0.52559232,0.52063371,0.03941948,0.52019454,10.51240007,10.52996743,1,1,1176.11156664,1
2602,0.55367444,0.51545189,0.49904546,0.08863048,0.4997911,10.67607192,10.75998389,1,1,847.15359094,1
2603,0.56144056,0.52915402,0.51738633,0.13654203,0.47980517,10.01601259,10.03629525,1,1,206.98365789,1
2604,0.55845914,0.54678167,0.52362574,0.17599886,0.46818872,10.221231,10.31233663,1,1,171.49918799,1
2605,0.54740116,0.53852937,0.52022756,0.16372521,0.47448221,9.99205945,10.04129919,1,1,1475.39014798,1
2606,0.54752849,0.53998884,0.52032956,0.21037459,0.45499257,9.98977827,10.0882287,1,1,464.4211109,1
2607,0.5441123,0.51191477,0.5430815,0.17616711,0.47588279,10.15143833,10.22132762,1,1,169.80694936,1
2608,0.52145973,0.5051784,0.53813294,0.14266829,0.49636364,10.0754202,10.17278833,1,1,348.2178432,1
2609,0.53028158,0.50256474,0.53462208,0.18946826,0.47643638,10.22637748,10.32718399,1,1,167.9724386,1
2610,0.51085469,0.49674619,0.53682509,0.15567889,0.45691093,10.00075197,10.05054026,1,1,232.23294814,1
2611,0.49594734,0.5112362,0.53607414,0.15220367,0.43782576,10.24135495,10.25599114,1,1,108.5355023,1
2612,0.50453467,0.51547106,0.53371998,0.12107572,0.43692592,10.05622939,10.13096255,1,1,707.7469017,1
2613,0.50428013,0.51692108,0.53348477,0.08865441,0.41818788,10.03114493,10.06313822,1,1,224.43517764,1
2614,0.48818189,0.52719884,0.54207337,0.13677362,0.39982449,10.36588032,10.3744701,1,1,222.07979219,1
2615,0.48123,0.52554465,0.54066522,0.18165959,0.40294594,10.10110539,10.14527932,1,1,1102.48624709,1
2616,0.48609454,0.51873263,0.54673358,0.16337858,0.38488704,10.29983293,10.30201425,1,1,420.71557933,1
2617,0.47349787,0.50786837,0.55491816,0.13013867,0.38911735,10.42164298,10.44581262,1,1,205.97674586,1
2618,0.49582629,0.49210544,0.53212691,0.09755451,0.3713368,10.02672831,10.11139622,1,1,289.28343676,1
2619,0.47653478,0.50011811,0.54791826,0.06560342,0.3623648,10.4556708,10.55338676,1,1,144.65354806,1
2620,0.47683282,0.49974917,0.54781114,0.03429166,0.38196073,10.11775865,10.16770399,1,1,1085.18000836,1
2621,0.53204767,0.56996537,0.56697857,0.07963432,0.3645229,10.10783241,10.15816776,1,1,372.22608866,1
2622,0.55540756,0.58695815,0.54503517,0.12801383,0.34770187,10.12406102,10.21170108,1,1,106.74907281,1
2623,0.56231342,0.56972446,0.55047265,0.09545413,0.33081648,10.08700231,10.10410127,1,1,829.90114672,1
2624,0.54178255,0.57731795,0.55927314,0.06354505,0.35420015,10.16799943,10.26829159,1,1,349.10636143,1
2625,0.53811685,0.56925827,0.56477962,0.05167025,0.36317495,10.16241342,10.22970147,1,1,392.27544705,1
2626,0.54659677,0.57170641,0.56010426,0.10063651,0.38591145,10.16300259,10.23257429,1,1,1323.68665633,1
2627,0.5465876,0.57016466,0.5598475,0.06862419,0.37881859,10.32893429,10.3422723,1,1,497.95979479,1
2628,0.57746275,0.53625362,0.5687705,0.11671587,0.36124225,10.17379759,10.26298285,1,1,722.92090118,1
2629,0.55823553,0.54580368,0.56696059,0.09138417,0.38136296,10.18542176,10.18750625,1,1,160.66642,1
2630,0.5441185,0.55915901,0.56299752,0.13864942,0.40304583,10.43084453,10.50881336,1,1,303.25561291,1
2631,0.52518973,0.54064481,0.54973085,0.18587643,0.38756528,10.15681358,10.23574607,1,1,258.34789207,1
2632,0.51111537,0.54716478,0.56226641,0.23215888,0.37019133,10.0774668,10.10629229,1,1,117.04120482,1
2633,0.51792329,0.5728352,0.5680827,0.21061088,0.37381085,10.58094883,10.67591536,1,1,111.84290041,1
2634,0.51776154,0.57438971,0.56800773,0.17639875,0.39631715,10.20111769,10.20113146,1,1,725.08372687,1
2635,0.48786087,0.55507245,0.5851013,0.22084721,0.37840099,10.39511433,10.41118907,1,1,404.54312107,1
2636,0.49302815,0.56701283,0.57056992,0.26641626,0.40083293,10.32794336,10.38699968,1,1,1103.9125674,1
2637,0.49676039,0.56749988,0.55840284,0.31056365,0.42281627,10.35504777,10.43552695,1,1,160.84449295,1
2638,0.48750238,0.54511549,0.56134705,0.35435235,0.44435764,10.15231189,10.21885936,1,1,910.51526276,1
2639,0.50129136,0.56033088,0.56035434,0.31958415,0.46470629,10.2179499,10.30596258,1,1,361.57822137,1
2640,0.50182466,0.56130213,0.56057904,0.28322409,0.44544247,10.28950386,10.31247088,1,1,716.62218023,1
2641,0.55681322,0.59709413,0.55992784,0.26053847,0.42653362,10.33300357,10.38640631,1,1,295.38587575,1
2642,0.57852398,0.60438042,0.57409339,0.23124681,0.44794063,10.25006629,10.25435085,1,1,145.41881703,1
2643,0.57464958,0.60366241,0.55795193,0.27211508,0.46898065,10.15959832,10.23679043,1,1,789.95932707,1
2644,0.57077254,0.59460682,0.55268997,0.31624683,0.44960761,10.45953071,10.55663775,1,1,729.82851797,1
2645,0.53418209,0.61375478,0.55466854,0.32432982,0.47061345,10.38693065,10.42234213,1,1,230.74365155,1
2646,0.53414602,0.61448202,0.55449344,0.28784345,0.49120118,10.36294066,10.38926386,1,1,673.92531503,1
2647,0.53272304,0.5867728,0.56625799,0.33208487,0.48172982,10.09105742,10.11085751,1,1,118.45994769,1
2648,0.51472615,0.60114018,0.56800673,0.34592392,0.46209523,10.52432758,10.52667731,1,1,584.39530608,1
2649,0.493416,0.59353788,0.54592528,0.38884847,0.44285381,10.0160958,10.07773606,1,1,813.7429969,1
2650,0.49158648,0.58060693,0.55954666,0.35118996,0.42399673,10.03226693,10.06221382,1,1,124.81210646,1
2651,0.51322787,0.59993403,0.53667271,0.32159284,0.44544951,10.32505863,10.40347634,1,1,736.83149688,1
2652,0.51359391,0.59872359,0.53640562,0.35295995,0.42656996,10.31818245,10.37084767,1,1,104.25942811,1
2653,0.45690808,0.59705921,0.56292157,0.31695256,0.40803856,10.2738026,10.32435342,1,1,844.48265206,1
2654,0.46494159,0.58636642,0.54326499,0.28649271,0.39195403,10.49732661,10.5029158,1,1,1379.25931258,1
2655,0.48742513,0.60657875,0.54308506,0.33076281,0.37411495,10.26953149,10.33679689,1,1,118.24304911,1
2656,0.49094509,0.56940497,0.54102918,0.37414755,0.39663265,10.32609628,10.34412897,1,1,100.96662774,1
2657,0.49426029,0.57237028,0.53902318,0.41638085,0.37896568,10.28132038,10.33116475,1,1,151.74651979,1
2658,0.47341306,0.55663738,0.5332282,0.37805481,0.36139556,10.36557016,10.39129226,1,1,352.14902282,1
2659,0.49892186,0.55432553,0.54793119,0.42044885,0.34416766,10.43406882,10.52249283,1,1,507.4094105,1
2660,0.49900114,0.55421195,0.54786567,0.45824173,0.33620742,10.27264468,10.34832804,1,1,412.96313504,1
2661,0.48500322,0.61321863,0.56865389,0.43501332,0.35948327,10.42584933,10.47772614,1,1,379.03661376,1
2662,0.50257063,0.59080109,0.56923489,0.55618774,0.32676925,10.30212048,10.36670417,1,1,213.47545613,0
2663,0.51433102,0.59463398,0.55563495,0.67506295,0.38564511,10.04809232,10.13076892,1,1,113.41525076,0
2664,0.51664879,0.59221132,0.5510749,0.55156177,0.44214382,10.06184942,10.13633828,1,1,1100.47863643,0
2665,0.50958193,0.58622557,0.55861586,0.6318085,0.42159805,10.37040779,10.41818024,1,1,592.26042715,0
2666,0.50867792,0.58383281,0.55891568,0.74917233,0.35897502,10.08159585,10.15607849,1,1,158.88541915,0
2667,0.46256727,0.52510965,0.54695728,0.86227692,0.3003381,10.25249866,10.29032021,1,1,401.5632022,0
2668,0.47628131,0.45897379,0.51013055,0.73536753,0.35291515,10.33080537,10.34411902,1,1,114.74656557,0
2669,0.46533074,0.38250521,0.47837379,0.61590152,0.288474,10.33251295,10.38919785,1,1,292.17373862,0
2670,0.46143404,0.30529249,0.46100689,0.732584,0.22615731,10.46527339,10.55803219,1,1,632.74152963,0
2671,0.44131353,0.27074962,0.44901006,0.61122187,0.16150564,10.34342214,10.44351307,1,1,105.78052729,0
2672,0.44049514,0.27369533,0.44873011,0.72899266,0.21926441,10.21333627,10.24648121,1,1,177.14070993,0
2673,0.49116753,0.34580184,0.46546067,0.84421162,0.15468461,10.01541793,10.09412738,1,1,521.90941716,0
2674,0.50685903,0.41001619,0.47613614,0.95269248,0.08780038,10.04191609,10.12424828,1,1,116.83026763,0
2675,0.50335601,0.5045489,0.49411535,0.97392234,0.01874654,10.18945205,10.25091301,1,1,101.85826623,0
2676,0.51577307,0.61484617,0.50264915,1,0.06923757,10.27238071,10.30977105,1,1,239.92939488,0
2677,0.54615263,0.69454073,0.51258333,0.95000003,0.09495545,9.85864375,9.88531528,1,1,156.96608777,1
2678,0.54314384,0.76571562,0.53054883,0.90100011,0.10691892,9.91831133,9.9187675,1,1,671.19953063,1
2679,0.54362969,0.81841556,0.54743486,0.93298007,0.13267671,10.13028835,10.1974281,1,1,173.66116502,1
2680,0.5438291,0.81779175,0.54776255,0.96430186,0.15025715,10.19721913,10.237847,1,1,417.36042279,1
2681,0.50954629,0.80157855,0.56227453,0.91519559,0.17725201,10.268427,10.32546304,1,1,192.66275863,1
2682,0.49099046,0.82000776,0.5714445,0.94689168,0.19610587,9.98945994,10.0405854,1,1,140.24870177,1
2683,0.51195679,0.81266011,0.57600446,0.89845704,0.18220029,10.11453853,10.15195043,1,1,107.45145701,1
2684,0.51532783,0.77787624,0.54987016,0.90890197,0.16876811,10.30462417,10.33963889,1,1,1561.88721968,1
2685,0.50013251,0.80642655,0.55863311,0.92919737,0.18693655,9.93783367,10.02638249,1,1,146.32022293,1
2686,0.49433138,0.76133545,0.56180376,0.88061658,0.1900531,10.43920936,10.47835435,1,1,1302.84084612,1
2687,0.49312208,0.77430492,0.56877984,0.83928447,0.18826809,10.11114865,10.12921337,1,1,104.3323466,1
2688,0.50786909,0.77298544,0.571887,0.82294652,0.19675356,10.37554799,10.39560951,1,1,130.53166641,1
2689,0.50720712,0.72555514,0.57480367,0.77710786,0.22281822,10.07103497,10.08204633,1,1,144.47932611,1
2690,0.49391594,0.7268105,0.55994864,0.75149228,0.24836185,10.2740184,10.29386416,1,1,1121.35192882,1
2691,0.51321781,0.74857465,0.54626116,0.78646205,0.23339477,10.46508257,10.47129111,1,1,555.2227175,1
2692,0.51318711,0.75171186,0.54611126,0.81940995,0.22467816,10.27539551,10.34142462,1,1,121.31525073,1
2693,0.47415958,0.75310782,0.57396162,0.85302174,0.23792726,10.07902328,10.15565582,1,1,142.35657641,1
2694,0.49543232,0.76108574,0.55529101,0.88585603,0.22360043,10.09558993,10.12142445,1,1,115.18270279,1
2695,0.48395772,0.74600884,0.54304698,0.91813835,0.24912835,10.32980483,10.38479809,1,1,1093.3240375,1
2696,0.4980759,0.76418822,0.56805426,0.94977493,0.23420385,10.40407925,10.44917191,1,1,101.89615908,1
2697,0.48685302,0.72171766,0.57117035,0.96243386,0.25336692,10.46813876,10.52040688,1,1,629.79604039,1
2698,0.5154494,0.71066859,0.55554434,0.91881771,0.23918599,10.19044694,10.21967971,1,1,118.1754716,1
2699,0.50825975,0.70769527,0.56838602,0.87581854,0.26440226,10.16580501,10.26466104,1,1,165.54102364,1
2700,0.50832044,0.70594672,0.56872855,0.82890071,0.28058938,10.20273182,10.24451541,1,1,503.33762088,1
2701,0.49305695,0.71935147,0.590722,0.8623156,0.26497768,10.17395578,10.19386487,1,1,647.99524072,1
2702,0.47775669,0.70578642,0.5785069,0.89506921,0.28967768,10.17479379,10.21134066,1,1,118.74865468,1
2703,0.49455131,0.71660556,0.57004709,0.92716666,0.2739253,10.35707994,10.35880327,1,1,126.41641567,1
2704,0.50708793,0.69338313,0.5903205,0.95788029,0.25844679,10.35785363,10.45256488,1,1,326.95945355,1
2705,0.48276853,0.69470117,0.56297556,0.9087287,0.27460466,10.17443102,10.18716256,1,1,1302.5664025,1
2706,0.48934698,0.67377278,0.57507514,0.86055496,0.25911257,10.56767807,10.58244701,1,1,226.44073477,1
2707,0.50060121,0.68943914,0.5762403,0.89322462,0.28282082,10.42068729,10.44356211,1,1,152.58330319,1
2708,0.50077554,0.68763575,0.57598011,0.92536013,0.26716971,10.23687172,10.30960304,1,1,105.36876035,1
2709,0.47507785,0.68784466,0.60694041,0.87685293,0.25182978,10.14892604,10.18975235,1,1,1258.61478123,1
2710,0.46934455,0.68095714,0.6021058,0.90931389,0.27578199,10.29273601,10.32945312,1,1,533.8142565,1
2711,0.4838856,0.69706324,0.58248786,0.94112751,0.26026674,10.16690256,10.24476152,1,1,297.77630104,1
2712,0.49005726,0.68114899,0.58566059,0.97183682,0.25252004,10.15389516,10.20211539,1,1,265.12357342,1
2713,0.49016707,0.67316559,0.56994107,0.99900303,0.27746697,10.14676912,10.2227474,1,1,242.84213804,1
2714,0.48045147,0.6642478,0.56941727,0.94902297,0.30180688,9.93883806,10.01719601,1,1,134.44735073,1
2715,0.48412333,0.63608787,0.57408656,0.94033966,0.30118489,10.17222432,10.21086186,1,1,118.92478874,1
2716,0.48365325,0.65994543,0.57456954,0.9714887,0.28517891,10.02084145,10.05872827,1,1,141.56335101,1
2717,0.48320459,0.66062106,0.5746109,0.92206214,0.27439813,10.26949204,10.35576044,1,1,122.30412477,1
2718,0.48060025,0.69054925,0.57882109,0.95275351,0.29052601,9.93257435,9.95287958,1,1,511.62914211,1
2719,0.47190848,0.69270977,0.56393727,0.983698,0.31335254,10.17182824,10.27122705,1,1,639.91450798,1
2720,0.48318724,0.65890866,0.57050362,0.93403412,0.33708549,10.25593266,10.32726496,1,1,147.64403257,1
2721,0.48750422,0.66877372,0.55433335,0.93990428,0.36034368,10.17104281,10.24877099,1,1,128.8053155,1
2722,0.49835731,0.67786363,0.56004597,0.89124359,0.34313681,10.20939178,10.29407038,1,1,432.86296804,1
2723,0.49857231,0.67763647,0.56045295,0.84349882,0.34854551,9.94038005,9.99946992,1,1,156.59417622,1
2724,0.45103856,0.70093189,0.58621552,0.80228794,0.33677386,10.03753651,10.0930267,1,1,170.90779571,1
2725,0.45632941,0.6986083,0.59119502,0.75631032,0.32005118,10.32569279,10.32787546,1,1,148.6516646,1
2726,0.46665869,0.69312959,0.58511576,0.77768027,0.3036536,10.18211556,10.23561518,1,1,1480.58291813,1
2727,0.47353398,0.64944386,0.58653212,0.73213905,0.28859344,10.01045242,10.083031,1,1,172.29210631,1
2728,0.4815732,0.64739363,0.55440658,0.68749627,0.27514011,10.08492928,10.08549812,1,1,119.98662705,1
2729,0.47114543,0.66371342,0.57473145,0.65119404,0.25964231,10.09280058,10.18681066,1,1,1348.97836615,1
2730,0.49077901,0.66618002,0.56423159,0.68810084,0.28199816,9.87050308,9.90835828,1,1,282.53440376,1
2731,0.49166597,0.66711191,0.56432119,0.6480481,0.29851919,10.29877818,10.33510886,1,1,296.89235719,1
2732,0.47744005,0.67058826,0.56509162,0.68508704,0.28283963,10.03230365,10.04072998,1,1,472.58046191,1
2733,0.47622169,0.67419512,0.56320433,0.7213853,0.26718284,10.4115067,10.49913531,1,1,133.84139521,1
2734,0.46974343,0.67721018,0.57002474,0.67789552,0.25183919,10.33928494,10.3891159,1,1,159.25927531,1
2735,0.49254698,0.6362888,0.58536543,0.71315545,0.27679998,10.27342821,10.28179761,1,1,112.52680264,1
2736,0.47467449,0.65511143,0.56051136,0.74735432,0.26126422,10.40790319,10.43560549,1,1,318.81299428,1
2737,0.48696093,0.64339498,0.56847406,0.76425036,0.28355604,10.44434368,10.52212018,1,1,272.5681187,1
2738,0.4954613,0.64680959,0.5860349,0.71960058,0.30788154,10.2435581,10.24992461,1,1,130.88676127,1
2739,0.49540163,0.64590347,0.58632944,0.68100686,0.29186411,10.27321791,10.34078242,1,1,156.58755139,1
2740,0.48135595,0.6599647,0.6116886,0.71736964,0.2771238,10.23555268,10.25100644,1,1,142.16162695,1
2741,0.46423418,0.63452357,0.58239767,0.75302225,0.26246529,10.1677915,10.16997228,1,1,795.17403065,1
2742,0.47404888,0.63471047,0.58946271,0.70796401,0.24721598,10.04829953,10.14277803,1,1,370.08433617,1
2743,0.47534322,0.63844928,0.58656929,0.73882953,0.23303187,9.98754421,10.03016389,1,1,100.7889044,1
2744,0.47124427,0.61565125,0.60694864,0.77255573,0.23036083,10.35514399,10.36321836,1,1,137.0811774,1
2745,0.4753317,0.60776596,0.58773995,0.76749881,0.2557487,9.99181238,10.09039831,1,1,210.52586312,1
2746,0.47513549,0.60759839,0.58804391,0.8016897,0.28058052,9.87395116,9.94240149,1,1,348.76919703,1
2747,0.53108014,0.68717208,0.6154757,0.75571057,0.26506604,10.16912202,10.25540797,1,1,885.42687579,1
2748,0.52712088,0.68929138,0.59068063,0.79059629,0.24976532,10.11526225,10.1754932,1,1,112.61905997,1
2749,0.5514639,0.69353502,0.59393777,0.82476807,0.27470804,10.14647982,10.22519194,1,1,663.68470092,1
2750,0.5295307,0.70761195,0.56518632,0.85820249,0.29921209,10.36063978,10.40076507,1,1,918.1687936,1
2751,0.55091742,0.69260149,0.5638258,0.81110179,0.32321808,10.12401449,10.15133384,1,1,166.7239725,1
2752,0.55140151,0.69431832,0.56401884,0.83052946,0.30811528,10.24955714,10.26071438,1,1,622.45869507,1
2753,0.53601149,0.67727745,0.58161281,0.78394723,0.2921251,10.1343868,10.13729171,1,1,331.59240586,1
2754,0.5348235,0.7009264,0.56767228,0.8181718,0.31617253,10.35661937,10.43129787,1,1,112.32889068,1
2755,0.53450716,0.67330394,0.59210127,0.77181531,0.33984763,10.2916744,10.35308673,1,1,198.88830386,1
2756,0.53934655,0.66047416,0.58729417,0.72662157,0.32306494,10.37094917,10.42400464,1,1,1192.15864603,1
2757,0.52818341,0.67906822,0.56270161,0.68208914,0.34660364,10.17822373,10.25879935,1,1,1179.23720697,1
2758,0.51431559,0.64431407,0.55907851,0.63844737,0.3696494,10.13671118,10.20109593,1,1,119.39870884,1
2759,0.51261809,0.65460574,0.57232379,0.67564807,0.35225643,9.98519553,10.01325753,1,1,234.3646181,1
2760,0.52536589,0.63397857,0.55706282,0.68612467,0.33521135,10.19858697,10.21903653,1,1,725.30215811,1
2761,0.52507199,0.63285176,0.5573005,0.64240218,0.35850712,9.94046034,10.01570402,1,1,115.88640523,1
2762,0.49522882,0.63460282,0.58017379,0.67951832,0.38126751,10.22200645,10.22240257,1,1,244.69771136,1
2763,0.49667229,0.63714901,0.57526741,0.63592841,0.36364241,10.01076936,10.0469369,1,1,111.09446257,1
2764,0.48916352,0.6198999,0.55552537,0.65505696,0.38636956,10.27511312,10.3064123,1,1,198.93516451,1
2765,0.48399012,0.61825292,0.55824774,0.61215201,0.40859264,10.22616725,10.30973968,1,1,129.88955102,1
2766,0.50358087,0.59918009,0.56560606,0.57033676,0.3998757,10.19638056,10.28757828,1,1,127.03303331,1
2767,0.48147238,0.58489521,0.55066474,0.52893885,0.38187892,10.18891196,10.19342684,1,1,121.18237163,1
2768,0.49122069,0.58635737,0.57149083,0.56835905,0.40424124,10.17874598,10.2591942,1,1,102.39494104,1
2769,0.49104973,0.58688663,0.57152212,0.55440506,0.41932907,10.35316947,10.40454025,1,1,136.43910258,1
2770,0.45674764,0.60383588,0.59034072,0.51331698,0.4009425,10.3949222,10.46974259,1,1,399.15364579,1
2771,0.46805745,0.59171258,0.57876906,0.47966989,0.42026635,10.25432512,10.35274147,1,1,464.11014471,1
2772,0.48095097,0.58043417,0.5697824,0.52007611,0.44157021,10.20037219,10.20041824,1,1,189.04099881,1
2773,0.47014598,0.57892139,0.59513629,0.55716923,0.42276801,10.04766192,10.07393466,1,1,515.00467045,1
2774,0.47224347,0.5665657,0.56685685,0.51619473,0.40431265,10.07624556,10.14387957,1,1,1019.45310047,1
2775,0.49266788,0.56130185,0.57355602,0.51101897,0.38622684,10.13192893,10.16627835,1,1,448.62923176,1
2776,0.49669782,0.55788448,0.59309825,0.54727281,0.40418057,10.346468,10.36988063,1,1,235.62711131,1
2777,0.4968326,0.55976664,0.59310224,0.58632735,0.3860972,10.17270528,10.24684169,1,1,173.22526919,1
2778,0.50185384,0.64103458,0.56863002,0.54541366,0.4083676,10.23374488,10.26827246,1,1,101.81755951,1
2779,0.52162055,0.62791583,0.52675199,0.56280516,0.43017168,10.087981,10.14887042,1,1,136.94527219,1
2780,0.52393237,0.62766298,0.49872298,0.60119325,0.45150046,10.23323921,10.28638616,1,1,102.14777845,1
2781,0.535007,0.62919865,0.47427943,0.63915767,0.43973942,10.3114222,10.38452802,1,1,150.98244922,1
2782,0.53532373,0.63014766,0.47441087,0.5963746,0.45897547,10.25036212,10.34324684,1,1,922.73811357,1
2783,0.49670461,0.60461601,0.49967821,0.55648361,0.47866225,9.99336195,10.08205852,1,1,241.98399714,1
2784,0.48290576,0.60665309,0.47718575,0.58372466,0.46038339,10.17452315,10.18235959,1,1,536.619189,1
2785,0.49041458,0.59160113,0.50039748,0.62205008,0.44117572,10.20315472,10.22269152,1,1,380.37351162,1
2786,0.49367797,0.58268362,0.50539549,0.65912672,0.43813641,9.9788998,9.98272947,1,1,100.46167234,1
2787,0.48434437,0.5949146,0.50087603,0.61594516,0.44846815,10.38442287,10.41992655,1,1,762.78298302,1
2788,0.49175981,0.58236481,0.50326178,0.58500637,0.42949881,10.00951121,10.0516798,1,1,148.34159074,1
2789,0.49197923,0.57978971,0.50299107,0.54362079,0.44926513,10.08605805,10.14783461,1,1,166.84066716,1
2790,0.46118733,0.60417866,0.5141571,0.58274716,0.44210137,10.13445233,10.14575067,1,1,378.29020737,1
2791,0.47305384,0.59676385,0.50326816,0.62109205,0.45984044,10.3213435,10.40664224,1,1,355.50651248,1
2792,0.4831571,0.57702618,0.51548852,0.64163566,0.44074594,10.19323483,10.25181628,1,1,118.12264114,1
2793,0.48706777,0.566207,0.5257248,0.59880295,0.42276575,10.45520215,10.5218077,1,1,692.21241619,1
2794,0.48125948,0.58623534,0.51929812,0.55682693,0.44429849,10.11974134,10.18107286,1,1,165.46680298,1
2795,0.48120436,0.58515318,0.51926097,0.51587715,0.43118044,10.13638242,10.2150407,1,1,301.03179966,1
2796,0.45006666,0.58529063,0.54400035,0.49348428,0.45191926,10.25256092,10.27669673,1,1,268.80620797,1
2797,0.44853733,0.59612673,0.52011057,0.48456979,0.43727825,10.12534387,10.17580946,1,1,108.54599838,1
2798,0.44511059,0.59148941,0.5322065,0.51066758,0.45853161,10.39408714,10.41252715,1,1,550.285204,1
2799,0.45994731,0.58777274,0.54095055,0.50426332,0.43957711,10.1746406,10.17749224,1,1,887.17522699,1
2800,0.47510641,0.58313607,0.54201821,0.54417803,0.42078557,10.05459358,10.06350329,1,1,455.21127121,1
2801,0.46080865,0.55822034,0.54535119,0.52915438,0.40237052,10.12601236,10.21657895,1,1,372.94060678,1
2802,0.46091767,0.55751209,0.54509537,0.56771027,0.38438051,10.47313733,10.51261455,1,1,213.51176042,1
2803,0.5120039,0.64090141,0.56258472,0.60632583,0.3667262,10.27655653,10.36917945,1,1,1229.26256706,1
2804,0.53068295,0.60928849,0.54923794,0.64419883,0.38714466,10.13740224,10.16378516,1,1,191.49858332,1
2805,0.5213411,0.63360316,0.54866753,0.60132257,0.3694018,10.23724693,10.30834978,1,1,774.00784946,1
2806,0.54234507,0.64586033,0.54710733,0.56737873,0.37937267,10.33083369,10.33859893,1,1,653.48274726,1
2807,0.53066213,0.62971403,0.55827212,0.60600997,0.36178585,10.19355011,10.25352999,1,1,272.75553482,1
2808,0.52319577,0.63379428,0.5489284,0.56388977,0.38455012,10.22416694,10.30296011,1,1,877.66645111,1
2809,0.52279337,0.63341298,0.54884908,0.60012669,0.39210955,10.38819235,10.4607393,1,1,524.95739576,1
2810,0.49571486,0.62764243,0.56390408,0.63752386,0.37426755,10.35536392,10.37682278,1,1,377.16023426,1
2811,0.51230388,0.63299444,0.56721104,0.67477338,0.35682855,10.07646048,10.10180858,1,1,138.88448186,1
2812,0.4942298,0.6179053,0.5560672,0.69569072,0.37969148,10.36541819,10.41986717,1,1,819.43320876,1
2813,0.50345439,0.62216349,0.56743761,0.65178517,0.40209765,10.29229131,10.36776296,1,1,109.77797012,1
2814,0.49190021,0.59889764,0.54305148,0.60965393,0.38405792,10.26317313,10.34965726,1,1,208.76157188,1
2815,0.49777095,0.59653955,0.54190843,0.58539867,0.36649996,10.41432223,10.51565209,1,1,142.82378926,1
2816,0.49765624,0.59601099,0.54189855,0.62369069,0.34920892,9.88905229,9.88988746,1,1,111.96351146,1
2817,0.45194001,0.59613533,0.56923242,0.5812226,0.37222455,10.15622384,10.20084569,1,1,104.61551792,1
2818,0.45532514,0.60778436,0.56639147,0.54687598,0.35805238,9.94180236,9.94600573,1,1,292.80021151,1
2819,0.46661471,0.60321797,0.55298147,0.50735329,0.38089133,10.26669611,10.33113161,1,1,680.00150816,1
2820,0.47647208,0.60047211,0.53842706,0.46720622,0.40322882,10.44360314,10.44782483,1,1,100.12284751,1
2821,0.48003168,0.58380618,0.55027718,0.42786274,0.42402117,10.18276926,10.27595639,1,1,992.74996196,1
2822,0.48350538,0.57891516,0.55803185,0.38938516,0.40554111,10.18389833,10.22293274,1,1,833.18724776,1
2823,0.48377771,0.57730836,0.55830792,0.35198604,0.38743062,10.1549642,10.22783265,1,1,758.80533726,1
2824,0.48087011,0.62783345,0.56257447,0.3949462,0.36968201,10.26813629,10.3322679,1,1,192.07953655,1
2825,0.49479704,0.60864369,0.54034416,0.43138785,0.3578718,10.27600127,10.30081333,1,1,402.6308401,1
2826,0.51633293,0.61686921,0.55051234,0.39276177,0.37698099,10.01403885,10.05812243,1,1,892.82367976,1
2827,0.52911968,0.60934344,0.54740862,0.43490653,0.39765175,10.25530538,10.30800131,1,1,1034.17438065,1
2828,0.52648597,0.58921848,0.51405291,0.39687456,0.37969887,10.28786252,10.29781698,1,1,380.5502608,1
2829,0.52605222,0.58589126,0.51393222,0.35919767,0.40209934,10.2150292,10.23191446,1,1,326.90931069,1
2830,0.50005211,0.57455283,0.52796324,0.40201316,0.42329184,10.02578241,10.04218271,1,1,135.92824116,1
2831,0.50356386,0.58025548,0.51656207,0.36400381,0.44482455,10.31495565,10.4179221,1,1,1247.91293787,1
2832,0.49693057,0.56114402,0.52128383,0.32684508,0.46483458,9.8256753,9.88796661,1,1,357.74479192,1
2833,0.48906438,0.56494326,0.54055325,0.31200262,0.48553789,10.333166,10.37860381,1,1,170.48058552,1
2834,0.48138611,0.56315774,0.52936228,0.27577246,0.5042191,10.13238671,10.13989073,1,1,429.22325992,1
2835,0.48610911,0.55859974,0.52431256,0.29093546,0.48420454,10.15388817,10.21562335,1,1,383.64864086,1
2836,0.48596966,0.557135,0.5240985,0.25528442,0.47081288,10.19633376,10.24671273,1,1,107.29915671,1
2837,0.4526751,0.55497214,0.53280847,0.22185961,0.49128522,10.3015026,10.36243575,1,1,553.06981137,1
2838,0.44653902,0.56101935,0.53771108,0.26739317,0.504753,10.10383428,10.19883576,1,1,1522.52721271,1
2839,0.45331571,0.52467329,0.53799836,0.30882435,0.52465794,10.53515312,10.55599194,1,1,136.26899641,1
2840,0.44306799,0.5429138,0.52831769,0.27264792,0.54308692,10.32159626,10.39967643,1,1,104.87109092,1
2841,0.45996579,0.52880901,0.53901731,0.28414981,0.5291122,10.39621292,10.48404944,1,1,780.66211635,1
2842,0.46616172,0.521562,0.54638664,0.26771254,0.54852973,10.08901186,10.0958022,1,1,247.49384352,1
2843,0.46649581,0.52047637,0.54656139,0.31235828,0.54668498,10.11700795,10.2095073,1,1,387.3842233,1
2844,0.53595527,0.56315862,0.55523055,0.27650044,0.54792775,10.19464144,10.28863521,1,1,152.55539743,1
2845,0.52843222,0.57899897,0.5645517,0.32094126,0.56693572,10.21629705,10.22126265,1,1,1302.53690755,1
2846,0.55456481,0.58857934,0.56720225,0.28462755,0.5458307,10.44641513,10.48142137,1,1,377.66683303,1
2847,0.52743135,0.59874932,0.53933135,0.24893527,0.56491015,10.21344979,10.29866279,1,1,118.70071166,1
2848,0.52570162,0.59452991,0.55929948,0.21395656,0.58153225,10.253386,10.3480025,1,1,117.17357577,1
2849,0.52482816,0.60154205,0.53746964,0.17967743,0.58760889,10.13334999,10.18338833,1,1,375.9523144,1
2850,0.52469653,0.60278759,0.53758172,0.14614728,0.56585697,10.37522382,10.38439461,1,1,388.40567009,1
2851,0.51731847,0.5776649,0.53734302,0.14526597,0.58398352,10.6486673,10.66633592,1,1,113.50772347,1
2852,0.51953603,0.58836949,0.53891926,0.12988007,0.60230381,10.31372793,10.34485506,1,1,121.66721327,1
2853,0.5085473,0.56960611,0.52974792,0.17721098,0.62025773,10.1638435,10.26092308,1,1,190.2753906,1
2854,0.48919539,0.59074639,0.54888803,0.22088004,0.6378525,10.24650936,10.31491728,1,1,142.49249323,1
2855,0.50447569,0.59221673,0.54984575,0.26077712,0.6150966,10.31975631,10.41587486,1,1,653.64160313,1
2856,0.50434426,0.59202509,0.54987936,0.23078082,0.63012244,10.29004378,10.35809139,1,1,108.26693513,1
2857,0.48007834,0.58333893,0.56127674,0.1961652,0.64300945,10.00105439,10.08788376,1,1,130.1276593,1
2858,0.46156216,0.58854964,0.55009063,0.24224187,0.66014926,10.08522248,10.11776634,1,1,355.38465929,1
2859,0.46671185,0.58378195,0.57565674,0.28739703,0.67332375,10.05813893,10.12220705,1,1,105.51555006,1
2860,0.48278254,0.55457868,0.55900493,0.25165685,0.67789457,10.33452452,10.39880927,1,1,124.66754198,1
2861,0.4910757,0.56532868,0.55041398,0.21662373,0.65701445,10.13786924,10.14887384,1,1,1220.69917517,1
2862,0.49187954,0.54986636,0.5668508,0.22333109,0.67384638,10.23309037,10.32575872,1,1,105.37111513,1
2863,0.4910927,0.55071138,0.56693858,0.18965356,0.65036959,10.20657481,10.21382261,1,1,345.69329827,1
2864,0.44693176,0.56637804,0.58150228,0.17465765,0.66721423,10.3530424,10.41360076,1,1,178.51358907,1
2865,0.47359647,0.56544654,0.59496275,0.1411645,0.68386994,10.05449601,10.15020642,1,1,146.08740288,1
2866,0.45915298,0.56106809,0.56012659,0.12141939,0.66019321,10.22031488,10.24907274,1,1,465.12647321,1
2867,0.47098828,0.53799871,0.5888776,0.088991,0.67698747,10.19666182,10.20210574,1,1,163.89601737,1
2868,0.49180019,0.55393751,0.56031565,0.06432571,0.69334207,10.31094522,10.40128712,1,1,282.32272159,1
2869,0.49608829,0.54438076,0.57545445,0.10598192,0.70399446,10.17178783,10.20744004,1,1,279.81446665,1
2870,0.49590725,0.54354095,0.57587865,0.15386201,0.67991512,10.07688161,10.12325189,1,1,127.13073725,1
2871,0.45341148,0.50408473,0.58174656,0.18187146,0.6576464,9.95856609,10.0048025,1,1,112.97028918,1
2872,0.46226849,0.51895599,0.56459593,0.14935592,0.63746488,10.25338947,10.31817029,1,1,110.0807858,1
2873,0.44229899,0.49714041,0.57615202,0.1188124,0.65471558,10.38756449,10.39327592,1,1,163.12618723,1
2874,0.46627129,0.4992153,0.55914788,0.08647605,0.66494747,9.99525449,10.08341083,1,1,1020.06440587,1
2875,0.46129106,0.51946928,0.55948402,0.07096259,0.68164839,10.09161591,10.16869092,1,1,104.27196788,1
2876,0.4609882,0.51850055,0.55926329,0.11946509,0.65801877,9.98367449,10.00194131,1,1,494.40560101,1
2877,0.45945699,0.5937167,0.56156575,0.08707579,0.6651892,10.1517856,10.24022343,1,1,101.2041109,1
2878,0.47787709,0.5712937,0.55931894,0.12770843,0.67924641,10.58242294,10.68475432,1,1,479.75368728,1
2879,0.49366606,0.58450769,0.56422831,0.15426152,0.69371229,10.24113981,10.326016,1,1,141.92365036,1
2880,0.4903123,0.57063554,0.55754486,0.12133763,0.70983783,10.39101876,10.46154006,1,1,656.22115418,1
2881,0.51365497,0.55514975,0.57675413,0.16891086,0.68564816,10.17190693,10.26868554,1,1,235.83582055,1
2882,0.50445461,0.55503959,0.56645885,0.13553265,0.66208311,10.24933498,10.27873849,1,1,234.74359055,1
2883,0.50427436,0.55752344,0.56648557,0.13277523,0.63884296,10.12908234,10.20993255,1,1,762.43369425,1
2884,0.489912,0.51833122,0.57022244,0.18011968,0.65339096,10.11208435,10.16857758,1,1,138.93206768,1
2885,0.46875634,0.51950362,0.5660838,0.21107322,0.63110791,10.53381687,10.6120088,1,1,1419.32791319,1
2886,0.46487803,0.52023767,0.54504965,0.17686474,0.60849519,10.22092319,10.25588013,1,1,109.83247921,1
2887,0.47690475,0.51896372,0.54802628,0.22062914,0.58795251,10.3235543,10.32834387,1,1,109.79264682,1
2888,0.47680648,0.51850897,0.54781786,0.18648772,0.59777595,10.22687028,10.2741756,1,1,122.83813238,1
2889,0.44775895,0.55405719,0.56549997,0.18828412,0.60996604,10.04776416,10.10430697,1,1,106.65032541,1
2890,0.45069298,0.54616194,0.56191975,0.23383937,0.58915414,10.29351827,10.38596776,1,1,842.50596381,1
2891,0.45879712,0.54517059,0.54444619,0.2750016,0.5687175,9.88071024,9.89874621,1,1,106.01401788,1
2892,0.46199437,0.54075525,0.55736891,0.31950157,0.54734376,10.45789999,10.46607833,1,1,1324.68136979,1
2893,0.49614285,0.52141156,0.55404852,0.2871,0.56639675,10.11584351,10.17827323,1,1,138.25765813,1
2894,0.48078762,0.51408681,0.56098471,0.33135746,0.5450732,10.40744106,10.50382054,1,1,123.21335357,1
2895,0.48082902,0.51542576,0.56115208,0.34402146,0.52430864,10.24679669,10.25090626,1,1,965.19822312,1
2896,0.45657076,0.54714586,0.55915706,0.38714103,0.50386776,10.19727336,10.2701869,1,1,251.93598722,1
2897,0.45536243,0.53014175,0.57193549,0.42747223,0.48399036,10.11225328,10.14108797,1,1,102.17883857,1
2898,0.45721178,0.53682192,0.57272853,0.38892282,0.46431108,10.38987003,10.45642961,1,1,490.68106169,1
2899,0.47321655,0.52765251,0.57431137,0.42355692,0.48489491,10.20292823,10.2218781,1,1,106.74866022,1
2900,0.47549335,0.51258669,0.5519745,0.46508559,0.50519701,10.61055245,10.68936084,1,1,106.50566336,1
2901,0.4754276,0.51257,0.55163564,0.50569466,0.52471391,10.17179556,10.17528915,1,1,101.57878655,1
2902,0.537403,0.53836815,0.57154984,0.54557108,0.50428476,10.48333206,10.5382449,1,1,107.15331101,1
2903,0.53491987,0.55044826,0.56403872,0.50826376,0.52419777,10.57400709,10.6655206,1,1,1147.53677447,1
2904,0.54723093,0.56138015,0.57806355,0.46814117,0.53549946,10.12694314,10.1693417,1,1,397.92426827,1
2905,0.54061822,0.55554717,0.54586458,0.49219295,0.55081603,10.12831643,10.19211298,1,1,337.40959106,1
2906,0.5435616,0.559644,0.57506914,0.45238781,0.53304233,10.02237835,10.11923953,1,1,325.83747248,1
2907,0.52529745,0.56079924,0.5620047,0.41334012,0.55238114,10.27262542,10.27435548,1,1,1223.14930343,1
2908,0.5249341,0.5612585,0.56192845,0.37507919,0.54310131,10.37531158,10.46956809,1,1,829.5491512,1
2909,0.49333958,0.55071228,0.56999503,0.3378881,0.5223064,10.0152186,10.04377545,1,1,548.95974236,1
2910,0.47861145,0.55226673,0.58919541,0.38113007,0.53723973,10.27946898,10.31539412,1,1,587.43519792,1
2911,0.4964438,0.53807804,0.56896562,0.34350759,0.55596762,10.56666535,10.67021119,1,1,175.03848685,1
2912,0.50463807,0.53344108,0.56464849,0.30663744,0.53685807,10.30563699,10.38820806,1,1,105.11149679,1
2913,0.50954441,0.55002563,0.55968168,0.27888731,0.55610473,10.38397994,10.43459178,1,1,132.30662213,1
2914,0.49695128,0.53422682,0.57064793,0.24330959,0.54357734,9.98949078,10.04192928,1,1,439.00962441,1
2915,0.49665762,0.53431737,0.57068811,0.22709224,0.52339715,10.06889569,10.16532215,1,1,123.29264185,1
2916,0.53810548,0.54487838,0.49098378,0.21938509,0.50317963,9.9504566,9.99077475,1,1,538.70832461,1
2917,0.52814231,0.5463792,0.38931532,0.26468381,0.48311604,10.18611078,10.20043896,1,1,109.45759576,1
2918,0.52339108,0.5494785,0.27292897,0.27761369,0.46345374,10.08667331,10.16933227,1,1,205.28381624,1
2919,0.51581815,0.54941926,0.21246116,0.31970303,0.48417643,10.18625113,10.26082444,1,1,1467.87370181,1
2920,0.51578602,0.54710781,0.21282002,0.36330376,0.49504531,10.26509365,10.27742134,1,1,778.8315629,1
2921,0.48444898,0.57219383,0.21868077,0.36207705,0.47580544,9.93797755,9.95460799,1,1,1319.65659207,1
2922,0.47136768,0.56201521,0.23139678,0.32484181,0.48233044,10.43437381,10.48792658,1,1,1391.75545765,1
2923,0.47118826,0.53655091,0.2323821,0.35803347,0.46283011,10.27868807,10.36504123,1,1,1427.70712737,1
2924,0.49356735,0.51704835,0.23373069,0.32336476,0.48357351,10.46508858,10.49516637,1,1,596.33301076,1
2925,0.49602316,0.5175983,0.24353287,0.28696778,0.46390305,9.90478625,9.94151685,1,1,147.20747283,1
2926,0.50151478,0.50035423,0.24358444,0.2512288,0.45727864,10.2904986,10.29387432,1,1,121.4824272,1
2927,0.50195517,0.49244967,0.24966019,0.21620423,0.43813309,10.45961977,10.46318674,1,1,106.44964911,1
2928,0.50567106,0.5041461,0.26038932,0.18188021,0.41937043,10.08008672,10.13306471,1,1,601.37462181,1
2929,0.50604853,0.50471045,0.26034734,0.14958182,0.40098302,10.21022073,10.30306784,1,1,244.54388158,1
2930,0.45293422,0.49826513,0.27223666,0.11659018,0.38548387,10.14948921,10.23567219,1,1,250.84981891,1
2931,0.46217155,0.49092302,0.27035194,0.16425835,0.40717357,10.1183181,10.18148301,1,1,193.49846846,1
2932,0.46870843,0.4925657,0.2925331,0.13155037,0.38903157,10.11041998,10.14362904,1,1,936.20054378,1
2933,0.45660636,0.47207326,0.29357767,0.09892524,0.41122094,10.35091906,10.41943685,1,1,791.51088587,1
2934,0.46961513,0.46353583,0.29849511,0.10596102,0.4329965,10.30735046,10.3795135,1,1,110.92990928,1
2935,0.46745156,0.46989653,0.31109846,0.08533418,0.41433793,10.16703582,10.24856604,1,1,608.0276281,1
2936,0.47841815,0.46367838,0.30628035,0.05364614,0.39636423,10.20080638,10.22586384,1,1,109.30645167,1
2937,0.47909012,0.46414894,0.30642493,0.10257321,0.37843695,9.99091997,10.01035628,1,1,268.59374969,1
2938,0.56665101,0.50317161,0.3158936,0.07053241,0.36091435,10.35946928,10.36735497,1,1,168.45630402,1
2939,0.5451407,0.50831179,0.31888869,0.07270274,0.34369606,10.28596996,10.36124562,1,1,129.06254927,1
2940,0.53522793,0.49590214,0.34075593,0.04446781,0.33076245,10.18840288,10.23717459,1,1,1178.61031271,1
2941,0.55200179,0.50606698,0.32944418,0.08742986,0.35412746,10.05805098,10.06722693,1,1,330.26894654,1
2942,0.54818326,0.51544189,0.33340546,0.131618,0.36978824,10.58859265,10.59893011,1,1,476.5296633,1
2943,0.53812295,0.51852523,0.35016473,0.17884445,0.35241738,10.12652941,10.1820282,1,1,247.27963345,1
2944,0.53819426,0.51879636,0.35045442,0.15118915,0.33593109,10.09341744,10.12457392,1,1,164.15928512,1
2945,0.49488274,0.50929338,0.355779,0.19639236,0.31922072,9.93178019,9.99505776,1,1,150.17861095,1
2946,0.49016019,0.50373024,0.36102501,0.24245877,0.30297165,10.14401094,10.1919124,1,1,538.32776095,1
2947,0.49582754,0.49369923,0.38327838,0.20855479,0.28701818,10.18275591,10.20877789,1,1,102.4870565,1
2948,0.51237764,0.47692147,0.3865387,0.18150611,0.31124341,10.02411412,10.11887306,1,1,117.56503991,1
2949,0.51133513,0.47781131,0.37414397,0.14787926,0.29501871,10.36273685,10.46405298,1,1,100.45912368,1
2950,0.48823854,0.47451679,0.39335607,0.18781924,0.3191182,10.250738,10.35203094,1,1,428.18895056,1
2951,0.48830319,0.4761614,0.39344566,0.15413716,0.30273592,10.03715349,10.10970168,1,1,126.27500368,1
2952,0.45874508,0.50470801,0.42270862,0.12218714,0.2867491,10.42068958,10.42414608,1,1,523.6771281,1
2953,0.46831636,0.49176595,0.41382869,0.16974339,0.31101402,10.18827329,10.19615804,1,1,819.69072417,1
2954,0.47749836,0.50339235,0.4229082,0.13771721,0.29479585,10.09753087,10.11021345,1,1,212.21540835,1
2955,0.50345748,0.48695107,0.41947275,0.18496127,0.31888654,9.96252551,10.02259129,1,1,103.12765962,1
2956,0.49021406,0.48508432,0.43603357,0.15126204,0.34200888,10.14944607,10.1944981,1,1,107.50873221,1
2957,0.49011419,0.48374714,0.43622113,0.18143374,0.36516824,10.14742505,10.16346829,1,1,287.94045762,1
2958,0.47514241,0.48341382,0.45405994,0.2270193,0.34846838,10.17425148,10.20744595,1,1,129.72800569,1
2959,0.46811101,0.48988629,0.45589339,0.19286705,0.37149784,10.40189575,10.41406333,1,1,1520.46103849,1
2960,0.46876989,0.46843046,0.46989607,0.21494913,0.38874798,10.14177578,10.20910745,1,1,652.86066144,1
2961,0.4706263,0.45834271,0.47475138,0.18065742,0.39852827,9.96626223,10.05706772,1,1,104.64318742,1
2962,0.49093391,0.457302,0.473351,0.22704364,0.42055483,10.20004996,10.29673753,1,1,487.75590278,1
2963,0.49071426,0.45896023,0.47328555,0.19250277,0.44214373,10.4252932,10.45250046,1,1,124.64721951,1
2964,0.54702765,0.49287499,0.47460014,0.23865173,0.42330508,10.32827776,10.40766196,1,1,102.38403792,1
2965,0.55877835,0.50247482,0.477035,0.20388248,0.40483898,10.19454642,10.19916951,1,1,255.07844836,1
2966,0.54818602,0.51550702,0.48696838,0.24980483,0.386743,10.36817466,10.46290074,1,1,361.56562605,1
2967,0.54334786,0.52196472,0.50100523,0.21485064,0.40897757,10.31987378,10.3577671,1,1,261.98018933,1
2968,0.56066921,0.51159916,0.48399704,0.18918666,0.39079853,10.42894261,10.44135506,1,1,104.22101958,1
2969,0.53139807,0.53340948,0.4991412,0.156398,0.4119291,10.67026919,10.68392225,1,1,1349.63684819,1
2970,0.53158019,0.53392337,0.49886334,0.15112606,0.43329765,10.35271436,10.44642456,1,1,330.04134229,1
2971,0.47991389,0.52624078,0.50246853,0.19781589,0.41587601,10.14855334,10.15797412,1,1,253.3875344,1
2972,0.50073863,0.52367857,0.52711806,0.16388283,0.43755849,10.78281829,10.82599002,1,1,660.23765994,1
2973,0.50162095,0.52506652,0.50698016,0.21060383,0.45880731,10.32942919,10.34349247,1,1,132.96340511,1
2974,0.48447846,0.49471421,0.50670376,0.25639175,0.43963463,10.10611623,10.17885571,1,1,555.07288119,1
2975,0.50842142,0.50807187,0.50233792,0.22126392,0.45106555,10.3231271,10.41455765,1,1,128.54581298,1
2976,0.51317134,0.48853177,0.52908409,0.18684592,0.47204373,10.26785781,10.36248565,1,1,114.62607346,1
2977,0.51363978,0.49415876,0.52781593,0.23310877,0.49235557,10.30848653,10.331568,1,1,110.5665199,1
2978,0.51365893,0.49473495,0.52775341,0.2783739,0.51234791,10.23893406,10.28578537,1,1,111.7105446,1
2979,0.50465162,0.50622878,0.54019415,0.31776476,0.52454218,10.01178584,10.02533625,1,1,668.0054141,1
2980,0.48746129,0.50568913,0.55087678,0.29475205,0.50405151,10.53054241,10.55387614,1,1,116.57916279,1
2981,0.50449055,0.47816279,0.52830669,0.25895846,0.52394087,10.36024898,10.44032363,1,1,134.94224861,1
2982,0.49418108,0.48574134,0.53339836,0.30377753,0.50565177,10.1399873,10.21283028,1,1,874.91742054,1
2983,0.52018047,0.47840892,0.53718354,0.26770204,0.52553381,10.23981863,10.25140764,1,1,553.20909565,1
2984,0.50965022,0.47090219,0.53005091,0.312348,0.5055171,10.29591405,10.35900284,1,1,283.98293844,1
2985,0.51005881,0.4707687,0.52971829,0.27610104,0.52264019,10.54192243,10.64009446,1,1,102.71273249,1
2986,0.56031097,0.49503517,0.55878722,0.24057902,0.54215776,10.31571946,10.32642109,1,1,139.76279897,1
2987,0.54431591,0.50238537,0.53121846,0.20576744,0.54084783,10.39370106,10.39650586,1,1,193.97213224,1
2988,0.56058144,0.51474994,0.54911873,0.25163686,0.52003142,10.39364724,10.42875664,1,1,115.69790014,1
2989,0.53769496,0.5102584,0.55282105,0.29660412,0.49963079,10.55289317,10.60397247,1,1,1459.03171419,1
2990,0.55774059,0.50457765,0.55330905,0.34061824,0.48056627,10.13460486,10.15952898,1,1,189.91784304,1
2991,0.55840716,0.50365869,0.55353704,0.36896134,0.46142661,10.21186964,10.30818265,1,1,256.54903548,1
2992,0.53718654,0.49053051,0.56663205,0.33169729,0.48219146,10.18674433,10.22650585,1,1,687.10174047,1
2993,0.54864048,0.48287111,0.56315685,0.29506334,0.50254763,10.33138236,10.35634195,1,1,199.6696668,1
2994,0.5454958,0.47565635,0.57632624,0.33891968,0.52249629,10.19403876,10.28437302,1,1,169.78277772,1
2995,0.52999777,0.46478073,0.5781443,0.38213963,0.52781045,9.97903559,10.00392559,1,1,357.00237416,1
2996,0.51588547,0.4618322,0.55145476,0.42352603,0.54122182,10.03390861,10.09968341,1,1,192.80587819,1
2997,0.53082596,0.47261097,0.54718701,0.38505551,0.56039695,10.14191841,10.24093249,1,1,148.47228017,1
2998,0.53115681,0.47265199,0.54691582,0.34735448,0.54208291,10.21899569,10.27436853,1,1,125.24068898,1
2999,0.51840291,0.44038045,0.55047506,0.31221499,0.56115831,10.15061248,10.21533211,1,1,119.49246719,1
3000,0.51493837,0.45794009,0.57578686,0.35597069,0.57993514,10.1993486,10.27438493,1,1,193.93168543,1
3001,0.4860485,0.45339037,0.56372382,0.39245504,0.55843907,10.44795981,10.49852148,1,1,148.65953244,1
3002,0.50548262,0.42690322,0.57007127,0.43460506,0.53737563,10.41015834,10.47822607,1,1,115.11372975,1
3003,0.49724214,0.44329209,0.56924443,0.39851849,0.55568687,10.21068651,10.30094293,1,1,238.00864604,1
3004,0.48478394,0.42212386,0.55668662,0.36097405,0.53458027,9.92158914,9.96016523,1,1,125.94406798,1
3005,0.48530694,0.42134399,0.55672415,0.33297873,0.55354753,9.99043213,10.01910834,1,1,287.63668269,1
3006,0.54597442,0.4658372,0.57920164,0.37631915,0.57247554,10.22254498,10.28304953,1,1,203.01360906,1
3007,0.55282722,0.48810058,0.55322029,0.44632002,0.63483491,10.34866183,10.37317686,1,1,112.64522561,0
3008,0.55402115,0.49430105,0.56213193,0.56728302,0.57821647,10.35829559,10.40847994,1,1,111.59230171,0
3009,0.5609146,0.47060515,0.547917,0.68565269,0.58429158,10.21282502,10.27868258,1,1,576.32398183,0
3010,0.56630551,0.48343772,0.54510762,0.56200755,0.6382325,10.06045832,10.10406767,1,1,102.01473371,0
3011,0.56718842,0.4834209,0.54515276,0.68040874,0.58157383,10.17719558,10.24277256,1,1,582.64449105,0
3012,0.5903346,0.54807334,0.54693695,0.79680057,0.51796655,10.42355089,10.49142127,1,1,110.72664128,0
3013,0.58494065,0.63058341,0.5376132,0.9108643,0.45558617,10.20978541,10.24984819,1,1,312.54839343,0
3014,0.55352082,0.68761712,0.5157105,1,0.39277463,9.84481783,9.85308853,1,1,135.61396707,0
3015,0.52047891,0.78723647,0.48244968,1,0.33749211,10.65672336,10.67821739,1,1,187.36548009,0
3016,0.48569323,0.83502524,0.46628736,0.92876857,0.3807826,10.02269669,10.10098619,1,1,105.40026998,0
3017,0.48573505,0.83598058,0.46642794,1,0.32782736,10.31246615,10.33095672,1,1,136.98532921,0
3018,0.45100812,0.790709,0.49369981,1,0.25783461,10.27269315,10.30403151,1,1,136.70968083,0
3019,0.45593039,0.7489969,0.48976354,1,0.18895901,10.21866642,10.28802548,1,1,112.86109015,0
3020,0.47164721,0.62728477,0.48338652,1,0.19628878,10.02690937,10.03626863,1,1,112.41444763,0
3021,0.48419606,0.5313269,0.5145219,1,0.24349964,9.98180099,10.02491667,1,1,524.73590321,0
3022,0.48849194,0.44021249,0.51122989,0.87306387,0.17349964,10.3559343,10.36419232,1,1,111.59740688,0
3023,0.51738123,0.37881397,0.50626548,0.98539994,0.22603835,10.23010655,10.28932722,1,1,142.19328905,0
3024,0.52585636,0.32969599,0.53382898,0.91024449,0.15740676,10.1791767,10.19143558,1,1,112.97237799,0
3025,0.52608535,0.33178475,0.53377918,0.78204207,0.20908572,10.10505358,10.19642698,1,1,109.47488958,0
3026,0.55358747,0.39144836,0.51618512,0.73640128,0.20317893,9.8595091,9.8785089,1,1,407.76841806,1
3027,0.55536792,0.46665219,0.49210425,0.75060497,0.18913159,10.09297178,10.15378699,1,1,137.33792007,1
3028,0.50979438,0.55440691,0.43716488,0.70588056,0.17534896,10.35310979,10.3696917,1,1,131.14789457,1
3029,0.50199557,0.62561827,0.41207999,0.74174798,0.16223463,10.06656298,10.07005742,1,1,167.29425734,1
3030,0.47930857,0.66523084,0.39712775,0.69691663,0.14898994,10.12889058,10.18438436,1,1,159.43000233,1
3031,0.47988751,0.66428689,0.39682994,0.65633283,0.13611875,10.46555029,10.5397087,1,1,1082.70175194,1
3032,0.46051162,0.68128703,0.4218386,0.69320615,0.15760641,10.07363462,10.07694462,1,1,477.00703936,1
3033,0.44734592,0.6966287,0.40980286,0.7293407,0.14445428,10.23265318,10.24701642,1,1,164.18989189,1
3034,0.45731886,0.66759208,0.4253039,0.76467617,0.13156519,10.28830823,10.34717258,1,1,117.43696362,1
3035,0.46910837,0.67381707,0.42971715,0.79938263,0.11894688,10.4031967,10.47250431,1,1,112.05112792,1
3036,0.46270816,0.65701482,0.41967943,0.75348855,0.11676877,10.11876425,10.13858308,1,1,102.64769123,1
3037,0.48123986,0.6299728,0.43376577,0.73508746,0.10444012,10.44347106,10.48847638,1,1,109.01811331,1
3038,0.47570771,0.64547979,0.41384528,0.77038571,0.09235234,9.94136947,10.00516761,1,1,129.55770596,1
3039,0.47565918,0.64420903,0.41360653,0.72505484,0.11850026,9.89477957,9.91025926,1,1,156.55534238,1
3040,0.42638617,0.6638664,0.42506281,0.68056172,0.10613025,10.18387541,10.22297892,1,1,316.73434194,1
3041,0.42777816,0.67814459,0.43459232,0.63695051,0.13366308,10.30569349,10.32187252,1,1,278.2996961,1
3042,0.43035381,0.65162266,0.43379258,0.67372258,0.120992,10.09074831,10.17926478,1,1,319.59440808,1
3043,0.43588333,0.64833968,0.44085409,0.70979295,0.14857216,10.32135591,10.32306764,1,1,109.09440958,1
3044,0.44681746,0.64659527,0.43052026,0.66559757,0.16090926,10.13133571,10.15018999,1,1,117.37528163,1
3045,0.46161873,0.63719611,0.4412522,0.70120718,0.15292919,10.01688425,10.01789769,1,1,121.96234515,1
3046,0.46059582,0.60930512,0.43517152,0.69154661,0.17987061,10.28416957,10.31890358,1,1,1445.06032239,1
3047,0.46787844,0.61712193,0.42960618,0.64774456,0.16627321,10.10477183,10.11353455,1,1,711.85236081,1
3048,0.48545075,0.58400958,0.43827184,0.61065598,0.1929477,9.8717693,9.88767079,1,1,174.65158055,1
3049,0.48561303,0.58500025,0.43820079,0.56844291,0.21891358,10.00173303,10.03080955,1,1,241.73173509,1
3050,0.45404226,0.5934346,0.463164,0.59868859,0.20453531,10.26077752,10.35574062,1,1,1086.72959598,1
3051,0.44889639,0.6026175,0.46310383,0.63671441,0.19059512,10.25610971,10.30935434,1,1,136.95410491,1
3052,0.46708236,0.59099381,0.45805182,0.59398014,0.21637616,10.33400728,10.38999271,1,1,832.29512594,1
3053,0.47217398,0.56225938,0.46627752,0.55320198,0.24189338,10.08842627,10.12852459,1,1,259.65996323,1
3054,0.46112674,0.56199422,0.45511077,0.51213798,0.26653465,9.88566632,9.88748647,1,1,124.89845408,1
3055,0.47848161,0.56009205,0.46117394,0.47504673,0.25121508,10.06266797,10.1413897,1,1,351.1546668,1
3056,0.48801576,0.54263056,0.47356365,0.43558192,0.23619078,10.58524897,10.64709202,1,1,254.33439428,1
3057,0.48814534,0.54169989,0.47369739,0.47683226,0.22146696,10.2075959,10.29091517,1,1,287.88066889,1
3058,0.49401206,0.57534095,0.48684634,0.51644,0.21246376,10.24992263,10.29307438,1,1,819.22937301,1
3059,0.5051836,0.57933348,0.49942577,0.48892523,0.23821417,10.00801686,10.05753053,1,1,304.82642094,1
3060,0.51158591,0.56013333,0.50219269,0.52130403,0.26344974,9.98466103,10.08345339,1,1,839.1935538,1
3061,0.51611781,0.56256086,0.50939235,0.52469091,0.25061935,10.15067463,10.17981321,1,1,329.29099805,1
3062,0.51800088,0.56225801,0.50270724,0.48472217,0.27552069,9.74437878,9.79941228,1,1,101.30494424,1
3063,0.51839087,0.56286124,0.50276254,0.5250277,0.28509266,10.16697252,10.19653466,1,1,320.71674388,1
3064,0.50284333,0.56266136,0.52486869,0.48454417,0.26939154,10.18535263,10.21927975,1,1,263.5123675,1
3065,0.51170301,0.56818022,0.51460023,0.52472276,0.25404048,10.98454954,11.05719265,1,1,444.09646875,1
3066,0.51310243,0.55915132,0.50438088,0.56417746,0.23895967,10.39153471,10.44167227,1,1,408.25025069,1
3067,0.49551825,0.53870567,0.5120071,0.52289585,0.22958933,10.20166212,10.23442238,1,1,740.37554426,1
3068,0.52406533,0.55177156,0.5159993,0.51829306,0.21499765,10.31438316,10.40181749,1,1,322.63392858,1
3069,0.52426433,0.55212102,0.51590984,0.5080015,0.23989299,10.30447309,10.38355072,1,1,133.29140898,1
3070,0.59860499,0.56541275,0.53599273,0.54716474,0.22510206,10.53083122,10.53465463,1,1,195.21861754,1
3071,0.5855172,0.56472818,0.53884794,0.58622144,0.21060002,10.43927677,10.54267448,1,1,511.17843265,1
3072,0.56367169,0.57473367,0.53355205,0.60064818,0.2362385,10.44105055,10.52106899,1,1,191.75134694,1
3073,0.55972844,0.57368586,0.53744312,0.59034888,0.24537197,10.26522956,10.29988025,1,1,178.61984435,1
3074,0.55303382,0.60508521,0.5323525,0.54869223,0.27046346,10.15108882,10.16376394,1,1,877.960982,1
3075,0.55358875,0.60648661,0.53241427,0.50771883,0.29395854,10.2908146,10.36646468,1,1,316.0501291,1
3076,0.55221989,0.58268197,0.54689301,0.54696087,0.31807396,10.43164312,10.52635964,1,1,148.70087876,1
3077,0.52050137,0.57616686,0.53767268,0.50602168,0.30269535,9.89010817,9.93274137,1,1,547.69386874,1
3078,0.53392785,0.56689537,0.53826297,0.54590116,0.29296722,10.20149499,10.24599784,1,1,280.96751348,1
3079,0.53001369,0.58177984,0.53171045,0.58498193,0.27710788,10.14794008,10.20598292,1,1,655.92040845,1
3080,0.51310971,0.57745959,0.53558489,0.62328112,0.26157252,10.22841944,10.32648185,1,1,115.12128543,1
3081,0.51375576,0.58089245,0.55396392,0.64031959,0.28627824,10.19189892,10.23823899,1,1,530.62800253,1
3082,0.50871686,0.55165224,0.53692121,0.65008517,0.31055266,9.89454743,9.89750974,1,1,196.94763682,1
3083,0.50806833,0.552841,0.53729485,0.68708327,0.29434161,10.23360994,10.23803138,1,1,104.76372477,1
3084,0.46949287,0.54246797,0.55960567,0.64334535,0.30057945,10.20997073,10.25245384,1,1,470.41554206,1
3085,0.47638774,0.5324603,0.55931331,0.60059657,0.32456671,9.94557697,9.94564197,1,1,139.62056427,1
3086,0.45986179,0.52475995,0.54661541,0.55897408,0.30807538,10.53292018,10.54155805,1,1,251.35622057,1
3087,0.47323036,0.50980018,0.55469548,0.51782797,0.33188557,9.8675805,9.93509489,1,1,124.97424262,1
3088,0.47904126,0.51016144,0.55134836,0.47747144,0.31524786,10.29818426,10.38833143,1,1,105.21263503,1
3089,0.47883894,0.50971443,0.55108203,0.43792725,0.29895272,10.18061253,10.23848472,1,1,569.42288999,1
3090,0.53155132,0.5354809,0.57492583,0.4791687,0.28664981,10.16996692,10.24904943,1,1,697.88487905,1
3091,0.52227271,0.55086497,0.5677397,0.51957354,0.27091696,10.34317872,10.44215164,1,1,120.20175366,1
3092,0.54252581,0.57214989,0.56822493,0.55881314,0.25579586,10.03132577,10.05407883,1,1,193.97029923,1
3093,0.53868826,0.56553493,0.54588564,0.59758868,0.28067737,10.19752617,10.2836094,1,1,262.68553889,1
3094,0.52341074,0.56263861,0.56483761,0.63553923,0.30500692,9.89697404,9.98685762,1,1,238.16927106,1
3095,0.53653365,0.5822078,0.55603727,0.67231532,0.29011555,10.26125624,10.27434532,1,1,150.19587587,1
3096,0.52897519,0.57519057,0.54305499,0.62886901,0.31431322,9.90714665,9.94046155,1,1,264.13749372,1
3097,0.52946251,0.57482961,0.54287876,0.58629163,0.2980271,10.08131564,10.08283346,1,1,122.00944754,1
3098,0.50028541,0.57013014,0.54424347,0.6245658,0.28361054,10.19500259,10.26380949,1,1,131.33340214,1
3099,0.5141556,0.56326317,0.55714971,0.58207452,0.27226991,10.42261098,10.48753024,1,1,1133.99541031,1
3100,0.49999546,0.55904521,0.55114032,0.62014925,0.29672892,9.95539956,10.04905296,1,1,367.06821281,1
3101,0.49799813,0.56202557,0.54113675,0.65774561,0.2842823,10.01572401,10.06081346,1,1,118.15921108,1
3102,0.48425899,0.53877296,0.53522204,0.69459063,0.30859663,10.28930045,10.35719872,1,1,137.74692973,1
3103,0.48931657,0.5503788,0.55600134,0.65070273,0.29249534,10.04474335,10.07441605,1,1,185.17160153,1
3104,0.48998509,0.54873558,0.55620541,0.68702795,0.27719005,10.12512805,10.19923052,1,1,100.21525698,1
3105,0.45540999,0.57848478,0.56276019,0.72328274,0.28489359,10.25708912,10.32358292,1,1,712.15046662,1
3106,0.47010328,0.57140203,0.57513305,0.67882453,0.26919574,10.30192931,10.3645826,1,1,246.04208186,1
3107,0.47967117,0.55349584,0.54766277,0.70370712,0.2932791,10.08440449,10.10761278,1,1,252.38137006,1
3108,0.47879103,0.54301734,0.55428026,0.73963298,0.31733239,10.06069354,10.12892943,1,1,185.36359658,1
3109,0.4763842,0.54075035,0.56628039,0.77484031,0.30098574,10.13831092,10.15675342,1,1,116.00654988,1
3110,0.47598642,0.54078221,0.56589795,0.72934924,0.32484629,10.35998021,10.37147188,1,1,111.63443975,1
3111,0.46881704,0.60005744,0.576261,0.76474843,0.34834885,10.17454613,10.20392209,1,1,361.80917696,1
3112,0.46094841,0.57263319,0.57818467,0.72022845,0.37137954,10.13331993,10.15504564,1,1,385.31670608,1
3113,0.47690319,0.57390909,0.55087907,0.75546779,0.3576561,10.30627911,10.31434473,1,1,242.27509432,1
3114,0.50163594,0.55946731,0.56056528,0.78952984,0.34050298,10.34214951,10.42206913,1,1,246.55604634,1
3115,0.50890688,0.5465983,0.53356327,0.82373917,0.3556953,10.16369271,10.19180445,1,1,138.47040351,1
3116,0.5089042,0.5438961,0.53370288,0.85726438,0.34264768,10.113536,10.17315046,1,1,118.68397275,1
3117,0.49145306,0.47380288,0.56012909,0.81011964,0.32581121,9.94041744,9.98485999,1,1,191.88500425,1
3118,0.50985456,0.49240726,0.54960672,0.76396612,0.30929866,10.53524429,10.62245766,1,1,253.49641731,1
3119,0.49119326,0.50416065,0.54837774,0.71869576,0.29398156,10.51744187,10.56131673,1,1,754.85286758,1
3120,0.4746097,0.50994044,0.54716625,0.67476337,0.27984947,10.26534985,10.35094182,1,1,107.27124445,1
3121,0.47709735,0.50570081,0.53551733,0.63126963,0.29957594,10.39019174,10.4344749,1,1,124.26706885,1
3122,0.47660875,0.50747588,0.53560186,0.58864424,0.32358442,10.2852895,10.3174778,1,1,105.87134295,1
3123,0.43549647,0.52361177,0.55121664,0.54705723,0.3469624,10.15699291,10.17232703,1,1,103.51518766,1
3124,0.44057766,0.52307952,0.55280418,0.50699103,0.34384507,10.26662421,10.32948629,1,1,433.66255593,1
3125,0.44830244,0.50951213,0.54959279,0.54685093,0.35986108,10.42698238,10.52815717,1,1,734.58169042,1
3126,0.45636769,0.49321244,0.56204962,0.50591391,0.38207618,10.34535874,10.37707543,1,1,110.96629966,1
3127,0.46001538,0.50218496,0.56126676,0.54579543,0.36915877,10.3106874,10.39703309,1,1,751.53842902,1
3128,0.48776104,0.48530663,0.54710419,0.50487969,0.3917755,10.4195011,10.48032978,1,1,135.99461893,1
3129,0.48852602,0.48534862,0.54731213,0.46478225,0.38658525,10.17263585,10.22438385,1,1,531.85284698,1
3130,0.53509413,0.53525118,0.56340965,0.50548487,0.39617828,10.40061489,10.40610587,1,1,1203.00407577,1
3131,0.5404357,0.54005075,0.54585651,0.54097956,0.38344462,10.61702296,10.69053795,1,1,728.73732637,1
3132,0.55857749,0.53041218,0.53924956,0.58012885,0.40247512,10.31019944,10.31064277,1,1,100.45981753,1
3133,0.54483692,0.54691099,0.5524769,0.53852636,0.41477887,10.44774511,10.54571776,1,1,937.98505225,1
3134,0.54422812,0.54833414,0.54612403,0.49777706,0.3967379,10.28049929,10.31467886,1,1,102.64282921,1
3135,0.54453231,0.54842008,0.54595764,0.45789048,0.41879554,10.21615306,10.29568437,1,1,455.60932359,1
3136,0.6152966,0.51918313,0.55521641,0.4187487,0.40042048,9.90543599,9.94812015,1,1,108.03858005,1
3137,0.5962635,0.51853919,0.56767492,0.46037341,0.42014081,10.31367401,10.39823316,1,1,124.95051157,1
3138,0.56797882,0.5462753,0.56670413,0.42116695,0.44172529,10.36553789,10.46249337,1,1,1496.41164419,1
3139,0.58004624,0.54622552,0.56213215,0.4409475,0.42289088,10.11494822,10.17636579,1,1,132.3711205,1
3140,0.54641878,0.5454598,0.54833925,0.41480904,0.44443295,10.29934049,10.32675805,1,1,365.38080383,1
3141,0.5466711,0.54463497,0.54828126,0.45640906,0.42554429,10.22338232,10.24280728,1,1,338.82497778,1
3142,0.55089453,0.52182917,0.55778782,0.48687133,0.4470334,10.18930062,10.19577141,1,1,874.50637873,1
3143,0.55791117,0.51228129,0.56934535,0.5271339,0.42809299,10.19563599,10.24212748,1,1,276.18282678,1
3144,0.53773203,0.53664987,0.54764176,0.48663464,0.40953146,10.28093258,10.34482524,1,1,106.98570006,1
3145,0.53766243,0.53544748,0.55624519,0.52688985,0.39134328,10.32934181,10.35003862,1,1,228.8838876,1
3146,0.53587138,0.53783036,0.56152747,0.52387505,0.37351643,10.16401458,10.20846655,1,1,342.69185058,1
3147,0.52161749,0.54898847,0.56071551,0.48340597,0.39555998,10.2991234,10.34939266,1,1,287.08980413,1
3148,0.52143332,0.54918778,0.56068865,0.52371328,0.40272475,10.25726122,10.34619715,1,1,100.9859772,1
3149,0.47106905,0.53777504,0.58026697,0.56195386,0.42466995,10.0225203,10.06861268,1,1,1136.09558119,1
3150,0.47984659,0.51413938,0.56106861,0.52163351,0.41422918,10.16096409,10.25545901,1,1,105.2258107,1
3151,0.47819079,0.51449095,0.55779375,0.55424963,0.4359446,10.3050786,10.36502441,1,1,245.47958191,1
3152,0.47296106,0.50373525,0.56976174,0.59316454,0.41722571,10.39424871,10.40352099,1,1,453.13154939,1
3153,0.49090101,0.49725729,0.55934683,0.63130048,0.43888115,9.97862236,10.01040445,1,1,1311.93885855,1
3154,0.48304986,0.4931618,0.57964122,0.66825507,0.4599566,10.25348919,10.28054372,1,1,107.94437986,1
3155,0.4833214,0.4911597,0.57958932,0.62490093,0.48075739,9.95157198,9.95969925,1,1,878.32071728,1
3156,0.54018053,0.54731509,0.58654465,0.66240048,0.49284211,9.98918027,10.0398397,1,1,195.59314306,1
3157,0.55631643,0.56474997,0.58896557,0.66496134,0.51239062,10.14687995,10.21090776,1,1,116.188173,1
3158,0.55315741,0.54179348,0.54610061,0.62841419,0.49214286,10.41333777,10.51001305,1,1,1123.77703192,1
3159,0.54333949,0.5684404,0.54376551,0.58600065,0.49811217,10.11905312,10.13336803,1,1,647.05500086,1
3160,0.5503585,0.5508563,0.55256438,0.61284794,0.51814987,10.37543351,10.44283635,1,1,121.95032602,1
3161,0.55006827,0.55295253,0.55230631,0.57059222,0.50003058,10.0814568,10.10816931,1,1,994.95302968,1
3162,0.55053472,0.51605066,0.57755034,0.60906891,0.48003288,10.31191424,10.37712383,1,1,120.89759238,1
3163,0.53931724,0.52612448,0.5539978,0.64666438,0.5004127,10.35505234,10.39455848,1,1,178.80084187,1
3164,0.52540714,0.53878797,0.5507511,0.68338249,0.48063333,10.3716364,10.44183832,1,1,141.37616788,1
3165,0.50937657,0.51023109,0.56174294,0.64316372,0.4816216,10.27121415,10.33811931,1,1,105.433459,1
3166,0.52199787,0.51005339,0.57059909,0.60030045,0.49947121,10.41016541,10.46301376,1,1,102.76816189,1
3167,0.51734056,0.52195449,0.55061083,0.63826528,0.47986201,10.22467856,10.23258156,1,1,191.54890944,1
3168,0.51736355,0.52278158,0.55076345,0.59823397,0.50026468,10.30854849,10.34494284,1,1,121.67240694,1
3169,0.48287796,0.52145899,0.5746329,0.57881432,0.52022786,10.40009685,10.43761731,1,1,561.26437785,1
3170,0.4890829,0.51579341,0.57633478,0.61719516,0.53981963,10.02953521,10.08907715,1,1,113.67276691,1
3171,0.4958012,0.48842599,0.55672822,0.65484803,0.54334902,10.40110932,10.43341366,1,1,293.61272017,1
3172,0.48678063,0.48265418,0.55410518,0.61175107,0.5292129,10.13763279,10.228212,1,1,101.82855401,1
3173,0.48263416,0.48389182,0.57307136,0.64905265,0.53557878,10.25765319,10.34534884,1,1,402.61111215,1
3174,0.48107804,0.48430952,0.55885675,0.6659486,0.55203162,10.16266181,10.20465048,1,1,108.51713109,1
3175,0.48135689,0.48517523,0.55922367,0.68321007,0.53231219,10.09282577,10.12543163,1,1,132.81421502,1
3176,0.43116861,0.49679459,0.58755057,0.66941153,0.55166595,10.16529666,10.19367928,1,1,148.10119765,1
3177,0.44384469,0.5065512,0.56344958,0.65690997,0.57062932,10.23772267,10.33648835,1,1,144.00922132,1
3178,0.44288324,0.47704179,0.56244749,0.61534054,0.58921181,10.04991405,10.05092745,1,1,429.76821569,1
3179,0.46034669,0.47153884,0.56765706,0.57324645,0.60712771,10.15993637,10.18902508,1,1,107.31529884,1
3180,0.47119168,0.46691954,0.57383476,0.61152382,0.58498516,10.5326958,10.55222684,1,1,206.42189344,1
3181,0.46900365,0.44697415,0.57528094,0.64929178,0.56374297,9.9745713,9.99344387,1,1,817.90340157,1
3182,0.46530843,0.44119212,0.57502914,0.60630601,0.54246818,10.28851144,10.29397543,1,1,181.74995827,1
3183,0.49321698,0.43653287,0.5745714,0.64415455,0.5216983,10.39219911,10.45118333,1,1,103.70325055,1
3184,0.49379961,0.43626614,0.57466401,0.68127138,0.54126432,10.11930813,10.14475045,1,1,197.85176909,1
3185,0.56254205,0.46542564,0.59667468,0.63767172,0.55381264,10.32857675,10.41217618,1,1,321.77130996,1
3186,0.56004959,0.45778665,0.60076323,0.59491855,0.57273637,10.49900185,10.59135268,1,1,212.09022233,1
3187,0.54789241,0.48387666,0.58624817,0.63301377,0.59128163,10.59106381,10.61300765,1,1,103.87470083,1
3188,0.54780975,0.48342835,0.57073934,0.59035461,0.56960575,10.68717021,10.75021057,1,1,129.28106181,1
3189,0.56496616,0.49579019,0.58809994,0.54869937,0.58820781,10.37797108,10.38617188,1,1,543.61569108,1
3190,0.55221533,0.49010877,0.56964942,0.50788278,0.60643999,10.10834259,10.16556563,1,1,1505.06827109,1
3191,0.55147662,0.49206438,0.56968122,0.54771488,0.58431149,10.20591538,10.21689034,1,1,141.50720657,1
3192,0.52420316,0.48651866,0.58014634,0.50688976,0.56320675,10.30499335,10.35495005,1,1,110.22053859,1
3193,0.50822332,0.47347371,0.58109705,0.46675311,0.54194421,9.96891749,9.97913081,1,1,400.61322762,1
3194,0.52020659,0.45721474,0.59116224,0.50711693,0.56010526,10.12798738,10.1385222,1,1,133.89870088,1
3195,0.5262631,0.45597591,0.5827198,0.46703409,0.53890365,10.28522202,10.35582999,1,1,169.99209753,1
3196,0.51574919,0.45363858,0.5797681,0.42910346,0.5491092,10.31386315,10.38168094,1,1,715.1142478,1
3197,0.50888707,0.44340379,0.56232197,0.47052123,0.52872246,10.31149335,10.35144053,1,1,964.76564537,1
3198,0.50095112,0.43135828,0.56774127,0.5111108,0.50816237,10.30872948,10.3988819,1,1,120.33843684,1
3199,0.50142443,0.4307411,0.56793269,0.55088858,0.48822176,10.02773666,10.05695556,1,1,327.46947502,1
3200,0.46662077,0.45118102,0.59512256,0.51019893,0.49550408,10.26846812,10.34899779,1,1,101.37779406,1
3201,0.47110669,0.43410128,0.57017599,0.47819656,0.47610581,10.20916287,10.21184668,1,1,324.61085409,1
3202,0.48345502,0.41601272,0.57515555,0.43864893,0.49651358,10.0848368,10.12186304,1,1,364.33634198,1
3203,0.48666804,0.41663357,0.58431758,0.39988188,0.5108973,10.08878804,10.10944163,1,1,896.30980134,1
3204,0.47491689,0.39733458,0.58628468,0.44188424,0.53047181,10.23050124,10.24279511,1,1,169.72130063,1
3205,0.4975704,0.41077693,0.55497988,0.48086351,0.51079767,10.09653187,10.18805534,1,1,174.83296207,1
3206,0.49750204,0.41157477,0.55496023,0.50768867,0.49061871,9.99914759,10.00246694,1,1,202.84096726,1
3207,0.47350142,0.41462786,0.56853457,0.46776621,0.47087407,10.20434721,10.26598159,1,1,234.25214464,1
3208,0.47450582,0.40004522,0.57224786,0.42841509,0.49145659,10.28205353,10.37059703,1,1,109.73359122,1
3209,0.49204929,0.40689546,0.54028745,0.38985157,0.51162583,10.41278718,10.46274852,1,1,497.49747442,1
3210,0.47522908,0.3933084,0.55765095,0.43204859,0.52410237,10.18096442,10.25618903,1,1,428.36706954,1
3211,0.48170061,0.38017403,0.55277647,0.47340761,0.50362125,10.13126895,10.23012207,1,1,224.7524977,1
3212,0.48148506,0.37991698,0.55277949,0.46900215,0.48355082,10.21618374,10.22215227,1,1,170.3093429,1
3213,0.54669627,0.42986115,0.57766112,0.42962211,0.5038798,10.39004617,10.41387709,1,1,154.80414618,1
3214,0.5472286,0.43974554,0.56674374,0.44867638,0.48461894,10.01054032,10.089519,1,1,636.19242918,1
3215,0.53650701,0.44163971,0.56607781,0.41794896,0.46679086,10.51257369,10.56363202,1,1,123.94482186,1
3216,0.55660273,0.43888616,0.56653549,0.45953365,0.48705814,9.98018928,10.01159517,1,1,105.93669676,1
3217,0.55153117,0.44669508,0.57625935,0.50034265,0.50508558,10.25013039,10.27656966,1,1,122.25851667,1
3218,0.54988331,0.45056661,0.5598917,0.50031816,0.52497392,10.19031912,10.24196647,1,1,108.58905186,1
3219,0.54950178,0.44969336,0.5596863,0.54027023,0.50447448,9.95156124,10.01202296,1,1,527.22653631,1
3220,0.60097722,0.42482915,0.57726349,0.57946481,0.5243356,9.94082701,9.99581795,1,1,213.45982427,1
3221,0.58784822,0.42735679,0.57452698,0.53821929,0.54384889,10.1943181,10.29240629,1,1,126.92969028,1
3222,0.56942616,0.44734656,0.58103932,0.57745475,0.5629305,10.51846638,10.59791488,1,1,914.22369721,1
3223,0.56580158,0.44145968,0.56185773,0.61585187,0.58167177,10.43918547,10.53206409,1,1,161.2858976,1
3224,0.55376721,0.46453077,0.57293909,0.73353478,0.63934679,10.65777431,10.72509286,1,1,226.9426381,0
3225,0.54295112,0.47102923,0.57652389,0.84886123,0.66225011,10.20308261,10.23008858,1,1,102.92148908,0
3226,0.54241332,0.4706949,0.57654281,0.96178945,0.70938112,9.73821551,9.74057842,1,1,943.71834579,0
3227,0.51251314,0.4664141,0.38421786,1,0.76010114,10.16222492,10.18673354,1,1,123.48781852,0
3228,0.44207725,0.48861511,0.16993199,0.87060609,0.74088373,10.28889345,10.38849129,1,1,280.50815676,0
3229,0.35343653,0.5337972,0.95390922,0.7513033,0.67347171,10.19463052,10.24665499,1,1,132.67943051,0
3230,0.29388096,0.56751606,0.80660033,0.74050465,0.67886112,10.22854146,10.32544679,1,1,917.31781214,0
3231,0.2939783,0.56788646,0.80671043,0.8556945,0.61459163,10.01704026,10.10764386,1,1,1059.40166475,0
3232,0.3988658,0.68626441,0.69343449,0.81903902,0.54747775,10.20410894,10.25597677,1,1,187.37324358,0
3233,0.49047385,0.65337243,0.58076072,0.70396843,0.60082891,9.88352574,9.8916108,1,1,232.17415949,0
3234,0.62333463,0.64441061,0.38787952,0.8198886,0.55302312,10.01081514,10.06386399,1,1,110.7978919,0
3235,0.70982157,0.64360874,0.25562775,0.92995141,0.60662268,10.45294828,10.47597794,1,1,255.66895727,0
3236,0.76292694,0.64875474,0.160213,1,0.57401364,10.2071728,10.23933749,1,1,153.73623123,0
3237,0.76260682,0.64785972,0.16042414,1,0.504015,9.88185744,9.97213977,1,1,1298.44994213,0
3238,0.66488214,0.55925512,0.25800478,0.87011267,0.55401498,10.24303573,10.33727921,1,1,133.60550556,0
3239,0.61033321,0.52830228,0.34315864,0.98240111,0.60652527,10.08393175,10.16228436,1,1,111.98842834,0
3240,0.51353757,0.47797389,0.45426326,0.85276524,0.65687715,10.06752754,10.11297653,1,1,233.01027306,0
3241,0.43035004,0.4140246,0.57670373,0.96570911,0.69193714,10.13947433,10.14792181,1,1,107.12583124,0
3242,0.3745575,0.37640161,0.65785284,1,0.62262342,9.90806176,10.00381529,1,1,863.25357705,0
3243,0.32969789,0.34922891,0.7390978,1,0.59839712,10.28782302,10.36556096,1,1,1108.48431755,0
3244,0.33001632,0.35078591,0.73876291,1,0.64839712,10.15941871,10.22541255,1,1,116.04592661,0
3245,0.41848995,0.45952052,0.67269609,1,0.6983971,10.29412542,10.35496033,1,1,229.10689431,0
3246,0.47047338,0.51904675,0.59859589,0.87112258,0.65662407,9.97241343,9.97320907,1,1,343.07927773,0
3247,0.50030629,0.57298992,0.50343528,0.8237004,0.6734783,10.20555619,10.25542338,1,1,155.85796978,1
3248,0.56414297,0.65217673,0.40599337,0.77723534,0.67554656,9.96386777,10.01168447,1,1,113.04014032,1
3249,0.59840132,0.71003935,0.35049887,0.81166612,0.692019,10.39420622,10.49060383,1,1,178.33761864,1
3250,0.61334839,0.76444018,0.28836562,0.81877594,0.70817862,9.83842484,9.85781554,1,1,102.05307534,1
3251,0.61294486,0.76810924,0.28860538,0.77240046,0.72393548,10.18115861,10.27527753,1,1,668.22794826,1
3252,0.56431988,0.74890932,0.30701563,0.72696511,0.69971347,10.15136215,10.19056025,1,1,791.72805111,1
3253,0.58123954,0.72256482,0.30196061,0.7624258,0.67572407,10.06876902,10.14201484,1,1,114.93903005,1
3254,0.55048245,0.73234264,0.3021207,0.79717701,0.69218931,10.1913166,10.26298276,1,1,1469.98479549,1
3255,0.57184439,0.7156113,0.31510554,0.75133031,0.66843076,10.48877135,10.51593027,1,1,132.38406301,1
3256,0.56050125,0.69641136,0.31560197,0.73336638,0.67990036,10.00140289,10.07524602,1,1,482.49511219,1
3257,0.5528299,0.71955589,0.31850551,0.76869905,0.69611378,9.99518246,10.06950937,1,1,1435.55523464,1
3258,0.54595541,0.69486317,0.32466812,0.76456148,0.6722102,10.34031681,10.34414065,1,1,269.27528786,1
3259,0.54086145,0.69592483,0.32891251,0.77480469,0.67511245,10.27817754,10.34227281,1,1,687.83681041,1
3260,0.54095989,0.68119335,0.32284974,0.72930954,0.6699218,9.99586654,10.06291122,1,1,104.07648993,1
3261,0.54091661,0.68356535,0.32281361,0.6886336,0.64652678,9.95124647,9.96227354,1,1,112.95108681,1
3262,0.50342122,0.66108708,0.33962502,0.65441655,0.66358748,9.85092259,9.94545127,1,1,199.88194303,1
3263,0.51676443,0.64693585,0.34645758,0.62917718,0.68031388,10.16098625,10.19265171,1,1,139.62473971,1
3264,0.49638425,0.64321035,0.33710745,0.58938411,0.65850808,10.2314016,10.32380136,1,1,164.62179503,1
3265,0.49419295,0.67054858,0.35887073,0.61286823,0.67475611,10.06881111,10.15991628,1,1,407.9152293,1
3266,0.50314119,0.63386564,0.36630115,0.65036334,0.69124133,10.20095826,10.28344338,1,1,107.36487018,1
3267,0.48954423,0.65973216,0.35939874,0.68540487,0.66817185,10.12628657,10.17173885,1,1,183.21703696,1
3268,0.4876084,0.63009891,0.35967027,0.72169633,0.64812969,10.11710926,10.18069895,1,1,143.29045776,1
3269,0.48737155,0.6320375,0.36008719,0.7572624,0.62516811,10.20606149,10.2517429,1,1,187.01069073,1
3270,0.46119376,0.67072439,0.39622376,0.71212072,0.60266475,10.1650046,10.24260325,1,1,601.44975761,1
3271,0.46049956,0.67713854,0.40890772,0.71358414,0.58169323,10.03807767,10.06480924,1,1,147.66555881,1
3272,0.46694964,0.66120151,0.42592187,0.67006723,0.60005937,10.24636502,10.32163502,1,1,833.56642382,1
3273,0.48958428,0.62796974,0.43341722,0.68569193,0.57853205,10.345141,10.43828197,1,1,251.00051845,1
3274,0.48320331,0.61777672,0.44100046,0.72197704,0.55823583,10.73881866,10.74713191,1,1,596.69610175,1
3275,0.48333986,0.61548585,0.44114156,0.67756571,0.57705655,10.01049338,10.06127618,1,1,699.63593903,1
3276,0.46889919,0.66398406,0.4627598,0.71027073,0.57877411,10.19172715,10.27387153,1,1,181.49522985,1
3277,0.46254559,0.65558131,0.45636565,0.74123638,0.55719863,9.91648801,9.9603987,1,1,477.20845456,1
3278,0.49202447,0.65831478,0.47491371,0.69648099,0.57567596,9.78653353,9.80848143,1,1,378.99673323,1
3279,0.49980959,0.62770249,0.47739336,0.73244863,0.5542211,10.19827837,10.24003137,1,1,155.68518791,1
3280,0.50592635,0.64496451,0.4663837,0.71465516,0.5649382,10.59221427,10.6710414,1,1,408.1524679,1
3281,0.50554528,0.64377772,0.46664973,0.75035354,0.54368522,9.99171743,10.01670855,1,1,112.6572754,1
3282,0.46781074,0.63837598,0.47882194,0.76088137,0.56280881,10.30064129,10.36141917,1,1,598.27316309,1
3283,0.48296453,0.63757993,0.48730709,0.79508287,0.58023748,10.27194773,10.27239039,1,1,797.96799226,1
3284,0.47381718,0.62768193,0.47453591,0.7502218,0.59863273,10.23983013,10.28832018,1,1,185.32725111,1
3285,0.48078276,0.61481546,0.47894421,0.71546889,0.57666015,10.44984814,10.45629142,1,1,156.34886783,1
3286,0.47330557,0.62293165,0.47603607,0.6713534,0.5950926,10.09941036,10.16650005,1,1,179.93633224,1
3287,0.47539333,0.62182749,0.47490184,0.63358779,0.57319076,10.2675825,10.36207141,1,1,132.43857091,1
3288,0.48351802,0.58254238,0.48796391,0.59091647,0.59054994,9.77743466,9.85776139,1,1,995.54638214,1
3289,0.47776537,0.58888708,0.49691468,0.62909814,0.60873274,10.31231804,10.36699427,1,1,192.76369151,1
3290,0.49003468,0.57941736,0.48940973,0.58672948,0.62652412,10.35889265,10.36502085,1,1,182.50216192,1
3291,0.4985593,0.56574343,0.48966081,0.5636155,0.6418157,10.18274994,10.28133142,1,1,560.04181966,1
3292,0.49923696,0.56565022,0.4898004,0.52241255,0.62165788,10.03419649,10.05322019,1,1,325.68036343,1
3293,0.47534484,0.56372608,0.49928274,0.48196432,0.60208122,10.25961269,10.35391167,1,1,228.61798218,1
3294,0.46045985,0.57746644,0.5088011,0.44232777,0.62003935,10.07847606,10.16962568,1,1,382.92230622,1
3295,0.48334986,0.55221853,0.51594587,0.40348121,0.63763797,10.21750978,10.28044516,1,1,285.26379675,1
3296,0.47489025,0.55644898,0.51049898,0.44534324,0.61494001,10.22662971,10.28996488,1,1,146.0558698,1
3297,0.49010777,0.53481247,0.51069084,0.48618043,0.59265399,10.16090307,10.22447996,1,1,108.57273907,1
3298,0.4896317,0.53714536,0.51090802,0.44645739,0.57080096,10.02173417,10.03104608,1,1,500.64558384,1
3299,0.48543551,0.5711354,0.52962971,0.48646439,0.58938445,10.23420795,10.30101015,1,1,331.65976853,1
3300,0.46879236,0.53699167,0.51818405,0.45693088,0.60759102,10.19574233,10.20387932,1,1,236.73057289,1
3301,0.47342077,0.54151644,0.51017659,0.42106485,0.5854392,10.26087953,10.31008523,1,1,126.34945216,1
3302,0.4982933,0.53956206,0.51749105,0.4626434,0.60373036,10.12878489,10.16858833,1,1,101.65980486,1
3303,0.50426111,0.51989535,0.530889,0.44101915,0.58165675,10.23610225,10.31110413,1,1,148.37395598,1
3304,0.49701002,0.52036374,0.51988973,0.48219876,0.60001396,10.51417466,10.52110638,1,1,113.82870897,1
3305,0.49689343,0.5208846,0.52013994,0.52255478,0.61787913,10.07895835,10.09310558,1,1,1315.32979779,1
3306,0.54667321,0.56396355,0.53911422,0.48210397,0.61872446,9.96118272,9.97066845,1,1,109.70655984,1
3307,0.55703966,0.55928928,0.52350711,0.52150778,0.63634558,10.11121504,10.14731413,1,1,166.5508709,1
3308,0.55802159,0.56179671,0.52115633,0.56107751,0.65361587,10.43428922,10.50437825,1,1,135.87840056,1
3309,0.54555127,0.57179874,0.5273125,0.51985599,0.63054356,10.21777405,10.3057295,1,1,796.88289409,1
3310,0.53042174,0.57423134,0.51702469,0.55929269,0.64793269,10.19290413,10.29180411,1,1,139.29423026,1
3311,0.53402775,0.58957428,0.5347371,0.51813435,0.66497307,10.37170096,10.42475145,1,1,255.23372095,1
3312,0.53459572,0.5911474,0.53452654,0.55775117,0.64227138,10.26108365,10.33927164,1,1,615.25024417,1
3313,0.50563001,0.57246459,0.5477825,0.52286551,0.65941773,9.84953514,9.88427272,1,1,263.9017175,1
3314,0.50612895,0.56067793,0.54509599,0.4824082,0.63627556,10.00536717,10.03516838,1,1,109.40906904,1
3315,0.48460673,0.54372297,0.53883066,0.4428591,0.61445426,10.1573007,10.16045823,1,1,254.59344587,1
3316,0.48304171,0.54534875,0.52978337,0.40409849,0.63216433,9.98428212,10.04196653,1,1,217.11208653,1
3317,0.48763943,0.55418931,0.55599185,0.44591204,0.6095232,10.18428056,10.23072865,1,1,106.59461046,1
3318,0.48280921,0.54291325,0.55252369,0.42587287,0.61424917,10.67378084,10.741153,1,1,176.13708816,1
3319,0.48242392,0.54188726,0.55270163,0.46731749,0.63196288,10.1261656,10.15414215,1,1,137.04337459,1
3320,0.4432739,0.559389,0.57747571,0.50781278,0.6093244,10.34613076,10.35732371,1,1,124.49308546,1
3321,0.46444424,0.54391128,0.56835501,0.46765783,0.59057335,10.40755395,10.51078175,1,1,121.62472403,1
3322,0.47891959,0.54606838,0.56449252,0.50830415,0.57032463,10.09994059,10.17798879,1,1,1194.20484349,1
3323,0.46425051,0.53301659,0.54838136,0.46813997,0.58340462,10.25696013,10.33839853,1,1,602.15776779,1
3324,0.46686746,0.52471732,0.55809642,0.50877654,0.56375209,10.46366148,10.55191702,1,1,129.56368727,1
3325,0.47272481,0.53912394,0.54815507,0.54860101,0.54251978,10.26098233,10.32023527,1,1,144.5585844,1
3326,0.47238256,0.54113446,0.54784387,0.58762623,0.52208559,10.38657277,10.44461844,1,1,106.27395956,1
3327,0.43336507,0.59966873,0.55414028,0.5827577,0.50164388,9.88643381,9.97440932,1,1,134.5150079,1
3328,0.45156334,0.58699354,0.54552682,0.60463278,0.5216096,10.45858592,10.54378192,1,1,146.60420786,1
3329,0.44820616,0.58140405,0.55608565,0.56276503,0.50361624,10.16750043,10.24200974,1,1,205.00503808,1
3330,0.48013449,0.56921447,0.56737393,0.60150973,0.52353993,10.2748075,10.37429022,1,1,114.38218916,1
3331,0.4693625,0.54730973,0.57170019,0.63947954,0.53881478,9.98805206,10.00487381,1,1,197.1234382,1
3332,0.49015891,0.55321584,0.55644639,0.60766751,0.51803848,10.31029192,10.32083695,1,1,428.41960409,1
3333,0.49007529,0.55188715,0.55675413,0.5655734,0.53767769,10.37131035,10.45964596,1,1,368.61740726,1
3334,0.44705587,0.5706336,0.55847715,0.60393607,0.51694032,10.09574497,10.09672766,1,1,1423.58146052,1
3335,0.4649061,0.54476172,0.56308941,0.56286892,0.50608023,10.37943761,10.38679632,1,1,183.48696136,1
3336,0.45297831,0.54395175,0.58085273,0.52161154,0.52595863,10.30742108,10.33818338,1,1,830.63599189,1
3337,0.46512478,0.53935122,0.57800514,0.48244047,0.50813712,10.31003432,10.31550975,1,1,615.78703645,1
3338,0.48132333,0.52407688,0.57592426,0.52265249,0.48797978,10.50914164,10.59124032,1,1,554.93076035,1
3339,0.48112913,0.51857708,0.55379279,0.48219948,0.46822909,10.06760245,10.09328645,1,1,585.15842501,1
3340,0.48094964,0.51563497,0.5534407,0.44509259,0.44890099,10.46426759,10.48256202,1,1,129.50085963,1
3341,0.56388995,0.57266651,0.57486779,0.44008883,0.46991695,10.25723187,10.32584151,1,1,411.11575847,1
3342,0.54078593,0.59423683,0.5558471,0.40249943,0.45068777,10.34257233,10.38758184,1,1,818.12550665,1
3343,0.56461032,0.58033668,0.540539,0.44012269,0.43167606,10.07217174,10.08536443,1,1,175.62409223,1
3344,0.5488484,0.5780213,0.55637725,0.40132213,0.41306384,10.55540293,10.65108046,1,1,123.76203218,1
3345,0.54010829,0.59430789,0.5353413,0.36330065,0.42494972,10.20822053,10.22025709,1,1,113.829298,1
3346,0.54059647,0.59409612,0.53503625,0.32603464,0.44643999,10.24362721,10.2884659,1,1,103.68027044,1
3347,0.50460067,0.59390793,0.56312182,0.28951407,0.46751119,10.13359966,10.19020616,1,1,330.47831481,1
3348,0.51028191,0.581474,0.53770611,0.33361319,0.48815009,10.06115564,10.14192237,1,1,147.92835444,1
3349,0.52452743,0.56717962,0.53452386,0.29694093,0.50838155,10.29537995,10.30393097,1,1,133.97800855,1
3350,0.52247625,0.57227104,0.5566615,0.31404127,0.52818218,10.15022286,10.24680615,1,1,1519.34730927,1
3351,0.50928411,0.56812146,0.55818398,0.35776044,0.50870595,10.1521602,10.24839794,1,1,551.83219301,1
3352,0.50465215,0.56394916,0.53968826,0.32062142,0.48853626,10.1653432,10.16971799,1,1,126.44749063,1
3353,0.52782967,0.55621384,0.55791544,0.28432349,0.46900754,10.15324708,10.22749403,1,1,101.64022812,1
3354,0.52730437,0.55509934,0.55800191,0.24989539,0.48649901,10.45337236,10.51445059,1,1,144.19070828,1
3355,0.54363499,0.50002569,0.54982656,0.2919945,0.47885654,10.47903153,10.53277305,1,1,161.2919318,1
3356,0.51517531,0.50524374,0.54177122,0.33615415,0.45928047,10.13582613,10.14032317,1,1,162.25529651,1
3357,0.4991488,0.50364424,0.55466069,0.29944396,0.440341,10.07658923,10.10443792,1,1,580.07340736,1
3358,0.50099848,0.50243506,0.53435497,0.34311283,0.4215357,10.1553239,10.1991376,1,1,1098.21243075,1
3359,0.48920304,0.52662639,0.53428201,0.30625058,0.40311758,10.17219836,10.18587454,1,1,1206.64021351,1
3360,0.48865449,0.52707613,0.53429367,0.28424575,0.42505476,10.39270797,10.43521447,1,1,302.21414845,1
3361,0.4719893,0.55286604,0.56141411,0.25436838,0.40763315,10.07936965,10.09437012,1,1,959.99632533,1
3362,0.48556458,0.5597045,0.55088947,0.22008887,0.38948335,10.2844192,10.29544598,1,1,139.08299752,1
3363,0.48892257,0.56038872,0.52832533,0.18568913,0.37449751,10.2120598,10.22583661,1,1,226.96165214,1
3364,0.49960892,0.54612813,0.55671929,0.15376036,0.38649637,10.40099893,10.42725948,1,1,122.74163528,1
3365,0.48447522,0.53676277,0.55005948,0.12068515,0.37546582,10.16847079,10.24284295,1,1,246.64043605,1
3366,0.48434855,0.53519798,0.55013706,0.13965381,0.36226657,10.15528597,10.21779872,1,1,137.95422008,1
3367,0.50731133,0.60504916,0.54867175,0.10757423,0.38086848,10.3481518,10.41643363,1,1,326.42005429,1
3368,0.51495064,0.61345251,0.54751984,0.15542071,0.40284983,10.09599085,10.19043933,1,1,115.26655602,1
3369,0.54030352,0.60943959,0.52422704,0.12233372,0.38479307,10.37758649,10.45298709,1,1,394.23503668,1
3370,0.52748072,0.584582,0.52183644,0.08988705,0.36774665,10.36642214,10.39928169,1,1,126.70937069,1
3371,0.5274166,0.58344174,0.52158083,0.05808931,0.39029345,10.35970717,10.42946464,1,1,113.49840782,1
3372,0.49802337,0.57754367,0.53419272,0.07080795,0.41247302,10.4136376,10.43979752,1,1,1102.57370236,1
3373,0.50039671,0.54935708,0.54264028,0.07274393,0.4342012,10.18307774,10.26589321,1,1,116.15651146,1
3374,0.49951619,0.54794994,0.5397327,0.11937379,0.41575239,10.29239293,10.33267757,1,1,480.78751523,1
3375,0.48480927,0.53743752,0.540125,0.16452992,0.39744151,10.46296782,10.49478161,1,1,331.72180783,1
3376,0.47760026,0.54378278,0.54427468,0.21109121,0.37949301,10.25141424,10.28999371,1,1,498.44169517,1
3377,0.48243077,0.54513983,0.53671301,0.25683071,0.40190315,10.36538007,10.44600795,1,1,331.94963971,1
3378,0.48206784,0.54344662,0.53691599,0.22169416,0.38638846,10.05525147,10.09133917,1,1,396.61474167,1
3379,0.46110101,0.57022416,0.54712623,0.18726029,0.40473396,9.99359931,9.99746797,1,1,117.35458845,1
3380,0.47471863,0.55647049,0.53481896,0.15351509,0.42662022,10.07457406,10.16485156,1,1,321.50822767,1
3381,0.48920773,0.55280945,0.55677618,0.20042713,0.40831294,10.32142745,10.33545936,1,1,110.48347504,1
3382,0.48852974,0.53719518,0.55846514,0.24639863,0.43010392,10.31572556,10.3433433,1,1,999.14970332,1
3383,0.50326061,0.53955002,0.53144053,0.29147034,0.45125501,10.10105063,10.16728642,1,1,123.93277228,1
3384,0.49562589,0.54243995,0.54463131,0.25609856,0.43224187,9.98688624,10.0656225,1,1,481.99532805,1
3385,0.49527278,0.54133379,0.54489261,0.22203915,0.41376474,9.91169336,9.96697242,1,1,610.71002721,1
3386,0.54479104,0.51392064,0.54504836,0.18811095,0.3960742,10.16360664,10.23538216,1,1,473.57435354,1
3387,0.54313549,0.53657148,0.49774018,0.15434873,0.37815305,10.26772733,10.31758484,1,1,107.77557333,1
3388,0.54808665,0.54673714,0.45530719,0.12147268,0.40058687,10.55514677,10.6294664,1,1,101.21525649,1
3389,0.51636678,0.54526191,0.44188544,0.11052368,0.38257581,10.0897718,10.10595094,1,1,118.07457578,1
3390,0.51580277,0.54470777,0.44213999,0.15831119,0.36492429,10.17149114,10.19201719,1,1,235.12807454,1
3391,0.49539758,0.54239067,0.45379478,0.12514541,0.34807172,10.382085,10.39817463,1,1,116.70970406,1
3392,0.50491348,0.52663294,0.46804711,0.09271517,0.33131974,10.46233299,10.53535227,1,1,196.41868385,1
3393,0.48622617,0.54185464,0.46864075,0.1355554,0.31515928,10.25617461,10.32834546,1,1,162.00554788,1
3394,0.49211087,0.51627852,0.45360811,0.1640443,0.31112091,10.31262887,10.36873164,1,1,253.43758797,1
3395,0.4925282,0.51722087,0.46826189,0.13076342,0.30059129,10.30380293,10.39185969,1,1,1128.87915043,1
3396,0.50172323,0.50893311,0.47550032,0.17804322,0.28823041,10.32034198,10.40827153,1,1,111.96854794,1
3397,0.501844,0.50786181,0.47531669,0.1790975,0.31245416,10.21730891,10.26580736,1,1,521.44011138,1
3398,0.5574066,0.47222594,0.48973584,0.22549808,0.29620508,10.30513468,10.35881601,1,1,1170.91426105,1
3399,0.55092512,0.50078165,0.50655707,0.27066703,0.28028714,10.31938268,10.41957491,1,1,142.07453875,1
3400,0.54591896,0.51859459,0.50118978,0.23525722,0.30466142,10.36962117,10.47109956,1,1,128.9247975,1
3401,0.5352542,0.51306687,0.50864713,0.26349586,0.3239502,10.27406284,10.31028069,1,1,556.88577249,1
3402,0.50130833,0.53544578,0.50749151,0.30745848,0.31875369,10.27845538,10.31345944,1,1,913.74682629,1
3403,0.50164248,0.53661075,0.50756514,0.35130918,0.30300579,10.19125617,10.22658022,1,1,332.86060614,1
3404,0.4898618,0.53934638,0.50960205,0.39382991,0.32694559,10.18498068,10.28249075,1,1,129.34279679,1
3405,0.47334352,0.53759693,0.53397229,0.35596096,0.31058948,10.41540027,10.48817228,1,1,512.19276109,1
3406,0.4861194,0.54027198,0.51820882,0.33054516,0.29437813,10.41239612,10.49714772,1,1,104.24892229,1
3407,0.48281871,0.5307356,0.52559253,0.37360138,0.31816751,10.26954945,10.30345721,1,1,138.0183124,1
3408,0.49397857,0.51178394,0.5171103,0.33612935,0.34180414,10.37325032,10.45237633,1,1,612.81093548,1
3409,0.48890672,0.49672331,0.5161956,0.29940679,0.36496805,10.21397946,10.28522125,1,1,919.83628888,1
3410,0.48956176,0.51126107,0.52319087,0.34302125,0.38766865,9.9493935,10.00953513,1,1,186.72668857,1
3411,0.48885126,0.51167902,0.52310865,0.30616093,0.36991529,10.00173071,10.06994314,1,1,147.14136067,1
3412,0.53900861,0.53745323,0.53007006,0.27059321,0.39251684,10.31081802,10.31449619,1,1,142.48304586,1
3413,0.53764768,0.53559558,0.53846452,0.23519732,0.3746665,10.05815709,10.09087949,1,1,808.66252006,1
3414,0.53820775,0.53835659,0.54435211,0.25781089,0.36517654,10.22420101,10.31240473,1,1,275.8321972,1
3415,0.53427064,0.57339869,0.52744914,0.2226547,0.34807545,10.00047642,10.09156407,1,1,108.04202943,1
3416,0.52681639,0.57121168,0.54869348,0.26813712,0.33111412,9.90059174,9.92425734,1,1,633.96176836,1
3417,0.53737999,0.55567059,0.52120706,0.23278346,0.35448047,10.06281928,10.09102225,1,1,251.08242276,1
3418,0.53733424,0.55278122,0.52140958,0.20327906,0.37739053,10.15143326,10.17139013,1,1,293.40973679,1
3419,0.51996308,0.51758759,0.52299685,0.17882677,0.39984272,10.01633286,10.0711221,1,1,724.93036604,1
3420,0.50634757,0.51711748,0.52305001,0.14977415,0.39161399,9.7869657,9.84592068,1,1,174.30092682,1
3421,0.49724704,0.49917353,0.52288766,0.11677867,0.41378171,10.44934723,10.55180734,1,1,159.57878267,1
3422,0.51392597,0.51035625,0.52298407,0.1644356,0.43533792,10.04848399,10.08047766,1,1,103.01429673,1
3423,0.49598383,0.51776009,0.52240815,0.21103674,0.45554027,10.3464963,10.43144486,1,1,102.77581078,1
3424,0.49610816,0.51671179,0.52244289,0.25681599,0.43646502,10.41628425,10.51753245,1,1,1192.13648193,1
3425,0.53831713,0.51935448,0.5270068,0.29701512,0.457721,10.64260704,10.68983601,1,1,260.56941893,1
3426,0.5041458,0.51806499,0.51953725,0.33656684,0.44021575,10.30468663,10.31389749,1,1,257.49620248,1
3427,0.50840439,0.5391099,0.51694642,0.36006961,0.42143488,10.08527365,10.14565211,1,1,1224.60735648,1
3428,0.50140657,0.5416579,0.49238634,0.39844764,0.43852949,10.18471079,10.25931224,1,1,227.55789179,1
3429,0.50099066,0.54085911,0.49268369,0.36047902,0.41976048,10.11527997,10.12701561,1,1,203.10948314,1
3430,0.46578199,0.55657127,0.50556637,0.4031702,0.40136527,10.24964387,10.25320041,1,1,122.6188715,1
3431,0.46803194,0.55371582,0.51736169,0.44506235,0.38333798,10.3654807,10.36761597,1,1,111.73065675,1
3432,0.45788188,0.5253394,0.51254051,0.40631395,0.39568084,10.31495289,10.39489111,1,1,367.0837485,1
3433,0.47493352,0.53461715,0.49340161,0.44818765,0.4173874,10.20399642,10.26400038,1,1,103.75915461,1
3434,0.46719715,0.51808563,0.50575835,0.47865463,0.39904257,10.57632127,10.59785675,1,1,100.99383376,1
3435,0.48055311,0.50421438,0.51042105,0.51125967,0.42103801,10.10653223,10.12126923,1,1,107.09416288,1
3436,0.48594449,0.49174654,0.50510154,0.55103208,0.40288462,10.27024666,10.30521003,1,1,122.71849546,1
3437,0.48614201,0.49151339,0.50537152,0.51001348,0.38486275,10.17119223,10.22653489,1,1,160.41851473,1
3438,0.55587893,0.5306708,0.53015984,0.50980189,0.40546751,10.19014216,10.24840757,1,1,107.64694734,1
3439,0.55992261,0.54118476,0.51331783,0.54960339,0.42735581,10.17413079,10.19679836,1,1,102.97834897,1
3440,0.5498386,0.55332568,0.51871848,0.51751219,0.40880869,10.15981956,10.17889309,1,1,371.60418341,1
3441,0.5674287,0.54912382,0.53076475,0.47716198,0.43054322,10.04666983,10.05216588,1,1,694.80801823,1
3442,0.56532891,0.5627191,0.50577326,0.43761887,0.41193241,10.05476241,10.14522929,1,1,136.52453116,1
3443,0.55316585,0.56864879,0.51193217,0.47847437,0.43115757,10.04805016,10.05438825,1,1,1530.75622448,1
3444,0.55324921,0.57028792,0.52181304,0.44613847,0.41253576,10.1077361,10.12175576,1,1,122.03279756,1
3445,0.55275894,0.56912878,0.52170863,0.48573486,0.40598452,10.11751669,10.18584811,1,1,826.21547003,1
3446,0.51160921,0.55528937,0.54620708,0.5260156,0.38786609,10.09619986,10.14378308,1,1,803.73189764,1
3447,0.51304462,0.54309046,0.52928591,0.48668299,0.40408598,10.18909468,10.20369124,1,1,142.36445384,1
3448,0.51260006,0.54604545,0.52646308,0.44695937,0.38600437,10.34006361,10.4078431,1,1,174.83988901,1
3449,0.51921864,0.53497123,0.53545433,0.43020008,0.40828199,10.15579425,10.17783299,1,1,104.89776962,1
3450,0.5101889,0.53224911,0.52460115,0.39159611,0.42063216,10.14897151,10.1539061,1,1,166.6484244,1
3451,0.50931331,0.53117876,0.53466602,0.35377339,0.44221927,9.98482056,10.04413248,1,1,171.29512257,1
3452,0.5096289,0.53132038,0.53472855,0.39646932,0.46337282,10.08838075,10.17062803,1,1,111.88295253,1
3453,0.55846007,0.53337654,0.5585067,0.43826789,0.44416882,10.07013253,10.14700852,1,1,137.46495802,1
3454,0.55860613,0.52584677,0.55367531,0.39950253,0.4650277,10.17911001,10.26382049,1,1,293.61555269,1
3455,0.55952488,0.55377272,0.52971478,0.36151267,0.48550264,10.17290878,10.21344669,1,1,127.87985114,1
3456,0.55212656,0.56916799,0.52784891,0.32464114,0.50547766,10.12793795,10.16309504,1,1,344.62378994,1
3457,0.54238112,0.55907511,0.52881651,0.36782387,0.48536867,10.27460979,10.30752294,1,1,280.56773561,1
3458,0.54274238,0.56046236,0.52855995,0.33046739,0.46566673,10.20245627,10.27649615,1,1,102.00101212,1
3459,0.51576862,0.5417075,0.54436218,0.29498315,0.44635348,10.15929021,10.20161416,1,1,126.30260749,1
3460,0.50981082,0.53450024,0.5440566,0.33878321,0.45952464,10.17523319,10.21942208,1,1,218.1645376,1
3461,0.50401391,0.52854773,0.54962754,0.31265533,0.44033415,10.04882246,10.10932756,1,1,107.67181854,1
3462,0.50158365,0.52541834,0.52669557,0.27640228,0.42152759,9.87331684,9.89062275,1,1,141.46930409,1
3463,0.50696288,0.52061702,0.54683844,0.24090295,0.40309704,10.49658728,10.51296203,1,1,812.18577579,1
3464,0.50687306,0.52565186,0.55023236,0.26596071,0.42502054,10.00405673,10.03964203,1,1,200.61890962,1
3465,0.5030275,0.52900352,0.52540511,0.23064151,0.4067307,10.23970263,10.30690934,1,1,339.93277433,1
3466,0.50388204,0.5263726,0.5253081,0.24553635,0.4285634,10.3361651,10.34683146,1,1,178.27332391,1
3467,0.47237087,0.52451171,0.527031,0.29062545,0.44985911,10.71227545,10.80921058,1,1,1371.53996668,1
3468,0.48136614,0.52044676,0.55019903,0.33208399,0.46949186,10.08281942,10.09174376,1,1,188.95768023,1
3469,0.4814439,0.50476039,0.53735026,0.37544231,0.463583,10.46690445,10.52897983,1,1,631.91410852,1
3470,0.48775091,0.51188663,0.52625616,0.3379349,0.45144238,10.44683679,10.5381909,1,1,230.32548312,1
3471,0.49573324,0.49582027,0.51947727,0.38113475,0.43241356,10.13837757,10.20147114,1,1,1088.44867123,1
3472,0.49642947,0.49473589,0.51937588,0.34364756,0.41747674,10.37879704,10.41332786,1,1,651.32072567,1
3473,0.48716921,0.5260433,0.54348818,0.30725746,0.41137151,10.40306437,10.41777725,1,1,1318.83803606,1
3474,0.48960195,0.51844095,0.52191016,0.35110776,0.3932327,10.4714319,10.55917791,1,1,216.96696512,1
3475,0.4943469,0.51558964,0.52129268,0.39408554,0.37899489,10.14968058,10.19630399,1,1,112.55055212,1
3476,0.51868817,0.50246328,0.51735443,0.43617,0.40141499,10.31014428,10.33653921,1,1,135.366235,1
3477,0.51423403,0.50512338,0.51315536,0.40047368,0.42329163,10.58936659,10.65818501,1,1,120.70216729,1
3478,0.51397285,0.50087085,0.51329247,0.28246947,0.47710938,10.29413898,10.38163655,1,1,175.69128262,0
3479,0.48759324,0.47571148,0.5308915,0.40681999,0.42146001,10.1082771,10.17779075,1,1,597.77231746,0
3480,0.50340174,0.38801561,0.53174795,0.41852176,0.36333626,10.45002869,10.47490694,1,1,107.21803509,0
3481,0.53422443,0.31774448,0.53368552,0.54015113,0.30496695,10.48111609,10.57622046,1,1,374.53413106,0
3482,0.56025368,0.25000559,0.53457382,0.65715996,0.36416379,10.29820689,10.37053927,1,1,147.97485883,0
3483,0.57701629,0.19773598,0.53215889,0.53491756,0.41451892,10.12429734,10.16294495,1,1,202.93221356,0
3484,0.57781716,0.19732412,0.53191208,0.65421914,0.47024064,10.17809,10.22962246,1,1,153.821432,0
3485,0.64123729,0.25069178,0.53600187,0.7697344,0.52516586,10.2445801,10.27726675,1,1,128.61718094,0
3486,0.6124887,0.32927044,0.54943953,0.88432315,0.45977311,10.19688278,10.20883104,1,1,106.52901954,0
3487,0.58938063,0.41147092,0.52537833,0.99660075,0.51207876,10.23272255,10.30895271,1,1,695.48586259,0
3488,0.56866365,0.52168934,0.51496489,1,0.49576415,10.25751733,10.28267434,1,1,159.6185073,0
3489,0.55893407,0.61692625,0.51587673,0.87000648,0.5447682,10.01856359,10.04039646,1,1,217.29615569,0
3490,0.50988683,0.70051424,0.50662283,0.9826063,0.59736625,10.67027746,10.74284226,1,1,715.74682779,0
3491,0.50016795,0.7468341,0.4917933,0.85376406,0.60503339,10.22612813,10.28796521,1,1,1526.680055,0
3492,0.50011866,0.74681022,0.49168742,0.72685012,0.65576968,10.03967781,10.08516575,1,1,167.71121258,0
3493,0.53857747,0.7581056,0.52743468,0.60290166,0.71122808,10.3684823,10.44574829,1,1,1190.54174959,0
3494,0.58958373,0.69119923,0.51663773,0.62039786,0.69448643,10.15843114,10.17947406,1,1,1072.52065911,1
3495,0.64509105,0.5934978,0.54643918,0.63332728,0.69030251,10.04579687,10.09612546,1,1,102.61546297,1
3496,0.71852832,0.542074,0.55835084,0.59066073,0.68522552,10.1186091,10.13863009,1,1,105.67229615,1
3497,0.72606936,0.5145956,0.56985521,0.57830836,0.66661938,10.09434291,10.13508706,1,1,142.13618702,1
3498,0.72623291,0.51281573,0.56998103,0.61674218,0.64332698,10.25465011,10.32305818,1,1,238.59862642,1
3499,0.75220218,0.4382356,0.575351,0.57440827,0.62047639,10.40072612,10.49154174,1,1,100.190241,1
3500,0.73692726,0.437329,0.58579214,0.61292009,0.63806369,10.17948171,10.27724427,1,1,1134.59933645,1
3501,0.72105247,0.44483346,0.57848872,0.65066168,0.65529169,10.24559517,10.33640534,1,1,355.67785329,1
3502,0.71183791,0.4549767,0.58587355,0.68763501,0.63218665,10.13624138,10.19560417,1,1,116.75298769,1
3503,0.67413783,0.43954933,0.58774743,0.72386215,0.60954292,10.28353443,10.30388343,1,1,370.80247594,1
3504,0.67599658,0.46717733,0.56756539,0.714505,0.58843627,10.47704795,10.52701292,1,1,457.90282591,1
3505,0.64899861,0.46675388,0.59316409,0.67033953,0.5926851,10.30381022,10.30557313,1,1,138.84657176,1
3506,0.63802871,0.46609198,0.5940037,0.62763274,0.59336249,10.22827233,10.29562043,1,1,107.71856312,1
3507,0.60591626,0.4575564,0.5715221,0.58522774,0.61149199,10.19433149,10.24745709,1,1,521.33660531,1
3508,0.61379538,0.46770549,0.56221504,0.59614712,0.6287631,10.40005269,10.43093132,1,1,251.5237393,1
3509,0.61385239,0.46704568,0.56197555,0.63422384,0.64604573,10.28706475,10.29086114,1,1,193.69365623,1
3510,0.63303448,0.39698491,0.57628238,0.67153936,0.66310942,10.10842825,10.20139719,1,1,106.14379896,1
3511,0.62930627,0.41665265,0.57176532,0.70576753,0.63984748,9.98265302,10.07897555,1,1,140.89336174,1
3512,0.63310702,0.43022659,0.58209027,0.74159054,0.65691733,10.04740179,10.08061245,1,1,282.10308942,1
3513,0.61588639,0.43160943,0.55823582,0.77675873,0.63715165,10.32146852,10.4218481,1,1,136.53899704,1
3514,0.57853198,0.45202245,0.57836243,0.73417013,0.65440807,10.25649579,10.34513254,1,1,250.06850814,1
3515,0.58456072,0.4470553,0.58227885,0.68954131,0.6313205,9.85791264,9.90351855,1,1,141.14120554,1
3516,0.56633968,0.45164242,0.58120169,0.72563626,0.64860635,10.24550966,10.294179,1,1,111.12991694,1
3517,0.56615218,0.45172065,0.58155817,0.68112393,0.6256347,10.31949128,10.3635072,1,1,101.38076231,1
3518,0.5553104,0.39931884,0.58555387,0.71633836,0.60312215,10.27070548,10.36066227,1,1,112.55154174,1
3519,0.5348058,0.39631139,0.59689279,0.7520111,0.59991095,10.18199981,10.19845633,1,1,120.84066123,1
3520,0.53706596,0.40481867,0.60575905,0.7869629,0.61790995,10.4248403,10.43752425,1,1,844.22417139,1
3521,0.52140254,0.40220712,0.59712542,0.82116123,0.63550463,10.25145927,10.27805145,1,1,100.70882564,1
3522,0.51220228,0.40571009,0.60142463,0.77473801,0.61290888,10.19183011,10.26754974,1,1,453.62984815,1
3523,0.50258654,0.40965575,0.59770261,0.74368199,0.6303152,10.20612428,10.211566,1,1,304.55822966,1
3524,0.50336241,0.41001493,0.59769449,0.77648992,0.64770879,9.96206215,10.00253303,1,1,195.97969914,1
3525,0.56823383,0.42379402,0.60441031,0.776386,0.65744884,10.53366222,10.54901507,1,1,108.26500317,1
3526,0.553669,0.42266061,0.61506379,0.73091248,0.67429984,10.07722154,10.12296831,1,1,132.81479261,1
3527,0.56958066,0.43685063,0.61671947,0.68677741,0.65176002,10.29773177,10.30694794,1,1,123.38989265,1
3528,0.55830856,0.4557061,0.60391398,0.64304194,0.66070587,9.987213,10.02828681,1,1,280.41036366,1
3529,0.55923463,0.45109953,0.5896762,0.60784026,0.67549867,10.23738837,10.27239383,1,1,188.10247824,1
3530,0.55613325,0.47221162,0.61059646,0.56569069,0.6919882,10.36088205,10.36258426,1,1,113.73432292,1
3531,0.56168714,0.48547434,0.59055694,0.52457294,0.70814841,9.98370234,10.06115446,1,1,209.05677227,1
3532,0.5616411,0.48703477,0.59057242,0.56302694,0.72391418,10.00240149,10.08598285,1,1,117.70866047,1
3533,0.53116485,0.443462,0.60954948,0.60176639,0.73851336,10.07471919,10.07784712,1,1,196.09911431,1
3534,0.52455215,0.45812228,0.60845745,0.63887027,0.75374309,10.17174927,10.22610451,1,1,787.37674416,1
3535,0.53297125,0.44412155,0.59029093,0.60625135,0.73417164,10.06635707,10.07656227,1,1,105.28086771,1
3536,0.51086291,0.44214228,0.59519411,0.56412633,0.70953336,10.13719105,10.21450029,1,1,1235.40013824,1
3537,0.51697903,0.44847032,0.60612395,0.6028438,0.72534261,10.05549183,10.09821796,1,1,109.23108266,1
3538,0.49864549,0.43170879,0.59171117,0.56171885,0.7010822,10.11518588,10.13062482,1,1,141.13505775,1
3539,0.49541055,0.4262899,0.60253754,0.53094177,0.71626556,10.22748781,10.25791686,1,1,769.45949673,1
3540,0.49467277,0.42407399,0.60214163,0.57027364,0.73192695,10.29341176,10.36456328,1,1,262.56961514,1
3541,0.55669978,0.4577996,0.62866253,0.6084813,0.73936879,10.38589597,10.47735213,1,1,132.91046245,1
3542,0.55914087,0.44569904,0.62328925,0.59077732,0.74792542,10.35729549,10.41010207,1,1,188.16045591,1
3543,0.55018172,0.47749737,0.60509734,0.62884268,0.72296854,10.22288238,10.29994651,1,1,120.38459695,1
3544,0.56224195,0.46820674,0.60308761,0.59172849,0.7081138,10.19664342,10.26488128,1,1,107.55318797,1
3545,0.54501835,0.4677458,0.61451539,0.54992302,0.68437971,9.96167636,9.96232106,1,1,110.45680186,1
3546,0.53541825,0.49064506,0.58850673,0.55670126,0.70068962,10.05722788,10.10262947,1,1,104.51467136,1
3547,0.53525957,0.48979082,0.58867768,0.51561391,0.69528133,10.3373899,10.43549353,1,1,502.45704787,1
3548,0.56644392,0.44487298,0.59054124,0.55527716,0.71123475,10.06843152,10.16755468,1,1,819.77267661,1
3549,0.55858985,0.46464932,0.58797447,0.59071713,0.68701237,10.11200327,10.12322177,1,1,1035.31049352,1
3550,0.53241988,0.46941505,0.60005593,0.56606082,0.68264395,10.1352352,10.19612518,1,1,242.50280917,1
3551,0.53578565,0.49438545,0.59556093,0.52475493,0.66486558,10.30788314,10.32509386,1,1,337.65019818,1
3552,0.53715764,0.4924495,0.55954953,0.56425983,0.64156832,10.07036505,10.07140849,1,1,170.19213054,1
3553,0.53692568,0.49065973,0.55953299,0.59758235,0.61873695,10.07910706,10.14620413,1,1,136.75508012,1
3554,0.50941261,0.43607988,0.56528548,0.5556307,0.59831977,10.3829365,10.41874926,1,1,332.23400427,1
3555,0.52701581,0.43317434,0.58005313,0.51451809,0.61606718,10.10568409,10.1645362,1,1,553.03597123,1
3556,0.49760589,0.43839765,0.56900947,0.47422834,0.63343207,9.72604151,9.81461627,1,1,110.95380922,1
3557,0.50501162,0.44854317,0.56594546,0.51474376,0.65076343,10.17506813,10.20054837,1,1,273.49204788,1
3558,0.49280692,0.44594636,0.56427382,0.55444803,0.62849957,10.4318362,10.5256784,1,1,139.51955482,1
3559,0.49225106,0.44732183,0.56459236,0.51335967,0.60791252,10.15315866,10.24598033,1,1,395.70591379,1
3560,0.57750898,0.47754015,0.58991485,0.55047772,0.59429402,10.39276187,10.48380946,1,1,165.19502645,1
3561,0.57527993,0.47647419,0.56593841,0.58946816,0.57242945,10.12714698,10.16126479,1,1,136.50464845,1
3562,0.5614095,0.49543262,0.56102166,0.62764232,0.55467308,10.06327553,10.11453809,1,1,288.17675916,1
3563,0.56344579,0.51149724,0.56948447,0.66466375,0.53357978,10.16706108,10.20844802,1,1,162.48066548,1
3564,0.55727366,0.51590315,0.55529285,0.6239572,0.5129082,10.05014169,10.13371599,1,1,1235.20366311,1
3565,0.5477995,0.51495768,0.5594851,0.65229515,0.49266071,10.26854351,10.34451193,1,1,678.84589322,1
3566,0.54784505,0.51551045,0.55943047,0.68877576,0.4728084,9.94085657,9.95384421,1,1,282.77025194,1
3567,0.50265125,0.48297476,0.56959733,0.72223183,0.45335272,10.08836524,10.10515186,1,1,230.55882044,1
3568,0.51511538,0.4815368,0.55854843,0.75778719,0.47392813,10.42102309,10.45294531,1,1,104.07286244,1
3569,0.5051961,0.47841098,0.56654967,0.71263152,0.47333801,10.21305975,10.25780998,1,1,152.65766505,1
3570,0.49134842,0.47099065,0.57730085,0.67033913,0.49387125,9.94311157,10.01019664,1,1,111.42486201,1
3571,0.49236426,0.48087469,0.57874783,0.62779625,0.51348044,10.35055769,10.37046688,1,1,166.57488047,1
3572,0.50522058,0.45897144,0.5686262,0.66361804,0.49321085,10.25697374,10.34643523,1,1,106.7293215,1
3573,0.50558954,0.45897207,0.56830421,0.70030389,0.47336628,10.50129996,10.54175141,1,1,602.58315252,1
3574,0.54675696,0.46694291,0.57336561,0.65842213,0.46161947,10.32767892,10.32899891,1,1,244.18401766,1
3575,0.5590231,0.49469635,0.57508326,0.69520764,0.48238134,9.89771894,9.93800938,1,1,773.20405477,1
3576,0.545359,0.48928057,0.59344519,0.65139523,0.46873233,10.42316316,10.45554469,1,1,153.91158701,1
3577,0.53445802,0.49531436,0.56361316,0.68836732,0.48921392,10.48228994,10.53773565,1,1,177.01118832,1
3578,0.54274461,0.51476114,0.57308312,0.72459917,0.50941712,10.03860674,10.10101131,1,1,567.5398088,1
3579,0.54855926,0.50492134,0.55936806,0.76010495,0.48922885,10.02299122,10.04203227,1,1,114.22129433,1
3580,0.54852797,0.50508229,0.55931344,0.79403907,0.50944233,10.15356887,10.24232537,1,1,283.91159238,1
3581,0.62809226,0.49214654,0.56980577,0.82809638,0.52925347,10.31180867,10.36343791,1,1,250.65985512,1
3582,0.60268843,0.48362495,0.57938747,0.86153423,0.51609238,10.16228928,10.26167214,1,1,1056.09533003,1
3583,0.57540375,0.51761408,0.57921466,0.83276687,0.49577053,10.32134425,10.35341717,1,1,262.68954471,1
3584,0.5670445,0.50107667,0.55675774,0.78611154,0.50272375,10.15845918,10.24044046,1,1,131.60292828,1
3585,0.56113809,0.51839152,0.55322336,0.8201578,0.48278002,9.95370234,9.99380018,1,1,194.68836064,1
3586,0.57621997,0.52160349,0.55868117,0.85375464,0.46316032,10.27850468,10.30307105,1,1,447.19611525,1
3587,0.57601265,0.52074251,0.55879557,0.88666885,0.48365954,10.46294037,10.48807615,1,1,115.04641858,1
3588,0.58975379,0.44549487,0.58899683,0.91893546,0.46398696,10.12961894,10.19575303,1,1,589.50992561,1
3589,0.57933888,0.45122589,0.56965321,0.87055743,0.47411667,10.46257566,10.50508362,1,1,103.13194884,1
3590,0.54410631,0.47989198,0.57295912,0.82314681,0.491458,10.5275889,10.60055418,1,1,113.66498548,1
3591,0.53889728,0.46251026,0.58285728,0.78165075,0.51162884,10.24547493,10.27099534,1,1,349.95116116,1
3592,0.53567816,0.46957331,0.57103144,0.74258772,0.49143627,10.21358837,10.24974374,1,1,121.2484321,1
3593,0.53120869,0.46778855,0.55669835,0.69783492,0.47160758,10.03966203,10.11475351,1,1,535.61575053,1
3594,0.51454941,0.49532263,0.57513358,0.7338721,0.45217545,10.17537666,10.1984455,1,1,202.46282709,1
3595,0.51462734,0.49514916,0.57502695,0.7663481,0.4730116,9.90294921,9.99727735,1,1,1193.48091719,1
3596,0.50671934,0.46882386,0.58852685,0.80102114,0.49354997,10.23407075,10.28186929,1,1,122.14506412,1
3597,0.50438541,0.46442902,0.56582038,0.75626025,0.5035489,10.33601658,10.35836913,1,1,1038.9206994,1
3598,0.48434427,0.45687474,0.55010153,0.77367338,0.52347792,10.0876642,10.09553327,1,1,366.25232793,1
3599,0.48748855,0.46058741,0.56502458,0.72821062,0.50360086,10.3850214,10.41554506,1,1,242.28412487,1
3600,0.48048365,0.47416983,0.53155677,0.73308241,0.48352884,10.06928143,10.07532171,1,1,533.84154582,1
3601,0.48096479,0.47370995,0.53169322,0.76841037,0.46385852,10.04728708,10.08867924,1,1,118.49835665,1
3602,0.4460796,0.50612411,0.55318938,0.8030416,0.45822561,10.37703905,10.45958294,1,1,124.44291654,1
3603,0.4535434,0.48753943,0.55309187,0.76142958,0.4393297,10.25476051,10.27083419,1,1,1386.21678527,1
3604,0.46507816,0.4923315,0.54169133,0.7832431,0.4593631,10.13046856,10.19421053,1,1,163.41720025,1
3605,0.47521024,0.47103991,0.52658937,0.77879216,0.44017584,10.3355399,10.43703085,1,1,199.58773539,1
3606,0.46294788,0.47424563,0.53310714,0.80755899,0.42137244,10.45865261,10.56002731,1,1,123.16872646,1
3607,0.46250609,0.46832732,0.52413681,0.76192672,0.40436871,10.19167687,10.2317212,1,1,118.53093431,1
3608,0.46261347,0.46936811,0.52405283,0.79659359,0.38628139,10.20819026,10.24658337,1,1,295.61920508,1
3609,0.50756972,0.55305858,0.5539632,0.83064413,0.36855588,10.41775978,10.50959675,1,1,763.86511409,1
3610,0.51159373,0.54231829,0.53771519,0.8640304,0.35174309,10.45921139,10.48963191,1,1,124.56951832,1
3611,0.50680511,0.56601924,0.55061986,0.89668501,0.33472198,10.26277479,10.28323849,1,1,181.2808,1
3612,0.52865673,0.54092336,0.5412087,0.92875033,0.35774204,10.23430422,10.32913619,1,1,197.82908735,1
3613,0.54483931,0.54852204,0.52223601,0.88187793,0.34123851,10.33126454,10.40284161,1,1,910.87779662,1
3614,0.54529614,0.54957432,0.52246673,0.84607989,0.32447717,10.21160813,10.29856618,1,1,292.76659106,1
3615,0.49459823,0.53785204,0.53682538,0.87417687,0.30798789,10.55850403,10.63646258,1,1,196.02748461,1
3616,0.49546343,0.51361107,0.54394749,0.90669333,0.33182809,10.01518499,10.10255293,1,1,461.9900756,1
3617,0.50067894,0.50972048,0.53077843,0.92935085,0.31525586,10.10342643,10.11580521,1,1,103.08110914,1
3618,0.50560193,0.5091376,0.5473537,0.88076591,0.33895074,10.17083148,10.17953278,1,1,183.47712579,1
3619,0.51337561,0.49896442,0.53697772,0.91315059,0.36199786,10.21335634,10.25285462,1,1,423.0110926,1
3620,0.49709165,0.50507595,0.53291204,0.94488705,0.38134209,10.13853608,10.1803522,1,1,120.91160585,1
3621,0.49179605,0.48550897,0.52019087,0.96771651,0.39164326,10.5282183,10.57300744,1,1,699.94678114,1
3622,0.49196029,0.48542488,0.51994842,0.91847018,0.41291908,10.26097177,10.27586792,1,1,1028.60422807,1
3623,0.49744804,0.57719345,0.53352569,0.94997987,0.43465826,10.18334363,10.25305799,1,1,104.79954034,1
3624,0.51436586,0.56256756,0.53202865,0.95951245,0.4409227,10.32863605,10.38297553,1,1,1000.75459228,1
3625,0.52128959,0.55817716,0.52079755,0.91033648,0.42210425,10.23839214,10.32919813,1,1,155.12558876,1
3626,0.54050747,0.54075319,0.53859963,0.94002691,0.4436392,10.4429423,10.52726214,1,1,729.67865742,1
3627,0.54743784,0.54056851,0.52451071,0.97122635,0.46020306,9.96175274,9.99480897,1,1,116.13086188,1
3628,0.54773237,0.53849178,0.5244268,1,0.44099989,10.18997204,10.25956366,1,1,199.81990953,1
3629,0.5724757,0.46768243,0.5241639,0.95000001,0.45573947,10.07805293,10.09123432,1,1,125.28287496,1
3630,0.54553092,0.47517964,0.53475512,0.90106497,0.4366691,10.03619099,10.10318018,1,1,123.4518808,1
3631,0.52430941,0.4892526,0.54386527,0.85413702,0.45792786,9.60531721,9.66849072,1,1,143.96031849,1
3632,0.51426385,0.50861073,0.53151833,0.88703996,0.4387693,10.37013466,10.44298686,1,1,215.91533015,1
3633,0.52309248,0.51454644,0.52589278,0.91929636,0.45982126,10.0726249,10.07329033,1,1,148.05235308,1
3634,0.50849267,0.49659039,0.52501184,0.95079056,0.44063172,10.15485176,10.2430725,1,1,107.10557591,1
3635,0.50819505,0.49545489,0.52479296,0.94067943,0.46181401,10.12165062,10.13444807,1,1,126.0514249,1
3636,0.48931277,0.50649373,0.53386287,0.93586739,0.48257316,9.94490388,9.95296303,1,1,137.48578588,1
3637,0.49717424,0.50629292,0.54070778,0.88907481,0.50280907,9.85979817,9.88304902,1,1,253.16112157,1
3638,0.48827494,0.49424736,0.5283925,0.92129331,0.48275289,10.01481254,10.0839407,1,1,419.64627291,1
3639,0.50278172,0.48505279,0.5422473,0.94865728,0.50309398,10.34241264,10.38610841,1,1,1072.88101254,1
3640,0.51540354,0.48763357,0.52240709,0.90241722,0.48466769,10.25978948,10.27726551,1,1,130.74688848,1
3641,0.51479517,0.48718745,0.52209976,0.93436867,0.46739776,10.26330669,10.2897539,1,1,129.51349898,1
3642,0.56310432,0.51087383,0.53723971,0.90186857,0.44900724,9.95057733,9.99068763,1,1,143.88969717,1
3643,0.56358363,0.50324336,0.543858,0.93373458,0.47002684,10.24722427,10.27905039,1,1,543.72691185,1
3644,0.56929873,0.52678469,0.52940165,0.88522841,0.49062628,10.028247,10.0428181,1,1,160.43109914,1
3645,0.53961856,0.51874012,0.51660643,0.8377995,0.50878124,10.52175925,10.57994839,1,1,889.8887744,1
3646,0.55434689,0.53666936,0.53279302,0.79112564,0.52858481,10.0382369,10.12129029,1,1,157.13016203,1
3647,0.55455378,0.53692534,0.53269717,0.82381643,0.50801311,10.32298321,10.37741909,1,1,139.10180924,1
3648,0.54502776,0.52933402,0.53371987,0.8573401,0.51911047,9.977324,10.05439062,1,1,102.04410828,1
3649,0.54202998,0.51099183,0.56210174,0.81021728,0.53871262,10.33859735,10.39335912,1,1,121.27309658,1
3650,0.52766997,0.52162644,0.54537244,0.84401243,0.55676707,10.61105073,10.61576034,1,1,103.40501323,1
3651,0.53230344,0.51876046,0.52939025,0.8771164,0.53563212,10.4912731,10.51683158,1,1,160.95924818,1
3652,0.51719915,0.49331427,0.55901711,0.8315565,0.55490796,10.42766564,10.52057926,1,1,224.86969843,1
3653,0.52814914,0.49442418,0.53299281,0.78492537,0.53381322,10.40238353,10.45278934,1,1,259.44727463,1
3654,0.52792079,0.49436792,0.53328903,0.74165752,0.55313626,10.07524515,10.08859625,1,1,190.19934121,1
3655,0.51064958,0.44949284,0.56172335,0.73015834,0.53207354,10.1956975,10.27867927,1,1,104.98239468,1
3656,0.49508102,0.45304682,0.54662201,0.76469499,0.51155427,10.20650159,10.28953319,1,1,517.18717488,1
3657,0.49544762,0.44664384,0.56095383,0.71986859,0.53132221,10.1620755,10.20879245,1,1,1185.03405486,1
3658,0.49283826,0.44698594,0.530658,0.67550214,0.54990337,10.41593137,10.44395846,1,1,104.52125935,1
3659,0.47577056,0.45325276,0.52977125,0.71199204,0.56883538,9.90933449,9.99229449,1,1,292.05674024,1
3660,0.49414924,0.46054205,0.55736516,0.66787061,0.5872768,9.99613855,10.05068997,1,1,103.5802724,1
3661,0.49380768,0.46322661,0.55768113,0.67131432,0.60481051,10.46502864,10.53539457,1,1,238.51282322,1
3662,0.5304954,0.48387804,0.56347523,0.70466929,0.58273992,9.95376457,10.04946138,1,1,135.23064253,1
3663,0.53868249,0.47325364,0.54020497,0.67616407,0.57789331,10.48092067,10.51285729,1,1,153.52927683,1
3664,0.52124703,0.49600881,0.53854654,0.71262864,0.55633554,10.05325339,10.13093887,1,1,135.38146876,1
3665,0.52169052,0.50397959,0.53154467,0.67763457,0.57520516,10.17589575,10.21157714,1,1,1142.61987713,1
3666,0.50046473,0.49548174,0.53363005,0.63617611,0.55653872,10.23171337,10.24923545,1,1,168.82786122,1
3667,0.50068658,0.49109095,0.53332651,0.67345077,0.53541055,10.39607659,10.43868157,1,1,929.17508159,1
3668,0.55444899,0.50628041,0.53466036,0.70998175,0.55470198,10.22019349,10.30806038,1,1,104.71788198,1
3669,0.54362346,0.53018559,0.54863433,0.66664869,0.53361008,10.18465183,10.23196663,1,1,194.34765129,1
3670,0.5602526,0.54773001,0.53479382,0.62554789,0.51501431,10.32914574,10.39127037,1,1,374.36507987,1
3671,0.53959744,0.53270775,0.5404417,0.58383946,0.50836688,10.29895908,10.32161738,1,1,993.48337518,1
3672,0.54275052,0.54258622,0.55835062,0.54216355,0.52782743,10.29920759,10.37294392,1,1,999.5629356,1
3673,0.54824053,0.56677873,0.54713983,0.50479286,0.50738417,10.25638773,10.34699484,1,1,499.80131176,1
3674,0.54753233,0.56476148,0.54749118,0.54339844,0.48724379,10.29105988,10.34300325,1,1,676.57167095,1
3675,0.59023275,0.56463658,0.54837328,0.5825301,0.46749902,10.18821341,10.23347768,1,1,100.30415729,1
3676,0.58703885,0.56281274,0.55376754,0.62087332,0.44814904,10.42062133,10.48184264,1,1,104.835093,1
3677,0.5630236,0.56570445,0.56433991,0.65748233,0.46408565,10.13193662,10.14910386,1,1,153.10225024,1
3678,0.5709283,0.57271492,0.54442269,0.61610152,0.47149282,10.18108421,10.23327848,1,1,181.0784168,1
3679,0.54967985,0.60591627,0.56367943,0.65356938,0.48606364,10.24078293,10.26642904,1,1,232.19115914,1
3680,0.5535649,0.61094353,0.55468034,0.69049796,0.50540923,10.32257069,10.39626896,1,1,434.16638601,1
3681,0.55381512,0.61079471,0.55462036,0.6466905,0.52521775,10.03870176,10.12202184,1,1,165.54681897,1
3682,0.55035727,0.56475638,0.57332361,0.67354327,0.50623398,10.13614586,10.16974585,1,1,1161.40854426,1
3683,0.5638227,0.57707093,0.57226916,0.65067318,0.52552439,10.07954509,10.08367142,1,1,105.42288238,1
3684,0.55339952,0.58468184,0.54933844,0.6191228,0.5450139,10.26740411,10.29436347,1,1,153.20098064,1
3685,0.53181552,0.58324418,0.55616808,0.65674034,0.52474198,10.18193759,10.18446597,1,1,124.75686292,1
3686,0.51110934,0.5980698,0.5514335,0.61940293,0.51437584,10.48722222,10.52857939,1,1,141.04038735,1
3687,0.51099555,0.59875077,0.55117293,0.65699472,0.49409025,10.15830941,10.24102597,1,1,106.85471098,1
3688,0.48128446,0.58748822,0.55549072,0.61385484,0.47420918,10.45353031,10.52833605,1,1,216.61056259,1
3689,0.48963202,0.59360041,0.57052072,0.65140485,0.45472512,10.23873731,10.25144761,1,1,385.82703018,1
3690,0.49297351,0.59121636,0.57056034,0.62985002,0.47563062,10.33445087,10.35515717,1,1,128.3974778,1
3691,0.4921899,0.5694916,0.54329863,0.58725307,0.45951755,9.91988264,9.95793449,1,1,124.37257727,1
3692,0.47483043,0.56564083,0.57277467,0.56002154,0.4803272,9.88844585,9.89421705,1,1,306.59572584,1
3693,0.47554749,0.56713307,0.57242191,0.59881206,0.50072066,10.15734989,10.23071477,1,1,105.59368431,1
3694,0.45273943,0.58141307,0.57589674,0.58566505,0.52070625,10.00669963,10.03912009,1,1,1013.10361166,1
3695,0.43580613,0.57342416,0.58471252,0.54395463,0.50030346,10.33623802,10.36680071,1,1,108.5527345,1
3696,0.45833502,0.58077658,0.56624013,0.58307484,0.52027142,10.07730862,10.10298421,1,1,624.73103332,1
3697,0.45791018,0.57087167,0.5791066,0.59733596,0.53986599,10.21484777,10.22135308,1,1,523.98104023,1
3698,0.47126687,0.5460184,0.56726521,0.62028636,0.55900543,10.27243029,10.28691463,1,1,159.64255703,1
3699,0.47396789,0.54230264,0.5566504,0.57801523,0.53782538,10.39582374,10.44559696,1,1,165.05310365,1
3700,0.47408188,0.54226892,0.55672065,0.53733725,0.55706184,9.96606384,9.96967011,1,1,213.04353714,1
3701,0.50544145,0.59592045,0.56617122,0.49659056,0.5359884,10.28086615,10.28524744,1,1,760.10361576,1
3702,0.52152116,0.6130707,0.55175183,0.53663659,0.55526526,9.99230606,10.01496122,1,1,177.88989739,1
3703,0.52716382,0.61444119,0.55675987,0.57469197,0.54016059,10.12327121,10.20321894,1,1,831.73839705,1
3704,0.54189195,0.58838067,0.53481134,0.61319813,0.51935896,10.49880245,10.58115842,1,1,129.10593478,1
3705,0.54671744,0.61022849,0.53822296,0.65093386,0.50085062,10.14288891,10.22540182,1,1,134.28488853,1
3706,0.54672258,0.61089249,0.53852407,0.68789367,0.52083361,10.02408238,10.07339251,1,1,102.35268731,1
3707,0.49555836,0.58367304,0.55114478,0.72413578,0.5403565,10.21772832,10.23535472,1,1,191.20776401,1
3708,0.49135875,0.57565988,0.55271829,0.75965306,0.55008675,10.01686603,10.02034982,1,1,437.40522562,1
3709,0.4997438,0.5662049,0.5509915,0.73431836,0.53244176,10.00723891,10.0959649,1,1,149.69580103,1
3710,0.49508864,0.57527915,0.54879289,0.68963216,0.51179963,10.08860006,10.11251353,1,1,621.69156752,1
3711,0.49907324,0.58228261,0.54638242,0.64610228,0.53156364,9.99454469,10.02775938,1,1,243.50162698,1
3712,0.51183606,0.55467925,0.54169426,0.68283552,0.51093257,10.23683597,10.28362329,1,1,975.41832989,1
3713,0.51551653,0.57526698,0.55712786,0.63917881,0.53050707,10.4275738,10.44961938,1,1,157.53004336,1
3714,0.51568092,0.57410879,0.55742793,0.67639483,0.51497077,10.43442887,10.45530264,1,1,106.8526037,1
3715,0.58137343,0.60215894,0.57768671,0.71286185,0.51371885,10.43974956,10.50575763,1,1,779.42095706,1
3716,0.56844413,0.6113817,0.54980977,0.74860461,0.53344447,10.45832524,10.51677871,1,1,259.41424745,1
3717,0.58106455,0.59170197,0.54734362,0.70389129,0.51464707,10.12051739,10.17701916,1,1,116.14147956,1
3718,0.54977693,0.61035669,0.52522374,0.66018871,0.49505387,10.17111702,10.20275493,1,1,207.91876736,1
3719,0.54911962,0.61949808,0.52334401,0.68371803,0.49120837,10.35352961,10.4207578,1,1,177.20334292,1
3720,0.54908035,0.62013571,0.52340777,0.70883812,0.51133919,10.25208917,10.34824693,1,1,212.68498259,1
3721,0.51676199,0.58454313,0.52670937,0.74466135,0.49111241,10.36899141,10.4607108,1,1,1323.06578854,1
3722,0.53698351,0.59916698,0.54265246,0.71821239,0.50818688,10.21463808,10.24567667,1,1,718.85490632,1
3723,0.52487328,0.58593202,0.5317114,0.69072707,0.52795103,10.47532812,10.4977225,1,1,113.84601463,1
3724,0.51974792,0.57379838,0.52958602,0.65361759,0.50752501,10.18582869,10.18772317,1,1,586.67575591,1
3725,0.50762903,0.56988431,0.52016399,0.61054546,0.487811,10.3686231,10.40630637,1,1,367.43065247,1
3726,0.50331045,0.58360903,0.53128463,0.59381729,0.50801251,10.16603683,10.19023218,1,1,1056.72826225,1
3727,0.50342727,0.58491212,0.53138291,0.62959801,0.48786558,10.19887103,10.24503926,1,1,270.04364487,1
3728,0.44686338,0.59633096,0.55762873,0.58705122,0.50810744,10.07760336,10.10793678,1,1,661.82442274,1
3729,0.4710518,0.60238878,0.53615256,0.62530954,0.52794518,10.40644099,10.41324065,1,1,536.43344826,1
3730,0.47045613,0.60518285,0.55023119,0.59363745,0.54738531,9.87082275,9.90073747,1,1,161.24938131,1
3731,0.49146336,0.59865996,0.54586133,0.55181973,0.52664049,10.44282761,10.54550724,1,1,202.34633346,1
3732,0.48990389,0.58548692,0.55484524,0.6705727,0.5198307,9.958495,9.98451239,1,1,123.94079499,0
3733,0.50730502,0.56938592,0.54606443,0.78650699,0.46246081,10.36280998,10.43581413,1,1,340.57024137,0
3734,0.50783505,0.57003927,0.54601284,0.66077685,0.40614606,10.17517448,10.26834445,1,1,299.43792993,0
3735,0.4851889,0.52380458,0.54276107,0.58132045,0.34293376,10.2781403,10.32360445,1,1,137.5424503,0
3736,0.47013821,0.4673866,0.52884508,0.61049607,0.28130987,10.07885764,10.13007956,1,1,227.3766722,0
3737,0.45355164,0.37154807,0.5015418,0.48892408,0.28235612,10.0553067,10.13531313,1,1,257.75144174,0
3738,0.45804646,0.2854871,0.4612321,0.39498348,0.22257773,10.27264212,10.35981084,1,1,393.03259367,0
3739,0.45718026,0.22696814,0.46334721,0.27709059,0.28467806,10.15075272,10.16752877,1,1,606.50404456,0
3740,0.45044614,0.17727399,0.43653364,0.40075617,0.34913614,10.32999886,10.35243774,1,1,204.3980391,0
3741,0.45047897,0.17716895,0.43684513,0.36275843,0.37215335,10.15396192,10.2162854,1,1,687.42046234,1
3742,0.5225121,0.19435733,0.4433208,0.32550544,0.35471221,10.24065789,10.30596724,1,1,299.34630966,1
3743,0.50720873,0.20375904,0.45320748,0.35257053,0.37200052,10.34262715,10.42192294,1,1,148.53028658,1
3744,0.51940851,0.21214773,0.44713931,0.39521612,0.38307488,10.01715155,10.06689798,1,1,198.53211091,1
3745,0.49940798,0.21964752,0.45252648,0.4373116,0.40322573,10.03123669,10.06354407,1,1,566.21474231,1
3746,0.52414922,0.23701833,0.44682583,0.39875742,0.38685895,10.26584169,10.27313907,1,1,337.51944364,1
3747,0.51621737,0.24868574,0.45616394,0.4407731,0.37082386,10.00294734,10.09816555,1,1,235.75406482,1
3748,0.51163841,0.26599333,0.45339869,0.47977966,0.39340738,10.30251635,10.34300789,1,1,194.78591356,1
3749,0.50729564,0.27125418,0.4579749,0.51757525,0.37553926,10.24253611,10.24309761,1,1,102.74704004,1
3750,0.51244006,0.28795455,0.45259419,0.54279438,0.35803121,10.12928983,10.17771261,1,1,189.06227667,1
3751,0.50017643,0.29306743,0.46249176,0.50194241,0.34089318,10.06140488,10.07424633,1,1,193.02098194,1
3752,0.50265182,0.28791222,0.45269875,0.54190063,0.36407532,10.21017356,10.239546,1,1,256.32165099,1
3753,0.50268018,0.28655422,0.4528824,0.50106507,0.38373387,10.26967313,10.33861929,1,1,416.19323966,1
3754,0.562561,0.29948825,0.46383434,0.46104386,0.37450161,10.09328888,10.09437263,1,1,188.7366823,1
3755,0.55867219,0.30519663,0.46387331,0.45512432,0.39701158,10.08525174,10.15823375,1,1,103.53856682,1
3756,0.55810969,0.32491509,0.46377041,0.49602183,0.37907527,10.2699732,10.28206427,1,1,102.92776662,1
3757,0.55471323,0.31817904,0.47237237,0.53610139,0.37107401,10.29427087,10.30100815,1,1,105.00508664,1
3758,0.55799564,0.34499575,0.48033645,0.57537819,0.35365266,9.98074739,10.04849789,1,1,383.31121127,1
3759,0.54320248,0.33964411,0.46858136,0.53387065,0.37483798,10.1778794,10.20987563,1,1,106.02994035,1
3760,0.53375353,0.34888889,0.46602053,0.57319324,0.35734122,10.1171606,10.19908846,1,1,298.88559717,1
3761,0.55397183,0.36039862,0.46690434,0.61170338,0.34019971,10.09537552,10.17525514,1,1,118.569603,1
3762,0.55360937,0.36189736,0.46728809,0.62431153,0.34099026,10.12621953,10.19661439,1,1,138.14016281,1
3763,0.60022072,0.34995773,0.47550186,0.66169426,0.32417388,10.05285222,10.11522353,1,1,120.25187455,1
3764,0.59272897,0.35588454,0.47671117,0.61846106,0.3476904,10.47985061,10.55271857,1,1,158.03243983,1
3765,0.57267808,0.37056731,0.48670599,0.65605542,0.36802972,10.04853216,10.05034226,1,1,1284.49792663,1
3766,0.56624451,0.38086202,0.48603012,0.69213543,0.39066913,9.96885117,9.97090881,1,1,141.1645033,1
3767,0.55352753,0.39145711,0.49902881,0.64830113,0.4128543,10.45832695,10.50613666,1,1,1305.69843252,1
3768,0.54548527,0.39822963,0.49140744,0.60622035,0.39459739,10.48798473,10.55480747,1,1,275.84049352,1
3769,0.54642572,0.39659811,0.49110823,0.64399486,0.37670544,10.14753081,10.15139869,1,1,119.68765368,1
3770,0.55932205,0.33655034,0.49808114,0.60111529,0.35917135,10.25377372,10.27241363,1,1,112.66862374,1
3771,0.54329407,0.3516088,0.52070275,0.5614668,0.38189224,10.47082643,10.57336297,1,1,109.84624471,1
3772,0.53878884,0.3488577,0.49355965,0.58395284,0.39252541,10.53804241,10.57553674,1,1,543.23691267,1
3773,0.54100386,0.37347369,0.50995138,0.54227383,0.40910346,10.33772202,10.4236744,1,1,266.39171862,1
3774,0.52978492,0.36220922,0.50870348,0.53171384,0.39092255,10.34544791,10.44655958,1,1,1192.74394864,1
3775,0.52934219,0.36276728,0.50869535,0.49107957,0.37311314,10.1266869,10.22690028,1,1,298.44781716,1
3776,0.61121396,0.36198883,0.51776679,0.45125838,0.35572562,9.95104212,9.99615644,1,1,414.22698573,1
3777,0.59302955,0.37972381,0.5337278,0.49213856,0.33861249,10.14702087,10.14735569,1,1,112.51940416,1
3778,0.59714862,0.39020453,0.51695048,0.45229589,0.32184024,10.06981678,10.11098355,1,1,104.33091475,1
3779,0.57623084,0.39842402,0.51068943,0.49324997,0.30540347,10.4205687,10.52214423,1,1,901.22538357,1
3780,0.56811133,0.40434362,0.52572483,0.4706434,0.32922992,10.09010011,10.11134933,1,1,1107.77149539,1
3781,0.57404945,0.41893226,0.52714899,0.43256441,0.35264529,10.30790296,10.32547401,1,1,106.95132425,1
3782,0.56294963,0.41263848,0.52861503,0.47390522,0.33601104,10.28544983,10.36307022,1,1,140.78253651,1
3783,0.56260461,0.4130822,0.52880083,0.51442595,0.31936923,10.43855728,10.50293775,1,1,159.69048124,1
3784,0.6135778,0.38111239,0.55794261,0.55325619,0.32604372,10.20784569,10.29802968,1,1,797.17851126,1
3785,0.60892145,0.40520823,0.53503198,0.51225545,0.30952285,10.20362674,10.2365266,1,1,523.16609364,1
3786,0.62021257,0.41568083,0.55727216,0.52587689,0.29339391,10.08289205,10.11683796,1,1,141.87504157,1
3787,0.61028128,0.41381927,0.54691088,0.48536172,0.31587172,10.62063438,10.71031128,1,1,377.73520816,1
3788,0.56902101,0.44201346,0.55337398,0.4648116,0.29987935,10.3154073,10.35813136,1,1,366.21363027,1
3789,0.56673298,0.44563153,0.53989424,0.42551854,0.32388104,10.15740014,10.19004065,1,1,507.70658676,1
3790,0.55184963,0.44497894,0.53801099,0.46700817,0.34232768,10.10828953,10.14855605,1,1,125.63800751,1
3791,0.55217777,0.44216181,0.53781366,0.42766932,0.36548113,10.30318428,10.33523855,1,1,173.83387221,1
3792,0.57914185,0.4251009,0.55403552,0.46911593,0.34835846,9.91819137,9.96282701,1,1,261.6330442,1
3793,0.55887281,0.41398261,0.56660898,0.50973361,0.33139144,10.50642448,10.54603702,1,1,138.37992953,1
3794,0.54559417,0.41863263,0.55921432,0.53545333,0.31477251,10.05763034,10.14926753,1,1,108.33682143,1
3795,0.54110676,0.42922946,0.559047,0.49475428,0.29958283,10.25691412,10.30111688,1,1,149.12499151,1
3796,0.52998968,0.42772236,0.55329655,0.46050197,0.32358543,10.42163888,10.46001429,1,1,306.86389875,1
3797,0.53053862,0.42938871,0.5531016,0.50129187,0.33895781,10.26865616,10.31703246,1,1,162.28825986,1
3798,0.56897737,0.4221552,0.56230383,0.541266,0.32217888,10.29968069,10.31948511,1,1,143.88109983,1
3799,0.56192481,0.44117235,0.57549175,0.58039285,0.3457353,10.11852023,10.18765454,1,1,899.93933556,1
3800,0.56691762,0.42941684,0.5722927,0.59683604,0.32882314,10.44310441,10.48147219,1,1,1162.52917275,1
3801,0.54156589,0.43698318,0.55044901,0.55489932,0.31226898,10.10793569,10.17755325,1,1,950.45200183,1
3802,0.54124906,0.45465038,0.55711798,0.51409887,0.3342551,10.13315484,10.1364205,1,1,418.24554551,1
3803,0.54291901,0.47340761,0.55050132,0.55282591,0.32037886,10.46330349,10.5587839,1,1,159.30220724,1
3804,0.54243328,0.47337086,0.55066814,0.51177919,0.34387645,10.36206756,10.45943652,1,1,248.93077301,1
3805,0.56962853,0.45891966,0.57749066,0.48472346,0.36175608,10.02726767,10.09597026,1,1,127.09210947,1
3806,0.57397258,0.46771569,0.56794324,0.52502553,0.34573769,9.91348175,9.9656897,1,1,955.76315987,1
3807,0.5596566,0.4846245,0.57042167,0.56351508,0.34538922,10.36727201,10.40988495,1,1,365.17942685,1
3808,0.53730636,0.4755936,0.56043166,0.60224476,0.32848144,10.10379947,10.11378298,1,1,276.9393032,1
3809,0.5202309,0.48842341,0.55657622,0.56030951,0.35190987,10.0253844,10.0610013,1,1,181.94013707,1
3810,0.52031951,0.48644744,0.55661653,0.5991033,0.33487168,10.03844771,10.08118738,1,1,398.40302211,1
3811,0.55585545,0.50659479,0.57553021,0.55712192,0.3572896,10.13742484,10.20483084,1,1,930.42487003,1
3812,0.56478051,0.49766971,0.575356,0.51597948,0.38006975,10.17242048,10.20962019,1,1,150.63003945,1
3813,0.55451849,0.50833401,0.55672372,0.55125338,0.36246837,10.26355205,10.30043932,1,1,251.72253234,1
3814,0.55295667,0.5296691,0.56732788,0.53237366,0.30160561,10.3637419,10.44989548,1,1,499.42018275,0
3815,0.5494991,0.5243671,0.5572212,0.65172617,0.24095866,10.07877742,10.11540025,1,1,418.16830992,0
3816,0.53041046,0.52943266,0.5553073,0.52869296,0.18373419,10.32096239,10.39651118,1,1,222.91217388,0
3817,0.53159871,0.55118654,0.56271903,0.64811897,0.24316004,10.15154275,10.2421387,1,1,136.7657335,0
3818,0.53119111,0.5501204,0.56306028,0.76515658,0.18019804,9.87106787,9.92027976,1,1,118.70339155,0
3819,0.48573396,0.48300445,0.52354694,0.66453104,0.23489482,10.31283798,10.38053655,1,1,597.61392122,0
3820,0.45282695,0.43229032,0.47681924,0.54128229,0.17160479,9.97841556,9.99791681,1,1,374.92553401,0
3821,0.39990521,0.34327996,0.41914918,0.44670402,0.11088827,10.03351247,10.06706441,1,1,177.59746955,0
3822,0.37039996,0.28022314,0.36041823,0.53372146,0.17184166,9.86116363,9.90177019,1,1,1014.01414794,0
3823,0.34596934,0.23543856,0.31316086,0.65297036,0.11315555,10.23779489,10.29904267,1,1,465.25047817,0
3824,0.34545158,0.23299789,0.31281583,0.76991095,0.16998974,10.16074432,10.21415183,1,1,1288.81628052,0
3825,0.43192704,0.3269568,0.36895331,0.64451287,0.22458279,10.22985351,10.29203721,1,1,282.87272285,0
3826,0.45967354,0.37572527,0.39201388,0.52355628,0.28145605,10.31654287,10.41494442,1,1,417.22489207,0
3827,0.49653743,0.46815077,0.44199441,0.60810041,0.22146324,10.22081773,10.27225196,1,1,170.27240252,0
3828,0.55208032,0.55920284,0.51382854,0.7259346,0.27875006,10.36920772,10.38880409,1,1,230.13328645,0
3829,0.59863556,0.66328224,0.58015983,0.68141591,0.26317506,10.19150342,10.26679198,1,1,125.27110313,1
3830,0.63141892,0.69962869,0.62592422,0.71778756,0.28791156,10.15879851,10.19491704,1,1,1277.33776669,1
3831,0.65284521,0.76918913,0.63687396,0.67343797,0.31201799,10.31391326,10.33675561,1,1,103.98370463,1
3832,0.65266921,0.76916852,0.63676965,0.62996949,0.29577767,10.32083437,10.3982265,1,1,124.5840147,1
3833,0.61800881,0.72169548,0.65895523,0.66736998,0.31981916,10.09369888,10.10086334,1,1,1480.52227849,1
3834,0.623363,0.73233878,0.64837021,0.62402258,0.30351313,9.95034634,9.97260048,1,1,143.63991795,1
3835,0.60561586,0.73816122,0.63770086,0.58154391,0.29014843,10.13621776,10.17440209,1,1,278.8056675,1
3836,0.59595024,0.74289423,0.64327647,0.61991302,0.31265943,10.34671221,10.44089357,1,1,149.4376972,1
3837,0.58591495,0.69937849,0.64640045,0.65751476,0.33640585,10.28429131,10.35315862,1,1,302.14352984,1
3838,0.57447765,0.69334523,0.64309371,0.69321755,0.3284468,10.17522227,10.22350547,1,1,140.2787128,1
3839,0.58050255,0.69236676,0.65814907,0.67517772,0.31350914,10.2678539,10.27352583,1,1,1216.07249281,1
3840,0.58206501,0.67455251,0.63131955,0.63402919,0.33723896,10.21468571,10.25570628,1,1,121.55816734,1
3841,0.57283532,0.7003463,0.65561477,0.67134855,0.3604756,10.35326549,10.4464951,1,1,408.74671446,1
3842,0.5643112,0.68296229,0.63545968,0.65999142,0.365848,10.54074268,10.5790953,1,1,257.8972277,1
3843,0.56805405,0.66070764,0.64131675,0.69679157,0.38673718,10.30977441,10.37728532,1,1,1038.00276595,1
3844,0.56862474,0.66184265,0.6412981,0.73285571,0.40900222,10.31260846,10.39753382,1,1,116.68905888,1
3845,0.53222096,0.61289879,0.65601618,0.68819861,0.39082506,10.2021987,10.29054739,1,1,106.54360985,1
3846,0.55494844,0.62237022,0.64291205,0.72443464,0.41283467,10.21878271,10.24928584,1,1,1058.17689002,1
3847,0.52509801,0.63333707,0.64001636,0.75944573,0.41459904,10.26430162,10.27944139,1,1,371.54826001,1
3848,0.53356702,0.62895947,0.66181874,0.79386741,0.43630684,10.45892915,10.53393604,1,1,244.16618077,1
3849,0.51995914,0.62551534,0.65413027,0.82551796,0.45758069,9.98601456,10.03676584,1,1,186.75818885,1
3850,0.52929364,0.62209816,0.62682958,0.8581304,0.43843191,10.19771459,10.24891838,1,1,100.70676237,1
3851,0.52951227,0.62232498,0.62688156,0.81140741,0.45966299,10.04035601,10.0640106,1,1,140.75863574,1
3852,0.50322799,0.62757704,0.63657371,0.84300635,0.47855284,9.99575141,10.07710434,1,1,201.75407027,1
3853,0.51298041,0.60558939,0.64526432,0.79614624,0.46274446,10.25357164,10.31320225,1,1,375.29452581,1
3854,0.50672633,0.59555406,0.61959682,0.83021994,0.48327361,10.33019901,10.36989437,1,1,143.382009,1
3855,0.49903547,0.59285144,0.6167007,0.86360642,0.46856245,10.23319768,10.30385751,1,1,101.52452406,1
3856,0.49429397,0.59665029,0.63680508,0.81633432,0.45525469,10.21833181,10.23928072,1,1,257.07327663,1
3857,0.5080563,0.59795637,0.63084865,0.83400545,0.47614886,10.39009106,10.41379796,1,1,771.51556172,1
3858,0.50807394,0.59906715,0.63093063,0.86692653,0.49197545,10.2127075,10.27550264,1,1,311.4162024,1
3859,0.4520151,0.59947182,0.62893419,0.89958795,0.51212431,10.2831433,10.33041292,1,1,153.44463953,1
3860,0.46280529,0.60680861,0.65095283,0.85159674,0.52276954,10.43703516,10.47569414,1,1,117.62692064,1
3861,0.48038971,0.60796363,0.63142329,0.8845648,0.53116171,10.19466434,10.21033313,1,1,717.27559863,1
3862,0.46523973,0.57136621,0.63652926,0.91676524,0.51053874,10.1798545,10.21013254,1,1,181.19096857,1
3863,0.4726176,0.58538995,0.64637506,0.94842994,0.490328,9.91867975,9.93484551,1,1,308.22149207,1
3864,0.47811666,0.55913492,0.6439368,0.97923807,0.47060839,10.12785966,10.21413077,1,1,143.72920684,1
3865,0.49337027,0.5544317,0.63378251,0.93462036,0.46757704,10.03837519,10.07344486,1,1,257.09047361,1
3866,0.49374003,0.55291919,0.63401106,0.96511498,0.4882249,10.56536882,10.60594586,1,1,183.1926974,1
3867,0.54099046,0.59558356,0.62872865,0.98579751,0.46846066,10.31187768,10.38061849,1,1,266.86623905,1
3868,0.52952014,0.6151098,0.63000793,1,0.46729522,10.07043603,10.07705541,1,1,994.56496215,1
3869,0.53557778,0.60054202,0.62851023,1,0.48117361,10.36751955,10.45196139,1,1,124.25381539,1
3870,0.53850965,0.60174219,0.60269146,1,0.50155007,10.15835666,10.21337446,1,1,101.29418064,1
3871,0.56896009,0.62601341,0.61687891,1,0.52151907,10.25019948,10.34385997,1,1,107.26109025,1
3872,0.56902207,0.62487976,0.6166739,1,0.50205295,10.36305779,10.46610184,1,1,954.63613778,1
3873,0.62241209,0.57346602,0.63618228,0.95001377,0.52169493,10.47853368,10.5339988,1,1,135.69511447,1
3874,0.58228016,0.59160269,0.64417201,0.98101349,0.5411577,10.01423456,10.06627309,1,1,350.89501665,1
3875,0.57283613,0.58497177,0.64107503,1,0.55414634,10.26392496,10.27516335,1,1,237.67761427,1
3876,0.58495905,0.60553315,0.61719361,1,0.53908511,10.3581429,10.38972474,1,1,235.09466912,1
3877,0.5490864,0.62536747,0.61671647,1,0.51854221,10.23186606,10.27602151,1,1,221.61841684,1
3878,0.54819666,0.63142649,0.61699452,1,0.53817136,10.3037307,10.38209863,1,1,113.03795191,1
3879,0.54869498,0.63499621,0.61706862,1,0.51792096,10.1365967,10.23196173,1,1,215.89802483,1
3880,0.50711218,0.58781207,0.6196828,1,0.53756011,10.4472646,10.44950277,1,1,106.74370452,1
3881,0.51079982,0.5818939,0.63634438,0.95680379,0.51680891,10.12852406,10.14829335,1,1,107.24565637,1
3882,0.50623234,0.58879024,0.61804692,0.9076681,0.53635919,10.16710654,10.17321714,1,1,133.4740419,1
3883,0.48960507,0.58906384,0.63438812,0.85988441,0.55526616,10.27106609,10.3388975,1,1,1003.37862154,1
3884,0.50720426,0.58625178,0.63576,0.81268672,0.53417835,10.02498408,10.11464198,1,1,110.76599834,1
3885,0.48805244,0.59645975,0.61089557,0.77147829,0.5135011,10.15379889,10.19744952,1,1,463.11481602,1
3886,0.48795737,0.59453801,0.61070173,0.77434792,0.53078536,9.86349504,9.88015939,1,1,123.48707564,1
3887,0.57531364,0.63465255,0.63077333,0.72895856,0.55016939,10.20529696,10.28537484,1,1,1460.02788491,1
3888,0.53950111,0.60892784,0.61092486,0.75133337,0.52916732,10.12133152,10.16772061,1,1,224.13346699,1
3889,0.56398614,0.63581597,0.63550373,0.78630667,0.53987554,10.08453184,10.15456647,1,1,238.15472508,1
3890,0.55617141,0.64592059,0.62672961,0.81645745,0.52696077,10.09898126,10.16782356,1,1,209.90391333,1
3891,0.5288103,0.66509101,0.62901543,0.77012865,0.54640976,10.3503286,10.42889277,1,1,296.01113761,1
3892,0.52065182,0.66288534,0.62316736,0.80469183,0.56541232,10.35123969,10.42709654,1,1,202.16275485,1
3893,0.52021388,0.6614899,0.6229179,0.75859811,0.54498003,10.27143974,10.32105447,1,1,744.8640917,1
3894,0.47050173,0.68059024,0.62667597,0.71344813,0.52408057,10.0329034,10.09050493,1,1,398.62049526,1
3895,0.47537191,0.6611782,0.65355332,0.7471411,0.50360002,10.16520281,10.20006108,1,1,112.34092347,1
3896,0.48043721,0.66379386,0.63292973,0.78219828,0.4835325,10.38723005,10.48487506,1,1,127.20422501,1
3897,0.48368069,0.6462325,0.64448415,0.74984634,0.46395152,10.3365702,10.37494039,1,1,176.7688831,1
3898,0.48806945,0.6462,0.61208131,0.74037478,0.48467176,10.69835658,10.71724312,1,1,872.35551875,1
3899,0.48668857,0.62535302,0.61258247,0.69557009,0.5049783,10.21171689,10.25750478,1,1,368.03493009,1
3900,0.50294264,0.59860572,0.61616746,0.73161911,0.52377269,10.34486478,10.36182561,1,1,403.19800017,1
3901,0.48273828,0.61628885,0.60784365,0.697627,0.50331956,10.56530824,10.6182109,1,1,865.99894073,1
3902,0.4821987,0.61716848,0.60807235,0.73367376,0.51968859,10.51291673,10.55462083,1,1,106.83807758,1
3903,0.46241435,0.65036639,0.60874406,0.68900038,0.49929482,10.18593233,10.25837744,1,1,123.67526874,1
3904,0.45878149,0.6281368,0.63534236,0.72519461,0.51918369,10.26136262,10.29628037,1,1,142.40477929,1
3905,0.4684373,0.63382324,0.60981742,0.68069264,0.53872008,10.0130548,10.05665319,1,1,293.93741861,1
3906,0.47487022,0.59682349,0.59970086,0.70549264,0.51794568,10.51899431,10.60549959,1,1,226.78930261,1
3907,0.47328267,0.58687086,0.60529339,0.72001366,0.49759063,9.81606258,9.89401941,1,1,113.53936435,1
3908,0.48409854,0.58494802,0.5946161,0.67598844,0.47763975,10.03139416,10.06120127,1,1,164.65461456,1
3909,0.47532964,0.5833499,0.59655648,0.63246878,0.45808696,10.33006498,10.41218339,1,1,338.0839703,1
3910,0.47494736,0.5819506,0.59657975,0.58982071,0.43892532,10.10573217,10.17755486,1,1,168.59728569,1
3911,0.44762596,0.60342804,0.60994369,0.54802433,0.46011207,10.17934999,10.25651721,1,1,275.06222793,1
3912,0.43850642,0.60585853,0.59823735,0.50706596,0.48090983,10.55222633,10.64393172,1,1,100.47453752,1
3913,0.44879707,0.57786874,0.59314688,0.54682986,0.50030333,10.43596273,10.52556625,1,1,182.29214122,1
3914,0.45363117,0.57621592,0.59842441,0.58585008,0.52029723,10.60465943,10.62247451,1,1,285.07474452,1
3915,0.46138097,0.56684272,0.60768908,0.62284087,0.49989129,9.90483499,9.93963075,1,1,137.55722284,1
3916,0.46622763,0.5459366,0.61695318,0.58038499,0.50823673,10.18665512,10.27877932,1,1,101.0487864,1
3917,0.46953117,0.5382641,0.61550475,0.61835351,0.52802909,10.15640911,10.17733426,1,1,128.04148987,1
3918,0.46392723,0.52848225,0.59032662,0.57730092,0.53829612,10.04148112,10.07588975,1,1,167.2613008,1
3919,0.46332586,0.52875134,0.59032038,0.53634804,0.51764789,10.24770501,10.28516494,1,1,103.08035314,1
3920,0.44549928,0.53714583,0.60326181,0.49921554,0.49729494,10.07103467,10.09114948,1,1,102.50442979,1
3921,0.45244727,0.5547578,0.60513179,0.45988394,0.51593356,10.54882099,10.60741593,1,1,114.57080959,1
3922,0.46793559,0.53774959,0.59850624,0.50068625,0.53561465,10.00364428,10.01694402,1,1,108.70156586,1
3923,0.45981177,0.52340378,0.60979639,0.46985683,0.51490796,10.48126463,10.54177393,1,1,218.16775542,1
3924,0.47544381,0.5061029,0.61266802,0.43227908,0.53331186,10.26555423,10.35646028,1,1,604.33639784,1
3925,0.4802833,0.50720962,0.60464636,0.473632,0.53098806,10.06050182,10.07248676,1,1,1324.34188673,1
3926,0.47798609,0.4953535,0.6022006,0.43415936,0.51231533,10.24753221,10.29051956,1,1,1004.88839765,1
3927,0.47824371,0.49624457,0.60231471,0.47341551,0.49206918,9.95620633,9.98910604,1,1,106.17923891,1
3928,0.52039379,0.55368196,0.63099128,0.5139472,0.47278425,10.29876115,10.30639176,1,1,175.75262986,1
3929,0.52115264,0.54543353,0.62398018,0.55366826,0.49332154,10.18869958,10.22053133,1,1,584.5580018,1
3930,0.53075454,0.56516034,0.5889193,0.51259497,0.5134547,10.28409651,10.3052693,1,1,106.74934029,1
3931,0.53498957,0.5671768,0.57773687,0.48759421,0.53220686,10.26999803,10.27826845,1,1,107.83043022,1
3932,0.52085739,0.54554791,0.57451968,0.52784232,0.51156564,10.21567189,10.23785668,1,1,1008.32306609,1
3933,0.52003018,0.54385818,0.57411175,0.48733909,0.52179579,10.37037311,10.430003,1,1,104.02643753,1
3934,0.48917964,0.51701078,0.59483507,0.52759229,0.54135977,10.36122493,10.46271725,1,1,150.39045896,1
3935,0.47923875,0.51092211,0.58873733,0.48704586,0.53754027,9.99979058,10.05723296,1,1,359.23845226,1
3936,0.49046924,0.52147068,0.57249526,0.52730394,0.55678946,10.13212359,10.16806528,1,1,1476.53424266,1
3937,0.47586577,0.50329085,0.57278548,0.55791034,0.57565367,10.48512203,10.52037993,1,1,1004.9081178,1
3938,0.48479913,0.50483602,0.57802678,0.51675224,0.57292223,10.23841213,10.33358438,1,1,115.86063862,1
3939,0.46996695,0.51485838,0.58117964,0.54724339,0.55178662,10.31931959,10.32870126,1,1,101.13956951,1
3940,0.47051994,0.51326689,0.58079977,0.58629842,0.53474613,9.88101738,9.93359588,1,1,143.24662933,1
3941,0.54011072,0.56215906,0.6071216,0.54464969,0.5502398,10.07017654,10.12958014,1,1,112.02223924,1
3942,0.54749462,0.54924289,0.60280872,0.58375595,0.53452787,10.20031773,10.27117107,1,1,1313.46588132,1
3943,0.52233316,0.58064752,0.60457008,0.54208087,0.51610761,10.12147515,10.19726359,1,1,244.96061895,1
3944,0.5234164,0.57703657,0.59445961,0.58123855,0.5357854,10.19848066,10.2666766,1,1,130.42005869,1
3945,0.52334479,0.57365536,0.59440097,0.59752008,0.55506854,10.17832574,10.22217732,1,1,1557.19873322,1
3946,0.52265368,0.60134907,0.60103117,0.63552847,0.53396717,10.34796406,10.34930526,1,1,109.13738894,1
3947,0.51577289,0.60414482,0.59204947,0.5928179,0.51340458,9.95079809,9.98705402,1,1,179.76883934,1
3948,0.51550005,0.60487192,0.59220358,0.63096087,0.52232545,10.17129127,10.18478572,1,1,109.5758718,1
3949,0.48861547,0.59833884,0.61608398,0.58834216,0.54179416,10.10673986,10.12794856,1,1,1055.45784169,1
3950,0.4851988,0.60890203,0.59651903,0.54657532,0.56095807,10.23791338,10.27364701,1,1,101.91662999,1
3951,0.48014977,0.60396648,0.60695774,0.56125934,0.57973891,10.14789081,10.1972928,1,1,144.02765475,1
3952,0.47659208,0.57011111,0.60456427,0.52003417,0.59814395,10.19437136,10.1957178,1,1,104.39092827,1
3953,0.4955452,0.56399905,0.60780268,0.47966138,0.61618105,10.03131501,10.09452503,1,1,112.13570287,1
3954,0.50535787,0.55255986,0.60237507,0.52006487,0.63371871,10.36486353,10.42121676,1,1,144.49585067,1
3955,0.47944734,0.5636525,0.58748963,0.47966803,0.61104463,10.26064875,10.27356754,1,1,103.92109144,1
3956,0.4912131,0.54472327,0.59001965,0.47357943,0.58882375,10.46223654,10.4977066,1,1,320.01605145,1
3957,0.48438216,0.53697774,0.60310069,0.4341221,0.60525384,10.27804734,10.31524122,1,1,108.92990256,1
3958,0.48462292,0.53708438,0.60278089,0.39544298,0.62314873,10.34425025,10.40313579,1,1,100.95871444,1
3959,0.45232618,0.54264235,0.60645291,0.42388846,0.60068601,10.21794109,10.31834748,1,1,127.85209234,1
3960,0.4744564,0.55675304,0.61872612,0.38546192,0.61863362,10.02617839,10.04984559,1,1,112.75132257,1
3961,0.47188525,0.52221464,0.60042162,0.42769565,0.63512969,10.60216611,10.6208174,1,1,112.8223506,1
3962,0.48342254,0.5253626,0.62635927,0.38914212,0.61242855,10.22156306,10.28070377,1,1,132.90672676,1
3963,0.4843745,0.50314079,0.60842647,0.4313417,0.59032894,10.20066576,10.25759508,1,1,1215.22705075,1
3964,0.48021763,0.51377004,0.62789243,0.40652533,0.60850761,10.1421807,10.15768691,1,1,135.50261227,1
3965,0.46806968,0.48387686,0.60077511,0.38194337,0.62633722,10.19175119,10.19814291,1,1,597.88826586,1
3966,0.47952098,0.5045506,0.59392274,0.34430514,0.60385086,10.04093058,10.11362611,1,1,109.37570493,1
3967,0.47987548,0.50422083,0.59374065,0.30742642,0.59292223,10.23850292,10.34076169,1,1,123.94517471,1
3968,0.52463477,0.56298137,0.6192233,0.35127789,0.61106369,10.10668101,10.10985416,1,1,161.43361127,1
3969,0.54332786,0.56454907,0.60007717,0.39390626,0.60650253,10.12107023,10.14605556,1,1,166.23691405,1
3970,0.55525922,0.56307894,0.56561111,0.35602814,0.62436523,10.32765857,10.36934491,1,1,325.77916036,1
3971,0.53602485,0.56343114,0.58181876,0.39890757,0.64033681,10.25906876,10.33188854,1,1,302.95779608,1
3972,0.54094815,0.56990106,0.55540781,0.36092942,0.64602579,10.30899003,10.31670538,1,1,682.38905328,1
3973,0.54154857,0.57205879,0.55546468,0.32371083,0.66310527,10.25952157,10.33991307,1,1,142.69001338,1
3974,0.54024652,0.55689232,0.57429081,0.29109395,0.6532489,10.25352469,10.32044436,1,1,880.50800406,1
3975,0.52444037,0.56245642,0.5652775,0.25830846,0.63018464,10.19246202,10.2287382,1,1,161.49788373,1
3976,0.50068753,0.55355698,0.55703051,0.22314229,0.64730177,10.27691635,10.33885029,1,1,225.39711104,1
3977,0.52293108,0.53024151,0.55096555,0.18884883,0.63923734,10.18672154,10.23869995,1,1,1069.53286895,1
3978,0.50184734,0.53965065,0.54823005,0.16975769,0.6164526,10.42936252,10.43672623,1,1,209.67738709,1
3979,0.50231267,0.53879323,0.54801013,0.21636254,0.59412355,9.99010342,10.01189914,1,1,254.26253832,1
3980,0.45118742,0.55562194,0.56808562,0.18433159,0.60327422,9.95344444,10.0118075,1,1,432.56919721,1
3981,0.47750409,0.5497358,0.55872281,0.15064497,0.58123297,9.97886337,10.02773697,1,1,101.63715368,1
3982,0.48070813,0.55761918,0.55344943,0.11768246,0.58943062,10.03020579,10.03726469,1,1,103.2729195,1
3983,0.48435832,0.52763266,0.55761562,0.08532883,0.60763576,9.86589533,9.92985669,1,1,379.44923291,1
3984,0.49250591,0.5380788,0.55940306,0.13189458,0.6254817,10.23547774,10.25747627,1,1,108.84912306,1
3985,0.49284417,0.53713893,0.55951866,0.11062796,0.60301394,10.06999644,10.15689184,1,1,368.87452264,1
3986,0.45245759,0.55536069,0.57596241,0.15841467,0.58095371,10.09895413,10.15395712,1,1,845.77598101,1
3987,0.47070882,0.54181713,0.57551441,0.19351624,0.595853,10.76412575,10.78530013,1,1,246.91775581,1
3988,0.46943565,0.53474252,0.57174644,0.23964592,0.57427623,9.80517518,9.88528246,1,1,385.23167198,1
3989,0.4717932,0.51902583,0.56702976,0.25421532,0.560233,10.12669648,10.13818834,1,1,164.73762963,1
3990,0.47299341,0.51996466,0.55834443,0.26394272,0.53904247,10.34302953,10.35941825,1,1,423.06426452,1
3991,0.47262221,0.52140904,0.55860824,0.30865997,0.51868413,10.12019334,10.20338112,1,1,238.93824549,1
3992,0.44657696,0.56436273,0.58249247,0.27317293,0.52341756,10.23354739,10.30118546,1,1,168.9925116,1
3993,0.44089726,0.55632093,0.58735837,0.31770923,0.5428741,10.15203901,10.16782627,1,1,1180.78616114,1
3994,0.4573615,0.54884,0.57344673,0.28136926,0.52201662,10.07196735,10.14608175,1,1,406.19923304,1
3995,0.47979411,0.53254118,0.55345636,0.24576047,0.50169211,9.9970751,10.04392358,1,1,231.8662444,1
3996,0.4663135,0.5418836,0.55975332,0.21211549,0.48445095,9.98937982,10.00691016,1,1,135.89967805,1
3997,0.49560908,0.5347932,0.56180958,0.24333245,0.4648175,9.94881978,10.00612206,1,1,1109.83951747,1
3998,0.49600788,0.5366985,0.56145083,0.21083844,0.48540877,10.59126344,10.63883193,1,1,1045.82137424,1
3999,0.45723203,0.53600081,0.58390943,0.17662186,0.4657074,9.54486942,9.613624,1,1,269.6342611,1
4000,0.44509946,0.52588532,0.56107624,0.22308413,0.44639331,10.09422675,10.17206205,1,1,1051.548811,1
4001,0.46018474,0.52341435,0.55679236,0.23830729,0.42748508,10.38520171,10.4778698,1,1,334.62295094,1
4002,0.46860343,0.52372542,0.56542165,0.23941535,0.40918912,10.10967058,10.14430474,1,1,205.13853078,1
4003,0.48480474,0.52717973,0.56347295,0.28462704,0.39101275,10.39881198,10.4552926,1,1,106.83129094,1
4004,0.48475733,0.52521049,0.56333018,0.24894676,0.37320167,10.27024356,10.32411061,1,1,660.45285422,1
4005,0.49477667,0.60261039,0.56870978,0.21396783,0.39573764,10.38948592,10.42027864,1,1,126.19761385,1
4006,0.48842878,0.61915831,0.57793866,0.25567847,0.37782289,10.04034685,10.05262444,1,1,327.42689502,1
4007,0.51234103,0.60923895,0.57306274,0.25123565,0.40026636,10.12597305,10.2005448,1,1,330.18379418,1
4008,0.50842988,0.59049493,0.56089579,0.21661882,0.38231815,10.37012303,10.41863782,1,1,220.00917641,1
4009,0.51570405,0.57411872,0.54194385,0.26204806,0.36467274,10.20166197,10.27205371,1,1,383.20582371,1
4010,0.5155376,0.57218072,0.54199155,0.3068071,0.34737937,10.2211004,10.32164799,1,1,219.43740736,1
4011,0.48103707,0.57193247,0.57003734,0.35066498,0.37043177,10.07746277,10.11277482,1,1,612.71543074,1
4012,0.47095467,0.54897462,0.55700159,0.31766135,0.35332011,10.26939732,10.35510388,1,1,826.16517933,1
4013,0.48044665,0.56748896,0.56020509,0.28139395,0.35301009,10.47350739,10.56722081,1,1,101.87222285,1
4014,0.48576461,0.53612551,0.56247209,0.32576393,0.37594683,10.16391873,10.26215992,1,1,738.42061586,1
4015,0.48802185,0.54645517,0.53677301,0.28924865,0.35842821,10.17751291,10.2375423,1,1,124.69805682,1
4016,0.49214815,0.52938973,0.56603202,0.33346368,0.34359525,10.29753542,10.3717132,1,1,101.24366216,1
4017,0.49192988,0.53105475,0.56649681,0.37679441,0.36566532,10.2803239,10.36715138,1,1,149.79797611,1
4018,0.48149055,0.59761895,0.5596804,0.33975919,0.35426287,10.01607098,10.08161167,1,1,297.68767088,1
4019,0.47872937,0.58489946,0.56829773,0.38296385,0.33731321,10.04035853,10.0689305,1,1,391.75919352,1
4020,0.49616784,0.57020751,0.54326742,0.42469487,0.3205688,10.4791027,10.5333628,1,1,172.98959766,1
4021,0.51750705,0.57729512,0.55071354,0.45885539,0.30416199,10.15195881,10.2291285,1,1,796.67860851,1
4022,0.50137564,0.56045971,0.51894187,0.41995091,0.32807875,10.22146616,10.30131887,1,1,184.19663254,1
4023,0.50040761,0.56198575,0.51887457,0.4484814,0.31152466,10.23303271,10.30112378,1,1,802.5061563,1
4024,0.46612115,0.58351863,0.5253008,0.43961832,0.29529417,10.19522726,10.24493879,1,1,119.56097598,1
4025,0.4615334,0.54565449,0.53080228,0.48082245,0.28239517,10.40322136,10.46036412,1,1,178.78952937,1
4026,0.48101684,0.56788588,0.53634305,0.52120085,0.30120582,10.07454416,10.07624588,1,1,164.31803247,1
4027,0.48981478,0.5478409,0.53324081,0.56071976,0.3251817,10.20041758,10.20494255,1,1,866.45358021,1
4028,0.48654247,0.52781424,0.53077408,0.51950661,0.34867806,9.99324326,10.06346099,1,1,292.62896348,1
4029,0.49264482,0.5205861,0.52040876,0.47911655,0.33334979,10.17280296,10.18613213,1,1,120.51994111,1
4030,0.47032131,0.51227235,0.54511281,0.46093259,0.35668268,10.43087308,10.46270051,1,1,608.22987717,1
4031,0.48640883,0.49707663,0.51737332,0.50066446,0.37954902,10.57651425,10.6570906,1,1,244.65189839,1
4032,0.47441037,0.50680654,0.53159432,0.48989915,0.40195794,10.28971678,10.37936662,1,1,497.87583076,1
4033,0.47435805,0.50637296,0.53136444,0.48990847,0.39487428,10.03606002,10.12775415,1,1,296.97472037,1
4034,0.45829663,0.56837108,0.54946827,0.45206862,0.41066688,10.24330774,10.25017532,1,1,197.11005494,1
4035,0.45192683,0.55327946,0.55389571,0.41302989,0.43227733,9.88077895,9.97384428,1,1,874.66194882,1
4036,0.48058791,0.54023796,0.5442348,0.45476807,0.44521342,10.17713913,10.27167049,1,1,109.21841193,1
4037,0.47309358,0.52490384,0.53599637,0.41782667,0.42681357,9.93460509,9.9438217,1,1,160.31768693,1
4038,0.49620657,0.52913857,0.52832351,0.45945161,0.44827608,10.17277242,10.2066047,1,1,650.30074264,1
4039,0.49657733,0.52656748,0.52832377,0.48372287,0.46931047,10.00030163,10.06419009,1,1,804.41207989,1
4040,0.49578135,0.57978413,0.55460264,0.44404852,0.48906869,10.19887774,10.23208857,1,1,116.25524655,1
4041,0.4957534,0.59887243,0.5254384,0.48516736,0.5092829,9.95049456,9.9870322,1,1,727.37561493,1
4042,0.49967824,0.57900944,0.53464206,0.52193872,0.52909721,10.16635746,10.16833812,1,1,277.91048915,1
4043,0.50626219,0.55853267,0.52615875,0.56149273,0.50851527,10.03954443,10.05016757,1,1,267.39672608,1
4044,0.52289201,0.56246382,0.52576848,0.60020579,0.52832586,10.09971015,10.12763535,1,1,492.37403278,1
4045,0.52338758,0.56090927,0.52579756,0.63815031,0.51015028,10.19352147,10.22023422,1,1,802.02518024,1
4046,0.50195132,0.56018828,0.54824947,0.66702735,0.52994675,10.60282956,10.68098635,1,1,103.85781091,1
4047,0.49677593,0.54321115,0.55122309,0.70368608,0.50934782,10.47411161,10.48077241,1,1,624.62287485,1
4048,0.49277713,0.55033873,0.5493732,0.65973263,0.52916083,10.27484842,10.36131828,1,1,149.36075768,1
4049,0.48995789,0.54593093,0.54942411,0.61654168,0.50857761,10.51887252,10.55773832,1,1,608.16281779,1
4050,0.49643279,0.5257748,0.5465872,0.65421076,0.48840612,10.14931364,10.17940086,1,1,1326.46946092,1
4051,0.49633774,0.52587923,0.5469662,0.61115393,0.46863801,10.02734541,10.06169846,1,1,178.15503932,1
4052,0.45867682,0.55007505,0.55388695,0.6488917,0.48667959,10.27737385,10.28033765,1,1,104.66904296,1
4053,0.47621774,0.54335181,0.56940215,0.68591247,0.47126912,10.13065833,10.21045743,1,1,282.63145353,1
4054,0.46029099,0.53275203,0.54639448,0.64588827,0.45184374,10.20060431,10.27887674,1,1,143.89827209,1
4055,0.47910343,0.53505057,0.5454269,0.60297314,0.43469351,10.28988202,10.34170972,1,1,104.70456117,1
4056,0.49189534,0.50221224,0.54615111,0.64091368,0.41842908,10.50700807,10.5920883,1,1,1382.20376069,1
4057,0.48148204,0.50324114,0.56111554,0.60377906,0.42008359,10.29529681,10.29857662,1,1,169.27668797,1
4058,0.48427895,0.50168133,0.55307791,0.63104168,0.44168192,10.43957355,10.46058365,1,1,275.50145808,1
4059,0.48400218,0.50190503,0.55339325,0.66831371,0.45158429,10.23836543,10.24660808,1,1,219.80290154,1
4060,0.53806184,0.54045151,0.55894616,0.68869331,0.43258754,10.34874397,10.3934792,1,1,116.77618993,1
4061,0.5430088,0.53564525,0.56495085,0.64491948,0.41394179,10.03980539,10.08338593,1,1,155.354319,1
4062,0.5488047,0.55699368,0.55148875,0.60202534,0.39566449,10.27665329,10.36481768,1,1,745.59097715,1
4063,0.53004093,0.55275766,0.55056213,0.63998404,0.41774872,10.2783872,10.37539804,1,1,207.23039699,1
4064,0.51994533,0.54256023,0.53255324,0.59719628,0.43939375,10.37043851,10.38491958,1,1,132.96292102,1
4065,0.52034557,0.54122513,0.53283223,0.55534985,0.46051537,10.37308485,10.37654228,1,1,105.19071662,1
4066,0.58927064,0.56108175,0.54390669,0.51431218,0.48130506,10.56931733,10.57335436,1,1,630.94389151,1
4067,0.58062874,0.56793749,0.54629719,0.47419702,0.46355058,10.35545479,10.42861351,1,1,390.22951363,1
4068,0.58030951,0.57246763,0.5548193,0.43728512,0.44427957,10.33555793,10.34618176,1,1,112.69177304,1
4069,0.56028888,0.58178714,0.54594901,0.47853901,0.46539395,10.2794184,10.36644273,1,1,101.56985756,1
4070,0.55179767,0.58463065,0.53179379,0.51896772,0.44617901,10.36325349,10.41371605,1,1,368.12972496,1
4071,0.5427797,0.60502503,0.5468049,0.55858741,0.4672536,10.11944388,10.21821235,1,1,101.21826319,1
4072,0.54253569,0.60665037,0.54646072,0.52913046,0.48790852,10.26725782,10.28670551,1,1,140.15741673,1
4073,0.49536595,0.57687282,0.57269007,0.56546576,0.50815035,10.34977055,10.4161155,1,1,162.6856612,1
4074,0.5131003,0.57794792,0.55699629,0.60415644,0.49186872,10.306068,10.34986447,1,1,155.05557614,1
4075,0.50647317,0.58590746,0.54298448,0.60653215,0.472037,10.1660675,10.17634084,1,1,625.8840825,1
4076,0.49035385,0.55570626,0.54627921,0.6444015,0.46377974,10.08531614,10.18595787,1,1,128.24555001,1
4077,0.49910281,0.55022781,0.54098156,0.68135792,0.46756765,10.24614866,10.33317636,1,1,315.66435539,1
4078,0.51109462,0.57333246,0.54607855,0.70632456,0.48821629,10.23729874,10.25784222,1,1,519.8633142,1
4079,0.51122171,0.57184743,0.54581086,0.72341352,0.50413095,10.1647812,10.19755942,1,1,168.63221056,1
4080,0.55144092,0.54231652,0.55287233,0.72824427,0.49018782,10.26927718,10.32589745,1,1,127.58658108,1
4081,0.56932491,0.5780726,0.54073218,0.68757431,0.51038406,9.99876971,10.02182371,1,1,122.66472348,1
4082,0.545927,0.59105997,0.52045365,0.64382292,0.53017638,10.28077185,10.37682767,1,1,107.17221174,1
4083,0.54174147,0.57433378,0.53243159,0.6802693,0.50961604,10.12954371,10.19064819,1,1,109.57230559,1
4084,0.54178557,0.57553382,0.53253605,0.63668593,0.52854214,10.41279345,10.4366096,1,1,167.27675465,1
4085,0.51284714,0.55422227,0.53631504,0.59433505,0.50797131,10.12351999,10.22417612,1,1,742.7871538,1
4086,0.51573043,0.54988197,0.54170897,0.60382352,0.50281339,10.24352652,10.32552228,1,1,1368.46659295,1
4087,0.51897248,0.53023929,0.52885633,0.64174703,0.50086973,10.30774705,10.32082691,1,1,195.81051164,1
4088,0.49638509,0.55097935,0.54327613,0.63523071,0.48145619,10.02220937,10.07741837,1,1,314.69445699,1
4089,0.51964825,0.5314394,0.54692962,0.5925264,0.46183336,10.04796087,10.09708451,1,1,731.00207067,1
4090,0.51963106,0.53174403,0.5467279,0.57009175,0.4825845,10.20066207,10.2235187,1,1,487.87064478,1
4091,0.55891075,0.5205231,0.57759369,0.53846312,0.48862997,9.91963627,9.92058427,1,1,113.92717515,1
4092,0.53584749,0.5337943,0.55101176,0.55417417,0.46885839,10.58385203,10.58409707,1,1,501.81836137,1
4093,0.53183548,0.55029168,0.5481306,0.59309069,0.48507752,10.33308785,10.36647192,1,1,148.70965756,1
4094,0.52334282,0.54583409,0.54461352,0.63122887,0.46537597,10.30421665,10.30647844,1,1,136.24403387,1
4095,0.53106872,0.55012527,0.56332147,0.59078848,0.47678797,10.42648434,10.49368624,1,1,1251.54634798,1
4096,0.50627364,0.56296703,0.55549109,0.54897577,0.49725221,10.09167159,10.18973407,1,1,104.23646602,1
4097,0.50491008,0.56346222,0.55531852,0.58665225,0.51730716,10.22800831,10.2527854,1,1,120.66291434,1
4098,0.54384955,0.6253059,0.56558725,0.62491906,0.53693828,10.29725287,10.36364156,1,1,203.33917793,1
4099,0.54250637,0.61922755,0.56351223,0.58242068,0.51649929,10.14849351,10.16292954,1,1,105.09890791,1
4100,0.55089873,0.61428005,0.54347904,0.59931962,0.50753428,10.05310414,10.10657077,1,1,164.46219927,1
4101,0.56865149,0.62300142,0.53607831,0.63733322,0.49003812,10.3611677,10.41071636,1,1,830.35405882,1
4102,0.56834443,0.6229077,0.53624926,0.67457395,0.51021037,10.22062272,10.27302883,1,1,497.1854919,1
4103,0.53515724,0.57299987,0.55117304,0.63609912,0.49000616,10.15274201,10.24309443,1,1,1248.44135571,1
4104,0.51913265,0.57803331,0.5664519,0.59343921,0.47020605,10.10456236,10.16889131,1,1,102.4072527,1
4105,0.51449855,0.57337129,0.55151082,0.55185407,0.45080951,10.25714397,10.29681495,1,1,127.18309603,1
4106,0.51191345,0.5708462,0.54283855,0.59081326,0.44914404,10.03928411,10.07033015,1,1,360.53574988,1
4107,0.52986172,0.55785855,0.5385091,0.54899899,0.43030945,10.45185818,10.54786333,1,1,102.81670045,1
4108,0.52225385,0.55491739,0.54156517,0.57959914,0.44399202,9.9747509,10.02432544,1,1,146.90931906,1
4109,0.52521948,0.56985991,0.55000406,0.53803689,0.42518333,10.00549626,10.0793534,1,1,190.41116563,1
4110,0.5254162,0.56690329,0.54998315,0.49727617,0.4398405,10.21916721,10.30306342,1,1,115.15726808,1
4111,0.5037095,0.57598437,0.56614599,0.45735715,0.42173473,10.03466383,10.10909657,1,1,105.31277897,1
4112,0.50734264,0.56435921,0.58069562,0.42216032,0.40533962,10.09338126,10.14490879,1,1,106.94166959,1
4113,0.49085283,0.55193161,0.56249948,0.42410624,0.42703013,10.25589345,10.35641714,1,1,173.39274283,1
4114,0.48734399,0.53830132,0.57669153,0.38589825,0.40848985,10.13857291,10.20696572,1,1,113.29764438,1
4115,0.49180673,0.52603647,0.56019444,0.4270987,0.39033743,9.87907019,9.97760703,1,1,1080.32358406,1
4116,0.49247296,0.51379006,0.57301552,0.46736187,0.41239352,10.32204141,10.41433064,1,1,972.31613051,1
4117,0.4973259,0.51348199,0.55262252,0.5027384,0.39414587,9.94386055,10.04170378,1,1,179.14944531,1
4118,0.49771412,0.51243582,0.55248295,0.46268363,0.41626225,10.42568426,10.50408724,1,1,112.3872069,1
4119,0.5107559,0.57829366,0.57910476,0.43188761,0.3979435,10.08039255,10.08237418,1,1,159.75083142,1
4120,0.54539877,0.59737239,0.56470934,0.47324983,0.41953519,10.34962329,10.36573684,1,1,412.58468437,1
4121,0.54306437,0.58822665,0.55775064,0.43380207,0.43816978,10.28078108,10.33111972,1,1,240.87192273,1
4122,0.55162103,0.5612903,0.55139503,0.47512187,0.41940729,10.17616261,10.23655899,1,1,220.05617466,1
4123,0.56806181,0.58120836,0.53728566,0.43562358,0.41376797,10.09153199,10.10802706,1,1,273.27038969,1
4124,0.56824778,0.58045077,0.53728798,0.47681153,0.4351413,10.15118667,10.21514611,1,1,237.13101457,1
4125,0.5636942,0.52927422,0.5612342,0.35802023,0.49146753,10.08433236,10.13368993,1,1,113.37707897,0
4126,0.57088531,0.5591112,0.54218463,0.45643669,0.55322442,10.07746055,10.11070956,1,1,145.21303404,0
4127,0.56193232,0.54750383,0.54065516,0.54504414,0.61405762,10.12491452,10.16102653,1,1,355.38158223,0
4128,0.54220232,0.55700352,0.53837556,0.42414694,0.67315523,9.85063514,9.8873432,1,1,111.81164751,0
4129,0.54336194,0.54796842,0.54451856,0.54566084,0.61467229,10.08750791,10.14875456,1,1,226.56500446,0
4130,0.53369275,0.54968058,0.5492132,0.42474762,0.55375923,10.42965977,10.52676367,1,1,277.04305436,0
4131,0.53411552,0.5493429,0.54898002,0.30625577,0.49597651,10.20228258,10.2266639,1,1,184.04672187,0
4132,0.45394645,0.46087663,0.55802013,0.43013065,0.43985181,10.11310142,10.17841281,1,1,424.46034646,0
4133,0.41498363,0.41928748,0.53313352,0.31567598,0.5012489,10.41301585,10.51041531,1,1,652.61495369,0
4134,0.32617508,0.35121923,0.50867325,0.19936562,0.44493554,10.29304333,10.30503067,1,1,463.38092542,0
4135,0.27806674,0.30344057,0.48700554,0.10908156,0.40599639,9.95329047,10.00790827,1,1,643.78355824,0
4136,0.2526656,0.27115964,0.47589434,0,0.35381476,10.18089235,10.19662661,1,1,160.69682359,0
4137,0.25248922,0.26996893,0.47625834,0.12999531,0.4231298,10.09511831,10.15984206,1,1,176.79108146,0
4138,0.34322956,0.38023624,0.48546331,0.25739276,0.49052988,10.22260008,10.2290134,1,1,1302.40004376,0
4139,0.40487717,0.43770714,0.51261855,0.38218642,0.43538203,10.2421223,10.34157656,1,1,277.15246208,0
4140,0.44730859,0.50231544,0.52364755,0.48897576,0.38558183,10.01634575,10.05970257,1,1,142.43055747,0
4141,0.50519318,0.56529132,0.52566717,0.37070988,0.32752829,10.29732209,10.35604783,1,1,875.62568642,0
4142,0.56929101,0.65015072,0.53475279,0.37075849,0.27491595,10.2755982,10.36046295,1,1,160.93607044,0
4143,0.59337804,0.66564008,0.5251677,0.49334195,0.30512158,10.21293848,10.24578839,1,1,325.3788428,0
4144,0.59274707,0.66451636,0.52536882,0.61346866,0.36525474,10.40619503,10.48643821,1,1,145.61253554,0
4145,0.53898467,0.61033492,0.5310408,0.64325246,0.34795114,9.98864981,10.00224441,1,1,464.28876871,1
4146,0.51345201,0.55260423,0.50226993,0.68038716,0.33099657,9.89273086,9.95814276,1,1,222.6277413,1
4147,0.47776468,0.47053741,0.48442372,0.64266804,0.35229268,9.9150095,10.01395545,1,1,113.17772726,1
4148,0.46928054,0.38908048,0.48223221,0.59982722,0.33526813,10.05964998,10.13906272,1,1,175.24122664,1
4149,0.44009446,0.31409841,0.45117176,0.56766551,0.31856296,10.1716662,10.22336178,1,1,341.78740614,1
4150,0.43798776,0.27913375,0.45726022,0.52633984,0.34219161,10.09733149,10.12350848,1,1,477.65228064,1
4151,0.43779394,0.2795198,0.45701613,0.56297191,0.36398061,10.19862887,10.21915441,1,1,399.74712286,1
4152,0.47808162,0.31527117,0.48162128,0.52171266,0.38666629,10.22866287,10.24165181,1,1,520.57985295,1
4153,0.50163373,0.32097032,0.47768867,0.52873753,0.40893243,10.11230363,10.11615524,1,1,263.98737686,1
4154,0.4831435,0.32016386,0.47761909,0.488656,0.41840666,9.82807161,9.89247321,1,1,205.16657687,1
4155,0.49126392,0.33144426,0.47337414,0.51267214,0.4017756,10.20573661,10.30080695,1,1,1117.9176203,1
4156,0.50078185,0.35196455,0.46816486,0.47245371,0.42374009,10.08175176,10.14634081,1,1,593.7413523,1
4157,0.49805699,0.34620548,0.46290652,0.51270268,0.42546553,9.93887621,9.9857132,1,1,135.89826298,1
4158,0.50931756,0.36557734,0.46298521,0.47609399,0.4078207,10.20496313,10.28382002,1,1,501.78784656,1
4159,0.49086632,0.36365236,0.48993221,0.47355616,0.38966551,10.13154445,10.1454101,1,1,169.52933139,1
4160,0.50725938,0.37612652,0.48437513,0.43408505,0.3718722,10.34582203,10.39102444,1,1,112.96314459,1
4161,0.50698828,0.37647682,0.48463789,0.39540476,0.35484317,10.26580193,10.33113917,1,1,514.5293873,1
4162,0.57764196,0.38029316,0.5086059,0.35750068,0.37750668,10.33581543,10.3941833,1,1,938.1966535,1
4163,0.57501729,0.39115282,0.50518432,0.32035067,0.36116736,10.20737061,10.28166253,1,1,306.64604729,1
4164,0.56900872,0.40712741,0.50207943,0.28394369,0.3835151,10.27712938,10.33778778,1,1,159.06923228,1
4165,0.54863495,0.42140632,0.50279214,0.24826642,0.36585474,10.33346281,10.4068702,1,1,116.411988,1
4166,0.5509259,0.40911371,0.51580136,0.29330109,0.38828421,9.98130089,9.99073407,1,1,214.42838466,1
4167,0.55800689,0.42694351,0.48959127,0.33743472,0.41050753,10.19427586,10.19571282,1,1,115.26443785,1
4168,0.557708,0.42875544,0.4896492,0.38067861,0.43126209,10.51106623,10.55829074,1,1,106.73982812,1
4169,0.54168453,0.37877596,0.51820922,0.41897127,0.45029319,10.0968198,10.1501143,1,1,131.6606057,1
4170,0.52220135,0.38062049,0.50760388,0.3811826,0.43676368,10.17248913,10.18354632,1,1,104.39634272,1
4171,0.53255295,0.38266283,0.49867742,0.35352768,0.45802301,10.51236646,10.59989844,1,1,269.48700282,1
4172,0.50663134,0.37864603,0.49268271,0.39518531,0.47886255,10.01768114,10.05985161,1,1,295.87803149,1
4173,0.52869736,0.38908573,0.51417473,0.40566577,0.45930776,10.13959845,10.14522668,1,1,275.8515142,1
4174,0.52830862,0.38977346,0.51399687,0.36755246,0.4409666,9.98416971,9.98857937,1,1,197.34051644,1
4175,0.57271473,0.40265001,0.53627564,0.33114138,0.44168321,10.15606574,10.25571413,1,1,1037.02267391,1
4176,0.57355217,0.39722119,0.51762951,0.3743289,0.43056541,10.23089391,10.31982971,1,1,511.01503459,1
4177,0.58423123,0.41910574,0.53183089,0.33757626,0.4194431,10.25256127,10.29606913,1,1,214.41853861,1
4178,0.58004117,0.4363149,0.53610488,0.38061005,0.40105434,10.36094735,10.38354263,1,1,1031.4211787,1
4179,0.56122768,0.42907268,0.53029249,0.36670756,0.4004908,10.19270969,10.27134751,1,1,298.20433975,1
4180,0.57849537,0.44801772,0.51260279,0.39443889,0.38252212,10.31637362,10.40669536,1,1,1141.31526145,1
4181,0.56748315,0.44514467,0.53335989,0.35655011,0.40269992,10.11934426,10.21187752,1,1,1293.97256831,1
4182,0.5658085,0.46243183,0.52307951,0.39467421,0.39196306,10.5836145,10.6393077,1,1,153.08824622,1
4183,0.56526199,0.46581047,0.52303922,0.4353862,0.37635829,10.16678902,10.23944392,1,1,104.9865995,1
4184,0.5770403,0.4311014,0.52410389,0.44042369,0.39849073,10.27082018,10.2978222,1,1,110.57072043,1
4185,0.54930446,0.44380591,0.55238745,0.40271543,0.38353709,10.47279189,10.49849711,1,1,178.23715363,1
4186,0.55193394,0.44519246,0.54498439,0.44458622,0.36601247,10.17968326,10.18625528,1,1,105.99802043,1
4187,0.54958635,0.44686661,0.52950129,0.42148707,0.3486924,10.22557731,10.30124626,1,1,269.22725778,1
4188,0.53684428,0.44438934,0.5466133,0.45670761,0.37166343,10.33498609,10.43711743,1,1,160.89908037,1
4189,0.51468845,0.46415885,0.53577386,0.41757422,0.35423017,10.57066902,10.58112109,1,1,194.30236272,1
4190,0.51477179,0.46304457,0.53556394,0.45914434,0.33731854,9.78739467,9.83104614,1,1,390.89920262,1
4191,0.57947758,0.44663804,0.55918521,0.49869667,0.3205724,9.99862678,10.0232234,1,1,1364.27430383,1
4192,0.54252255,0.45974141,0.56113089,0.53866759,0.34413209,10.34878726,10.39422978,1,1,119.49715184,1
4193,0.53560099,0.46759339,0.55217536,0.49895482,0.33220417,10.00368502,10.01894387,1,1,147.15248531,1
4194,0.55397862,0.48191946,0.55314686,0.46060565,0.33639844,10.13202911,10.17963193,1,1,172.72957282,1
4195,0.52329777,0.50231681,0.5583531,0.5013009,0.31970541,10.09935096,10.15127804,1,1,637.91105942,1
4196,0.52334712,0.50189681,0.55816815,0.46127506,0.3433113,10.02387203,10.09928958,1,1,126.81620839,1
4197,0.59703161,0.48790603,0.55983305,0.42206026,0.36643874,10.11082725,10.19160372,1,1,649.2409678,1
4198,0.5880465,0.49913939,0.55512571,0.38363432,0.38337126,10.62718699,10.73004069,1,1,380.35094691,1
4199,0.55588296,0.51206993,0.5658375,0.34641524,0.4024412,10.10341291,10.11114206,1,1,173.73445064,1
4200,0.56087275,0.50549105,0.54658288,0.33670752,0.41413666,10.00613257,10.06106232,1,1,225.47569742,1
4201,0.54945418,0.51747406,0.55742396,0.32004065,0.39585393,10.17758789,10.2279099,1,1,1157.10327974,1
4202,0.54894457,0.51716425,0.55756877,0.31332395,0.40515192,10.12260227,10.16253987,1,1,208.3316076,1
4203,0.61869544,0.48285506,0.57463633,0.3570569,0.40600336,10.01985564,10.08645195,1,1,1328.36428467,1
4204,0.60813611,0.50251026,0.56672646,0.39231798,0.39510827,10.27864415,10.33740538,1,1,215.32286124,1
4205,0.5970375,0.51109509,0.57895215,0.3544721,0.37720635,10.48102842,10.58441171,1,1,219.19736755,1
4206,0.57305893,0.5331299,0.55204309,0.31739069,0.3597005,10.1574,10.2356373,1,1,107.97021761,1
4207,0.57094367,0.53157218,0.55247348,0.28104288,0.38250631,10.53624853,10.57764559,1,1,122.85966758,1
4208,0.55657333,0.54528036,0.57629854,0.24673687,0.36487991,10.24266897,10.29455346,1,1,111.70517201,1
4209,0.55743456,0.54645979,0.57611211,0.29175582,0.34758684,10.20337235,10.22215945,1,1,219.11246526,1
4210,0.50911451,0.53557691,0.60531884,0.33352981,0.33180631,10.20586269,10.30093939,1,1,1267.47210519,1
4211,0.51107778,0.50851958,0.57403938,0.29685921,0.35517013,10.48608629,10.4934402,1,1,140.84332438,1
4212,0.53441155,0.52440521,0.58970066,0.33726167,0.33806673,9.98081433,10.05936237,1,1,522.09859162,1
4213,0.52418853,0.5130224,0.58186836,0.30061707,0.36130245,10.35685036,10.36570112,1,1,159.16836039,1
4214,0.50939502,0.49075202,0.584036,0.34433339,0.38360044,10.22596788,10.29385521,1,1,112.53610386,1
4215,0.52554313,0.50816653,0.60088863,0.31773068,0.4058621,10.16037272,10.16765157,1,1,117.90427313,1
4216,0.5084103,0.48852978,0.58384918,0.36137012,0.42774139,10.10032129,10.13264381,1,1,1053.38390067,1
4217,0.50836313,0.48734862,0.58373221,0.40414164,0.40918662,10.19853772,10.2938896,1,1,100.51345751,1
4218,0.56368052,0.49963976,0.58347364,0.38350833,0.39952806,10.07518921,10.16289381,1,1,567.92207326,1
4219,0.54669383,0.49643381,0.57772764,0.34636298,0.4003519,9.78693693,9.82815107,1,1,110.89315485,1
4220,0.55706884,0.50823197,0.5955347,0.30943599,0.4222826,10.28945377,10.28960119,1,1,394.54807826,1
4221,0.54714403,0.52248546,0.59629695,0.35324723,0.44383322,10.27804119,10.34717897,1,1,894.81563465,1
4222,0.55005897,0.53521544,0.59121167,0.35381554,0.46491709,10.35689983,10.38499366,1,1,136.8309218,1
4223,0.55003262,0.53440294,0.59105966,0.38568901,0.48389221,9.99990626,10.08564742,1,1,121.77698121,1
4224,0.59747712,0.51183959,0.60489492,0.42785381,0.46421471,10.21680165,10.27644965,1,1,146.96481471,1
4225,0.60093984,0.52375723,0.60312231,0.4688621,0.48493042,10.47721586,10.55782926,1,1,109.47514141,1
4226,0.57786981,0.5333382,0.61399788,0.50948453,0.46523192,10.14694602,10.22049813,1,1,880.0377205,1
4227,0.56295583,0.53779983,0.57920884,0.47648114,0.45909688,10.03391239,10.03799761,1,1,413.52687842,1
4228,0.53792102,0.53884541,0.60447435,0.43695152,0.43991494,9.86825,9.95022369,1,1,108.87220346,1
4229,0.55786052,0.55262724,0.59027446,0.47777531,0.4600045,9.99431224,10.07901512,1,1,1072.71043729,1
4230,0.55817292,0.55230023,0.59021322,0.43859628,0.48080291,10.11000383,10.13850906,1,1,107.69422402,1
4231,0.53837912,0.48977039,0.59414757,0.40028455,0.4945548,10.37254318,10.46467,1,1,237.81831504,1
4232,0.53678512,0.49023145,0.59070289,0.44135508,0.4748174,10.16498514,10.22750222,1,1,118.12541761,1
4233,0.53633908,0.51531266,0.59316576,0.48252354,0.48805967,10.11603567,10.13431982,1,1,109.33867728,1
4234,0.53689305,0.51224874,0.60927455,0.52287157,0.50823548,10.5725038,10.60840119,1,1,552.6885667,1
4235,0.51316428,0.52761565,0.59782438,0.56203886,0.52719197,10.06716143,10.11509279,1,1,161.03452947,1
4236,0.51332786,0.53013238,0.59812066,0.60079794,0.54662627,10.07108135,10.09437146,1,1,658.50552742,1
4237,0.54383566,0.50933752,0.58073667,0.5587979,0.53863781,10.3375037,10.34490463,1,1,126.21570493,1
4238,0.54461254,0.50733951,0.56690563,0.51762195,0.51799171,10.34113608,10.34950025,1,1,113.29264825,1
4239,0.51768578,0.51759291,0.55296058,0.47738224,0.53388821,10.20221483,10.23384237,1,1,132.18626735,1
4240,0.50543699,0.54137629,0.54057886,0.4378346,0.55320388,10.07406009,10.09134681,1,1,890.11351989,1
4241,0.51063001,0.53649682,0.51284872,0.47907791,0.53215356,10.45941757,10.46285451,1,1,127.05093751,1
4242,0.51058641,0.53711761,0.51279941,0.51927658,0.54963622,10.11279134,10.18799353,1,1,146.21669734,1
4243,0.49008838,0.53500084,0.51348209,0.55183619,0.56864347,10.29172166,10.31983054,1,1,314.60700402,1
4244,0.48327038,0.52977938,0.52169473,0.51079966,0.58352771,10.34181359,10.35582983,1,1,103.88837032,1
4245,0.47461074,0.52096501,0.51583415,0.55052853,0.56185716,9.99191393,10.04900131,1,1,576.25403502,1
4246,0.48472522,0.50856513,0.53557646,0.50951901,0.54062002,10.07752891,10.09124579,1,1,119.8636842,1
4247,0.48849746,0.49752819,0.53458581,0.46936192,0.5597849,10.25564469,10.35384126,1,1,110.5929335,1
4248,0.48420601,0.50448874,0.53193977,0.50987909,0.53880346,10.20126371,10.23572585,1,1,112.2867896,1
4249,0.48387485,0.50410553,0.53182631,0.46984365,0.55172844,10.03654183,10.13172865,1,1,113.63354542,1
4250,0.45192034,0.51665494,0.55215877,0.51022765,0.57059283,10.21177382,10.26224211,1,1,140.95702185,1
4251,0.43536873,0.51792409,0.5482236,0.55002036,0.58918093,10.31180121,10.36397923,1,1,148.25160191,1
4252,0.45914953,0.50633548,0.55381816,0.50995146,0.56739762,10.15437562,10.19259218,1,1,376.55603932,1
4253,0.46424238,0.50247445,0.5252606,0.54966216,0.58117584,10.46759839,10.52576559,1,1,162.76074976,1
4254,0.47355636,0.48634805,0.54189287,0.50866998,0.59294633,10.32986681,10.39104982,1,1,829.05975698,1
4255,0.47351255,0.48735316,0.54221137,0.53938876,0.61108235,10.1441646,10.19986514,1,1,107.06522437,1
4256,0.51772498,0.55421609,0.54941183,0.51798308,0.58893567,10.29012346,10.33219136,1,1,121.82177374,1
4257,0.51192846,0.55847383,0.55325298,0.47764053,0.60711027,10.26906235,10.27162258,1,1,123.49216893,1
4258,0.53849601,0.55014058,0.55781612,0.43809661,0.62496806,10.12211372,10.18052874,1,1,830.7835872,1
4259,0.52283032,0.54103026,0.54025897,0.47933444,0.6424687,10.25741638,10.31366932,1,1,245.29069046,1
4260,0.54768263,0.54685758,0.520447,0.51897828,0.65418442,10.39923796,10.47622568,1,1,933.7600752,1
4261,0.54815747,0.54908326,0.52044086,0.50672862,0.67110073,10.33002839,10.33907285,1,1,108.02541607,1
4262,0.52894389,0.52423464,0.5349782,0.4665954,0.66635643,10.08916439,10.10176118,1,1,478.01134642,1
4263,0.52911006,0.50803676,0.52914401,0.50683664,0.64380865,10.11300165,10.1909848,1,1,241.01974381,1
4264,0.53627683,0.51618727,0.5464893,0.53785365,0.66090617,10.19243687,10.28166757,1,1,152.34236062,1
4265,0.5229743,0.51214438,0.52425954,0.49710214,0.65487607,9.95380147,9.95785095,1,1,759.75525154,1
4266,0.50454262,0.51969551,0.53514756,0.53715115,0.67177773,10.04844794,10.08685365,1,1,206.10720374,1
4267,0.49559814,0.52148034,0.52823394,0.49903991,0.65263225,9.80987857,9.89566035,1,1,303.03178411,1
4268,0.49537346,0.5213247,0.52790591,0.53905911,0.63612301,10.41512056,10.48348332,1,1,147.35498785,1
4269,0.47731832,0.54745045,0.53920235,0.57827793,0.61342056,10.0894297,10.12566532,1,1,196.98726884,1
4270,0.4853785,0.55071342,0.55168628,0.45671287,0.67174886,10.02074891,10.08070617,1,1,145.224495,0
4271,0.49096355,0.53367012,0.52186688,0.5458074,0.62694024,10.39935098,10.42542764,1,1,1017.14424019,0
4272,0.48089979,0.52281931,0.53845657,0.42504337,0.68602409,10.06058453,10.1209158,1,1,139.18690723,0
4273,0.50587616,0.51038058,0.54676572,0.31559903,0.67741865,10.51067177,10.55541801,1,1,171.66929118,0
4274,0.5056599,0.50831371,0.54684864,0.43928705,0.62111264,10.27589251,10.28189052,1,1,101.96873842,0
4275,0.492369,0.52150268,0.43650907,0.56049792,0.58854292,10.08277566,10.14282638,1,1,108.82709023,0
4276,0.39498706,0.5495005,0.32385743,0.67928796,0.52779189,10.22031383,10.31031551,1,1,275.97739599,0
4277,0.32618488,0.59976177,0.19807538,0.56632063,0.5841946,10.33821835,10.35566569,1,1,149.67603865,0
4278,0.27578267,0.62125338,0.1161098,0.4464572,0.64282989,10.69571333,10.71837791,1,1,1392.49055345,0
4279,0.27589109,0.619935,0.11584412,0.56749036,0.58391045,10.35812407,10.41355148,1,1,244.29376837,0
4280,0.33648949,0.66466432,0.26102418,0.65372451,0.52271729,10.14006519,10.22570317,1,1,148.22278626,0
4281,0.40601416,0.60285071,0.39384253,0.53065016,0.46654282,10.59029117,10.67302309,1,1,158.89006072,0
4282,0.48983558,0.5492849,0.55532735,0.6500371,0.4068389,10.27125837,10.28933871,1,1,106.16485114,0
4283,0.58789089,0.48183543,0.76456253,0.76701327,0.46381028,10.1199431,10.21884075,1,1,966.3799655,0
4284,0.67242842,0.44069079,0.8677577,0.64362487,0.51456993,10.34611499,10.35880516,1,1,440.40684911,0
4285,0.74159532,0.41840545,0.97255822,0.52079146,0.57169726,10.21425058,10.23748433,1,1,147.18730141,0
4286,0.74150396,0.41712358,0.97258931,0.64027907,0.53293123,10.05818362,10.13760569,1,1,167.54621589,0
4287,0.71849339,0.37442402,0.84793438,0.75162898,0.47012651,9.9485879,9.95476127,1,1,340.45263504,0
4288,0.62494555,0.41675474,0.70309708,0.86613664,0.49808984,10.17363243,10.20454977,1,1,161.15714369,0
4289,0.49158484,0.44547895,0.52065147,0.81881421,0.51812804,10.28192954,10.30038401,1,1,139.004228,1
4290,0.36019562,0.48425078,0.32148202,0.81625004,0.5354648,10.45362989,10.53531597,1,1,201.18264811,1
4291,0.27911119,0.52454981,0.18383482,0.77244033,0.51475946,10.45258697,10.54662311,1,1,106.11822197,1
4292,0.22336523,0.53095382,0.08784852,0.72699154,0.52537741,10.46753906,10.54674079,1,1,134.13683815,1
4293,0.22408766,0.529838,0.087725,0.7624189,0.5315163,10.00630952,10.09516115,1,1,317.61482669,1
4294,0.25422543,0.63625221,0.09214214,0.79673923,0.51588052,10.47698333,10.51403319,1,1,611.04075657,1
4295,0.2561593,0.64623697,0.09842239,0.83079091,0.49556481,10.28020376,10.33880875,1,1,125.5388571,1
4296,0.27368696,0.63570985,0.10232822,0.86412319,0.51450114,10.08531813,10.08960853,1,1,105.84020968,1
4297,0.28306277,0.63150602,0.1083618,0.8168411,0.53421111,10.30932764,10.41162902,1,1,1000.12086519,1
4298,0.30079993,0.62259489,0.11807127,0.84705906,0.55352687,10.4637589,10.5303532,1,1,178.52955774,1
4299,0.32573621,0.62335985,0.12319391,0.80131172,0.56209518,9.97135138,10.03494121,1,1,420.92862309,1
4300,0.33352626,0.59738343,0.12781453,0.75528549,0.54086079,10.26044732,10.2885877,1,1,120.74843492,1
4301,0.3533189,0.61299799,0.13410259,0.78323152,0.5600433,10.10739793,10.11366187,1,1,141.99031465,1
4302,0.35664011,0.6141499,0.13821482,0.81749147,0.57085042,10.41394168,10.51348094,1,1,282.7118712,1
4303,0.3632467,0.59357173,0.14268743,0.84729489,0.54952297,10.07147452,10.14615158,1,1,172.20597936,1
4304,0.36353428,0.59402986,0.14298262,0.80258067,0.53005097,9.99755679,10.05162023,1,1,120.65817994,1
4305,0.3519294,0.66711848,0.15152953,0.75656818,0.50945014,10.37969613,10.45168369,1,1,107.94298357,1
4306,0.36512871,0.64826437,0.15355296,0.71145537,0.52926064,10.32567594,10.4239651,1,1,209.34414374,1
4307,0.38453776,0.636048,0.16388002,0.67734914,0.50891622,9.86631992,9.90961351,1,1,159.29373315,1
4308,0.38692767,0.64411071,0.17319212,0.63380216,0.48884239,10.14118832,10.19031423,1,1,118.63312167,1
4309,0.40491185,0.63504788,0.18095261,0.59112638,0.50843942,10.04901339,10.08821684,1,1,336.85877943,1
4310,0.41547517,0.61735079,0.19010198,0.54945823,0.52821517,10.31824539,10.33254887,1,1,760.1294163,1
4311,0.4258691,0.6088601,0.19077071,0.58846907,0.50774684,10.17948221,10.18460328,1,1,123.8715926,1
4312,0.43938789,0.59895455,0.19732615,0.54698569,0.50674856,10.00137989,10.04841762,1,1,132.24000409,1
4313,0.43953204,0.60020669,0.1970791,0.58604389,0.50057494,10.2328684,10.32108428,1,1,925.26345046,1
4314,0.38752567,0.64462485,0.2020481,0.6158013,0.52056204,10.30321385,10.32308447,1,1,102.32561033,1
4315,0.41710427,0.63134381,0.20759688,0.65044308,0.54014761,10.29324943,10.36678637,1,1,243.51339805,1
4316,0.40939264,0.64028967,0.2218191,0.60743444,0.55934466,10.54020661,10.5768551,1,1,725.4739521,1
4317,0.42644298,0.61435329,0.22574503,0.64527083,0.53818514,10.19632176,10.26241024,1,1,967.85273818,1
4318,0.42279714,0.59677704,0.23590248,0.68236541,0.55742128,10.10290308,10.12552088,1,1,102.37545259,1
4319,0.44017301,0.58949485,0.24396652,0.71866007,0.5761753,10.5103222,10.56676687,1,1,214.54312769,1
4320,0.43858862,0.59292751,0.24457644,0.75428606,0.59464942,10.1216098,10.167304,1,1,194.5147441,1
4321,0.45292539,0.57973636,0.25069363,0.70920036,0.61275643,10.04662768,10.12427318,1,1,109.62258385,1
4322,0.45300942,0.58071859,0.25073798,0.67785955,0.63047954,10.49115605,10.52556742,1,1,317.24557014,1
4323,0.44425939,0.61556856,0.26143704,0.71430234,0.61690239,10.20154886,10.25280967,1,1,103.49395861,1
4324,0.44146866,0.62746056,0.27107539,0.6819286,0.59533865,9.65328529,9.74756678,1,1,164.96710495,1
4325,0.44356168,0.59014022,0.27252842,0.70758626,0.60991589,9.87113919,9.92201644,1,1,127.90865128,1
4326,0.45712992,0.5735502,0.28794712,0.73629635,0.62329939,10.27713042,10.28705775,1,1,129.9135352,1
4327,0.46403888,0.56944939,0.28719335,0.69157044,0.64083315,10.28163676,10.34224994,1,1,190.73473468,1
4328,0.47706262,0.59109189,0.3054159,0.70867666,0.65801649,10.20569376,10.27700903,1,1,114.37844222,1
4329,0.47731627,0.58780277,0.30529393,0.66471022,0.63485715,10.32130193,10.41302564,1,1,168.623812,1
4330,0.48432205,0.64818015,0.3847648,0.65799279,0.65191818,10.33500105,10.33854848,1,1,107.70722624,1
4331,0.49463449,0.6254655,0.44626095,0.69481799,0.62912048,10.39127717,10.46695517,1,1,339.95403157,1
4332,0.49334356,0.59945631,0.51896675,0.73090638,0.63996593,10.25615381,10.33858008,1,1,1439.06073149,1
4333,0.49181843,0.61655524,0.56226661,0.70377927,0.61717634,10.26895579,10.3472618,1,1,108.03273159,1
4334,0.49166862,0.61488745,0.56222359,0.6597076,0.63483281,10.15821759,10.21651394,1,1,144.5125618,1
4335,0.44738993,0.64681915,0.57122955,0.69651343,0.61612304,10.04337602,10.04898151,1,1,361.13846499,1
4336,0.45939175,0.64570096,0.58865171,0.73254332,0.63379919,9.86263107,9.93890932,1,1,119.97270775,1
4337,0.46142928,0.62012954,0.57955714,0.76346853,0.61112531,10.12654112,10.17413918,1,1,150.87383866,1
4338,0.4566315,0.61819166,0.58477481,0.79819908,0.62883016,10.34483879,10.34883354,1,1,712.7766763,1
4339,0.48305028,0.60338866,0.57427319,0.83223356,0.64624154,10.15959195,10.24330438,1,1,1481.86713123,1
4340,0.47131352,0.60083911,0.57710567,0.78559315,0.62632141,10.38439994,10.41761026,1,1,106.56692503,1
4341,0.49296143,0.60905814,0.55863525,0.80900639,0.60416714,10.34209954,10.41756102,1,1,110.18935827,1
4342,0.4926054,0.60854274,0.55861749,0.83953433,0.58208386,10.12310429,10.21052531,1,1,1424.36888307,1
4343,0.45581692,0.65343777,0.56986391,0.87274363,0.60043641,9.92182197,9.9903008,1,1,356.98145859,1
4344,0.48015851,0.6403325,0.56210838,0.82858701,0.58127435,9.9143107,10.00699522,1,1,125.80764107,1
4345,0.47452727,0.61981276,0.55720795,0.85236975,0.59964823,10.20166033,10.22982824,1,1,253.90156533,1
4346,0.48151161,0.61815924,0.58130886,0.88532235,0.61712593,10.43689877,10.46954127,1,1,110.55294332,1
4347,0.49248076,0.5966065,0.57296819,0.9176159,0.62949119,10.22738153,10.26305533,1,1,198.81798556,1
4348,0.49707712,0.58479313,0.57614939,0.90324767,0.64619193,10.4566514,10.48555179,1,1,198.41888799,1
4349,0.49714655,0.58281943,0.57645032,0.85748269,0.62326824,10.36979557,10.38476407,1,1,641.97101604,1
4350,0.55649741,0.6420802,0.58079515,0.86486715,0.60080288,10.16039168,10.17324944,1,1,1070.12214692,1
4351,0.56895093,0.65005246,0.57097318,0.81756981,0.57997883,10.22251099,10.24348503,1,1,353.84041602,1
4352,0.56560502,0.64203644,0.56413552,0.77121841,0.59837922,10.08073431,10.08540646,1,1,102.78852577,1
4353,0.55003146,0.66016326,0.54211047,0.80579404,0.59890904,10.33068468,10.37127954,1,1,807.882533,1
4354,0.55038907,0.63745271,0.55068223,0.83967775,0.57816434,10.22658343,10.32381445,1,1,326.76462694,1
4355,0.55037056,0.6372568,0.55072886,0.79291134,0.59646398,10.35256813,10.37856818,1,1,172.59556123,1
4356,0.5778506,0.58286432,0.55571647,0.8270393,0.57466911,10.32858284,10.34314035,1,1,133.19802024,1
4357,0.53932375,0.57706987,0.5738992,0.86049844,0.55327285,10.33615583,10.34950658,1,1,131.64483804,1
4358,0.54463689,0.60977644,0.56133776,0.89324996,0.56642548,10.56116924,10.63053626,1,1,295.62644636,1
4359,0.54416208,0.59796382,0.56591534,0.92281003,0.54511912,10.51212571,10.59812954,1,1,114.04098208,1
4360,0.51211889,0.62617279,0.55732882,0.87436047,0.52523017,9.71769921,9.76496438,1,1,325.95837639,1
4361,0.51152489,0.62854999,0.55749794,0.83689095,0.50512637,10.26498075,10.3360655,1,1,152.38297183,1
4362,0.47722498,0.64029033,0.58054232,0.79015325,0.5249985,10.34945438,10.42281357,1,1,459.91100484,1
4363,0.47508643,0.62894632,0.55759244,0.74436447,0.54336561,10.24526895,10.32247447,1,1,104.50673188,1
4364,0.49521883,0.62061379,0.55632359,0.74629788,0.56249274,10.24663571,10.24779406,1,1,1191.29330606,1
4365,0.47515961,0.60435627,0.56289267,0.70168845,0.58123134,10.09694,10.13407289,1,1,241.64754621,1
4366,0.47460486,0.61855747,0.57540027,0.65927568,0.59941087,10.06332133,10.12911816,1,1,138.75620478,1
4367,0.49755483,0.58643227,0.56194519,0.69608992,0.57742861,9.95786852,10.02033373,1,1,371.81125129,1
4368,0.49876721,0.60322596,0.5566234,0.65216821,0.5796493,10.21026034,10.28787406,1,1,914.62404694,1
4369,0.498838,0.60247874,0.55645288,0.60912485,0.5979968,9.85994403,9.94857511,1,1,194.24106331,1
4370,0.54902398,0.69757652,0.54247066,0.64694231,0.61602813,10.2730146,10.29965211,1,1,106.31193619,1
4371,0.53830024,0.69912242,0.54150078,0.6163818,0.63369459,9.9353339,9.94066483,1,1,263.70509449,1
4372,0.5605602,0.6898182,0.54276434,0.57445094,0.64640164,9.89012065,9.95284353,1,1,172.06708284,1
4373,0.56039324,0.68267747,0.5098004,0.6129619,0.62970839,10.25575625,10.27891424,1,1,100.92427286,1
4374,0.56126184,0.68231658,0.50964477,0.57153071,0.60711751,10.04295147,10.13089887,1,1,244.32939264,1
4375,0.50864275,0.67008054,0.52707838,0.60921197,0.62497486,10.26393087,10.3074485,1,1,152.90451853,1
4376,0.51073635,0.66463691,0.52872429,0.56716403,0.61273522,9.95869187,9.98065094,1,1,176.80715802,1
4377,0.51999225,0.66294498,0.5146466,0.56170338,0.63048039,10.25536463,10.28933876,1,1,600.22177813,1
4378,0.5130214,0.66279388,0.51481293,0.5887837,0.60787099,10.262963,10.28142616,1,1,492.30749866,1
4379,0.52121359,0.65251076,0.51012421,0.54965505,0.58618726,10.17344977,10.2199197,1,1,185.74874372,1
4380,0.50615638,0.64277802,0.53573257,0.56727841,0.56497612,10.21503731,10.31633527,1,1,138.30499318,1
4381,0.50239261,0.63585372,0.51444608,0.60070568,0.58175664,10.13787292,10.16412641,1,1,254.8374552,1
4382,0.50496646,0.60397851,0.50956098,0.56225721,0.56033631,10.28083033,10.3173258,1,1,1008.89815798,1
4383,0.51761645,0.60124789,0.51852039,0.60098131,0.53913564,9.94758313,10.03178552,1,1,360.46679291,1
4384,0.51772437,0.6033892,0.51864057,0.6371668,0.55307369,10.0672232,10.08332193,1,1,116.22349386,1
4385,0.47013412,0.6017833,0.52979357,0.5990385,0.57201008,10.36857739,10.43074034,1,1,699.90009221,1
4386,0.49498091,0.61470161,0.52881243,0.63647294,0.55057043,10.21741429,10.25737145,1,1,174.20811446,1
4387,0.47637926,0.60204891,0.52993335,0.59377432,0.56953417,10.46716575,10.52839019,1,1,162.0694664,1
4388,0.47742752,0.57372018,0.53842491,0.63189875,0.58813768,10.27350033,10.3368028,1,1,191.97127378,1
4389,0.47706579,0.57237725,0.52143003,0.66926077,0.60303975,10.51531186,10.54599022,1,1,156.7554293,1
4390,0.50266068,0.55862627,0.52193204,0.69559832,0.62079368,10.05208831,10.11966776,1,1,309.10795479,1
4391,0.4894045,0.56096925,0.51592104,0.68127597,0.63837768,9.89401489,9.99198956,1,1,126.45554181,1
4392,0.48909437,0.56071936,0.51554464,0.63765047,0.61673849,10.12960124,10.18697392,1,1,989.79257724,1
4393,0.45986711,0.59901859,0.53167103,0.59593221,0.63440371,10.25459977,10.32762455,1,1,652.57854738,1
4394,0.4685262,0.59172217,0.52757442,0.55401438,0.6155723,10.33741197,10.43875253,1,1,249.44887611,1
4395,0.48110148,0.565184,0.52165451,0.5895115,0.63324752,10.18283527,10.22512869,1,1,694.34077124,1
4396,0.46360637,0.55069195,0.53698957,0.55386068,0.61061397,10.36478368,10.38540958,1,1,1007.52128358,1
4397,0.47583922,0.55712569,0.52376495,0.58017252,0.62838644,10.38126233,10.46039872,1,1,147.33575183,1
4398,0.47590022,0.55732205,0.52367277,0.58753882,0.64357889,9.94840672,10.01452027,1,1,255.93235571,1
4399,0.55437208,0.61796816,0.54081951,0.62391405,0.66063395,10.0496965,10.09480706,1,1,104.33398432,1
4400,0.55103602,0.60155758,0.54794006,0.66143562,0.67723236,10.12644382,10.17024142,1,1,364.8099916,1
4401,0.53876136,0.60682099,0.54914335,0.6982069,0.69367204,10.11753161,10.14076065,1,1,217.92843962,1
4402,0.52995235,0.61067354,0.52748923,0.73424276,0.66979952,9.93251557,9.98504499,1,1,189.79858605,1
4403,0.53477387,0.64173641,0.54786737,0.76954261,0.68633157,9.73159341,9.79346973,1,1,301.22253852,1
4404,0.53906266,0.64483567,0.53076179,0.72415485,0.700409,10.09819029,10.1424386,1,1,121.54305562,1
4405,0.53840459,0.64296215,0.53098529,0.67967178,0.67670837,10.08465351,10.15467576,1,1,150.30068148,1
4406,0.51278002,0.62669548,0.54920503,0.63610561,0.65318884,10.0781465,10.08073446,1,1,147.31855765,1
4407,0.51751604,0.63691841,0.54139565,0.67337656,0.63138625,10.39746209,10.40696192,1,1,554.34305032,1
4408,0.52095,0.63318886,0.53759005,0.70863129,0.64853052,10.02856579,10.03433834,1,1,609.48202244,1
4409,0.49870393,0.61224653,0.53603828,0.71514788,0.62611902,10.2867632,10.31951042,1,1,115.30476994,1
4410,0.49064686,0.621243,0.53801231,0.67109092,0.60360316,10.41446362,10.41676078,1,1,163.66830704,1
4411,0.49117723,0.62061152,0.53823572,0.70542285,0.62135866,10.27902004,10.37257641,1,1,143.04675552,1
4412,0.46675455,0.63247262,0.54128154,0.73380001,0.59893307,10.19852574,10.29731643,1,1,111.70685566,1
4413,0.45378569,0.63892577,0.55175994,0.76691619,0.61208106,10.25093258,10.27780209,1,1,128.78616491,1
4414,0.45913797,0.62339626,0.54807422,0.80157782,0.59084257,10.43271376,10.45670736,1,1,197.16475071,1
4415,0.47806761,0.6034248,0.5648566,0.75558743,0.56903158,10.21540945,10.31015688,1,1,425.88046943,1
4416,0.47067852,0.60422613,0.56515355,0.77659513,0.58764954,10.37782775,10.41917526,1,1,150.42015996,1
4417,0.46005675,0.58123386,0.54473756,0.81051625,0.56589655,10.41637873,10.44077775,1,1,111.57400675,1
4418,0.47138922,0.57744352,0.5486361,0.76524353,0.58426799,10.15823096,10.18704603,1,1,406.36648421,1
4419,0.46224237,0.55261037,0.54480982,0.79980046,0.56602611,10.40128605,10.40992731,1,1,140.80450042,1
4420,0.48763791,0.557934,0.55388098,0.83261122,0.5447056,10.07106193,10.15972162,1,1,109.75615219,1
4421,0.48785726,0.5567234,0.55388114,0.7860032,0.56379283,10.06872059,10.12248915,1,1,143.49819764,1
4422,0.43374864,0.58800482,0.55866997,0.82027823,0.58136606,10.20694092,10.2377787,1,1,149.66994839,1
4423,0.44836037,0.5915987,0.58448784,0.79924495,0.59973874,10.60713251,10.64941559,1,1,769.83554316,1
4424,0.45409199,0.57392053,0.57618671,0.75326096,0.58015676,10.03026296,10.06054538,1,1,501.26648441,1
4425,0.46791845,0.56990261,0.55699669,0.76798431,0.55855363,10.15594993,10.23177328,1,1,693.51736167,1
4426,0.46133744,0.53889711,0.55988868,0.80258086,0.53738282,10.33079443,10.36743873,1,1,1518.292287,1
4427,0.48203052,0.55282098,0.56571524,0.75663875,0.51693129,10.06328205,10.09969735,1,1,288.26749368,1
4428,0.47672684,0.53386461,0.56210395,0.71150598,0.53649484,10.4476562,10.4916993,1,1,353.36718592,1
4429,0.47717676,0.53539869,0.56226181,0.69012531,0.51576503,10.10566071,10.1360474,1,1,111.15720039,1
4430,0.44611038,0.55394071,0.57071275,0.65913125,0.53544973,10.13616856,10.22172148,1,1,204.73572589,1
4431,0.47047928,0.53986292,0.56891211,0.61614471,0.51585759,10.19607343,10.23553456,1,1,134.83990488,1
4432,0.46074685,0.53853269,0.58513703,0.65382165,0.50377378,10.01251381,10.06039692,1,1,238.51800324,1
4433,0.47038921,0.53640465,0.58303563,0.61074632,0.5236983,10.05245707,10.10147458,1,1,156.33115161,1
4434,0.48319578,0.51785114,0.56952671,0.56868169,0.53567077,9.98124295,10.00099407,1,1,1453.36889816,1
4435,0.47810113,0.52841528,0.57468037,0.60699051,0.54172542,10.09635722,10.13952517,1,1,107.03430906,1
4436,0.47874341,0.52890098,0.57474429,0.5759886,0.5500008,10.21048702,10.25971639,1,1,804.10517441,1
4437,0.51386841,0.62050958,0.57383697,0.61446873,0.56725651,10.01457345,10.06162002,1,1,1034.3656118,1
4438,0.50729016,0.613791,0.5879541,0.65217935,0.58589876,10.22714156,10.24756501,1,1,670.28402774,1
4439,0.5330726,0.61965696,0.57000316,0.60913824,0.60418078,10.35838317,10.37899064,1,1,1487.38571167,1
4440,0.52740909,0.58406105,0.56071294,0.64695543,0.62196541,10.27656354,10.29682354,1,1,137.55293524,1
4441,0.55322133,0.58431855,0.57374138,0.60401632,0.63943916,10.62756735,10.69968665,1,1,135.45538857,1
4442,0.55376686,0.5828672,0.57372664,0.64193599,0.65664806,9.94980882,10.02282256,1,1,306.65614739,1
4443,0.52221755,0.57147346,0.57485441,0.60275696,0.63413193,10.14356175,10.19621703,1,1,892.29828653,1
4444,0.52082127,0.57867041,0.58149818,0.64070166,0.65144882,10.21296383,10.277113,1,1,106.36632843,1
4445,0.53736764,0.57665926,0.57488753,0.67788763,0.66841984,10.20286073,10.28729492,1,1,112.4556672,1
4446,0.53851291,0.5617862,0.57836069,0.69500059,0.68499166,10.20069157,10.28635278,1,1,891.51478265,1
4447,0.5354943,0.5619414,0.59274652,0.7308796,0.66129725,10.21983447,10.3035012,1,1,103.43815957,1
4448,0.5079455,0.54303757,0.59409623,0.68626364,0.63807132,10.20776153,10.22582,1,1,342.48329372,1
4449,0.50856348,0.5455472,0.59432827,0.72251815,0.65530385,10.10896385,10.13313689,1,1,201.23358148,1
4450,0.50494659,0.50509431,0.60980052,0.67979039,0.63219777,9.97947122,10.00245886,1,1,520.29200288,1
4451,0.49033607,0.5169863,0.60848612,0.6361983,0.6495538,10.10508648,10.12780374,1,1,124.83860056,1
4452,0.48063282,0.50876347,0.59642235,0.59349623,0.62667597,10.16355148,10.24706062,1,1,1486.77491534,1
4453,0.47010583,0.52164213,0.5660297,0.63162631,0.60418461,10.34204618,10.38030551,1,1,141.09291034,1
4454,0.46524449,0.50837961,0.56477219,0.5889981,0.61805687,10.31221802,10.31385293,1,1,250.81809937,1
4455,0.46469762,0.50837945,0.56464989,0.62721814,0.59811362,10.5077546,10.51767277,1,1,108.30587615,1
4456,0.45050009,0.5753128,0.56356376,0.66467351,0.57615135,10.50434193,10.55242528,1,1,1294.85237518,1
4457,0.44813718,0.57095052,0.57229404,0.67018879,0.5551377,10.08456239,10.14031436,1,1,623.97964919,1
4458,0.46921076,0.55990807,0.58277425,0.62742966,0.53403514,10.49540018,10.53433916,1,1,103.8941649,1
4459,0.49764505,0.56761237,0.56816075,0.66015742,0.5447886,10.16247359,10.20622737,1,1,104.09819802,1
4460,0.48560864,0.54962942,0.5703214,0.61695427,0.5638427,10.25234132,10.34423981,1,1,500.31826584,1
4461,0.48950559,0.52836769,0.56092772,0.6544572,0.58251949,10.37074573,10.45182665,1,1,1124.25183475,1
4462,0.48973314,0.52906799,0.56053812,0.69130942,0.59970423,10.24720273,10.30758002,1,1,1545.0880095,1
4463,0.45787681,0.53119301,0.59075767,0.72544652,0.61769286,10.20774403,10.26370368,1,1,173.0887902,1
4464,0.44580174,0.5382313,0.59037017,0.68156992,0.63533898,10.20350578,10.21216841,1,1,105.16206346,1
4465,0.45245376,0.52467366,0.58082761,0.63794143,0.62509534,10.10257272,10.14720554,1,1,408.84163201,1
4466,0.45695976,0.51093832,0.56813487,0.67491975,0.6425934,10.2392107,10.32091994,1,1,184.96636916,1
4467,0.46571894,0.52765992,0.55907048,0.67636916,0.61977885,10.04074139,10.1264418,1,1,1481.47383957,1
4468,0.47292957,0.51044951,0.58341484,0.63284981,0.63738318,10.35152476,10.35211776,1,1,308.00816822,1
4469,0.47287749,0.51088848,0.58321736,0.59029051,0.65463382,10.44275671,10.52041772,1,1,450.68361258,1
4470,0.51989076,0.59926731,0.59086295,0.5484852,0.6713938,10.66326126,10.67691037,1,1,100.92749423,1
4471,0.52369015,0.58237332,0.58236411,0.5076965,0.68788621,10.38129354,10.39667306,1,1,641.8116847,1
4472,0.53818381,0.5663249,0.57685005,0.54754226,0.66557027,10.18029532,10.22766287,1,1,119.68830048,1
4473,0.55268218,0.59350742,0.57022954,0.58659035,0.68225413,10.06700243,10.15161747,1,1,160.62249483,1
4474,0.52471368,0.56535449,0.58219866,0.6248582,0.66665657,10.46612406,10.51148273,1,1,222.17415722,1
4475,0.52454187,0.56335265,0.5822088,0.58236287,0.6833234,10.26422781,10.26626337,1,1,478.56560371,1
4476,0.50307116,0.55392822,0.59886751,0.62012951,0.66208437,10.07317924,10.11223386,1,1,1146.51242408,1
4477,0.51419778,0.55976789,0.58214291,0.57873032,0.63884473,10.36674074,10.45326669,1,1,230.24568303,1
4478,0.51587502,0.54297127,0.60340624,0.61715571,0.65292082,10.32762091,10.41515528,1,1,112.94606926,1
4479,0.49096145,0.54395896,0.60396648,0.57538761,0.62986999,10.18172061,10.23183891,1,1,112.55367424,1
4480,0.52141886,0.5307564,0.58270339,0.53626134,0.64727246,10.34991238,10.36393037,1,1,310.03486199,1
4481,0.49457033,0.53500248,0.5993502,0.49553612,0.62436655,10.31430834,10.38919644,1,1,105.43912185,1
4482,0.49881164,0.52026594,0.5881485,0.53250282,0.63323223,10.18068501,10.22225514,1,1,112.76495406,1
4483,0.49933361,0.51761211,0.58845427,0.52093005,0.6108583,10.00488899,10.05902458,1,1,527.25332828,1
4484,0.46673521,0.52636536,0.60358898,0.50849383,0.6285138,10.13920598,10.20800285,1,1,105.30991293,1
4485,0.47429427,0.52707881,0.58361707,0.48697824,0.60716461,10.15207691,10.21314719,1,1,338.78061738,1
4486,0.4774285,0.50397002,0.59725547,0.48694656,0.58519358,10.23335972,10.31551924,1,1,325.04191273,1
4487,0.49468015,0.50459842,0.57545851,0.52576169,0.56349121,10.35593875,10.44438908,1,1,607.77069666,1
4488,0.47958286,0.51118493,0.58881699,0.56524177,0.58222139,10.0020336,10.0960189,1,1,288.17218551,1
4489,0.5021884,0.494912,0.57199117,0.57912279,0.59652865,10.38538439,10.42274497,1,1,1574.5858259,1
4490,0.50199682,0.49527316,0.57194856,0.58115547,0.5847514,10.17791318,10.26922571,1,1,517.2339189,1
4491,0.46473201,0.49791636,0.60067405,0.61953235,0.59256066,10.13080812,10.20260382,1,1,175.2852437,1
4492,0.49093384,0.49759397,0.58044478,0.65689221,0.61070923,10.25968695,10.33284131,1,1,468.26188743,1
4493,0.49069172,0.49184699,0.5890857,0.68086001,0.62765085,10.24891971,10.32790456,1,1,670.61016934,1
4494,0.49435421,0.48027466,0.59296527,0.71724281,0.64495855,10.09988929,10.12791612,1,1,101.75308397,1
4495,0.48376448,0.46171026,0.58871547,0.67298487,0.66031028,10.32470196,10.39570679,1,1,506.67658319,1
4496,0.49750292,0.47685718,0.56415362,0.63045946,0.63710584,10.09310374,10.12978646,1,1,275.26451296,1
4497,0.4973732,0.47545149,0.56439301,0.5992884,0.61444901,10.29410864,10.35458795,1,1,107.9904411,1
4498,0.51354978,0.52421425,0.55860574,0.63514721,0.63215871,10.10811265,10.11737838,1,1,164.16690012,1
4499,0.51607255,0.51771106,0.56898546,0.67244426,0.60951566,9.9815203,9.99318167,1,1,180.83350104,1
4500,0.52675759,0.50501466,0.54055249,0.62899832,0.59176156,10.1911166,10.27038035,1,1,259.15594682,1
4501,0.52558864,0.50769407,0.54549378,0.74641835,0.64918159,10.11898337,10.18256313,1,1,265.41656026,0
4502,0.52585776,0.50903015,0.54537275,0.86148996,0.58425892,10.23584462,10.29765447,1,1,402.37220479,0
4503,0.47228012,0.5114512,0.44307004,0.97426,0.62455511,10.14662011,10.14740578,1,1,135.20713761,0
4504,0.38896619,0.52750121,0.34263885,0.8497719,0.67506991,10.5863759,10.68361011,1,1,731.26288866,0
4505,0.29772484,0.58458107,0.23721517,0.72278342,0.60807447,10.09386822,10.14086486,1,1,118.07033755,0
4506,0.24386949,0.59440049,0.16412937,0.59837664,0.54363036,10.46525536,10.54514775,1,1,160.29195713,0
4507,0.24430748,0.59332418,0.16396602,0.48250709,0.48166283,10.36658954,10.44550799,1,1,403.55511312,0
4508,0.30487119,0.60097839,0.27963561,0.6028294,0.42201621,10.31304488,10.37796444,1,1,807.72594279,0
4509,0.37643288,0.56977326,0.40732679,0.71278546,0.35996147,10.61208552,10.69371666,1,1,114.04518275,0
4510,0.46810862,0.52314188,0.54842784,0.67457278,0.37742982,10.16115535,10.16148033,1,1,119.17939505,1
4511,0.59411057,0.46187184,0.70278672,0.63113766,0.35988627,10.03698484,10.08726421,1,1,203.7955201,1
4512,0.66307287,0.40168697,0.82426345,0.58851521,0.3826884,9.99806496,10.053777,1,1,101.03536164,1
4513,0.69525513,0.38186041,0.87305447,0.62673604,0.36654382,10.25623896,10.34516674,1,1,944.66819556,1
4514,0.6960588,0.38135275,0.87324173,0.66420081,0.34923513,9.97361261,10.05141413,1,1,342.90119881,1
4515,0.75417127,0.34758348,0.9096981,0.62091947,0.36306938,10.43375528,10.51032318,1,1,110.76249171,1
4516,0.74409646,0.35315324,0.87275547,0.65672526,0.34589756,10.12541376,10.16285208,1,1,508.14772459,1
4517,0.7376625,0.36468981,0.86417242,0.61425204,0.36256664,10.01314264,10.02771121,1,1,956.57668197,1
4518,0.68510164,0.36208304,0.87366343,0.57234105,0.36446257,10.03412897,10.10822548,1,1,622.08450185,1
4519,0.69295423,0.37252606,0.86161914,0.53247737,0.37283791,10.27076778,10.29152217,1,1,103.55083848,1
4520,0.67994576,0.39493323,0.86056169,0.49182782,0.36206779,10.13666954,10.21265239,1,1,123.98518283,1
4521,0.65870219,0.40197414,0.87511366,0.53112075,0.37204805,10.15460596,10.24625646,1,1,124.04426066,1
4522,0.65732711,0.41129052,0.87646139,0.54961838,0.39425056,10.47582228,10.57377085,1,1,334.02710162,1
4523,0.62029916,0.4051708,0.83684076,0.58858414,0.41411102,10.15101163,10.1751648,1,1,137.07940753,1
4524,0.63626853,0.42164319,0.83869634,0.54698611,0.43573615,10.08509448,10.08725656,1,1,317.7342535,1
4525,0.63603956,0.42108738,0.83844331,0.56811195,0.41702143,10.18108137,10.25068828,1,1,104.94725969,1
4526,0.67224728,0.38575043,0.86697776,0.60411651,0.40419634,10.1022002,10.19504889,1,1,210.85243546,1
4527,0.67215965,0.39844466,0.84874521,0.5622654,0.38790295,10.13181202,10.19562285,1,1,751.82170648,1
4528,0.66055615,0.39743255,0.85234955,0.59663193,0.37761204,10.02550039,10.033306,1,1,362.72787976,1
4529,0.64579763,0.40219454,0.84877019,0.55484232,0.39196682,10.2381298,10.30778431,1,1,128.84856386,1
4530,0.60479838,0.43001055,0.84424792,0.59374249,0.41412438,10.08547003,10.10160493,1,1,394.92239485,1
4531,0.61687065,0.41600168,0.805648,0.55187284,0.43584187,10.17877524,10.20481671,1,1,890.43799373,1
4532,0.60930754,0.42241002,0.82923707,0.59036253,0.41714698,9.99379786,10.06273887,1,1,167.78744735,1
4533,0.59616475,0.44799612,0.82987847,0.54859646,0.4388026,10.36193088,10.46202111,1,1,418.30488678,1
4534,0.59634855,0.44629935,0.8300373,0.58761919,0.4200281,10.09004662,10.15484149,1,1,443.78416326,1
4535,0.63992259,0.40937013,0.85781391,0.62586559,0.42491845,10.42652246,10.47656376,1,1,419.09215562,1
4536,0.65105677,0.42504874,0.85976891,0.66334083,0.41600884,9.91129369,9.92249939,1,1,133.9707311,1
4537,0.6358082,0.4392983,0.86251816,0.700074,0.39926406,10.29494076,10.38518628,1,1,880.56180177,1
4538,0.63770523,0.45597974,0.83228555,0.73592423,0.42127841,10.03921715,10.12619089,1,1,1012.5169288,1
4539,0.62096274,0.47190259,0.82265433,0.77120575,0.40285467,10.34032199,10.3471424,1,1,129.33904449,1
4540,0.60210138,0.46676155,0.83177881,0.80569915,0.42479757,10.36295547,10.41661503,1,1,116.69966937,1
4541,0.59954916,0.48810685,0.78957205,0.83955324,0.44630162,10.11231065,10.1854299,1,1,106.9118625,1
4542,0.59444321,0.49491756,0.80889617,0.7928483,0.4313172,10.34849544,10.37263191,1,1,424.69529824,1
4543,0.5947455,0.49613725,0.8092856,0.8230239,0.44730427,10.11745614,10.2173012,1,1,182.76594181,1
4544,0.60659028,0.46343075,0.84403151,0.77656342,0.46833869,9.87165829,9.90274621,1,1,131.5036425,1
4545,0.58690152,0.4721492,0.79362158,0.73176175,0.44897192,10.2997861,10.3389459,1,1,211.4948987,1
4546,0.57881437,0.47266234,0.82027955,0.69569014,0.42999248,10.06028781,10.15347933,1,1,721.74735911,1
4547,0.56979419,0.46745521,0.80024513,0.73162358,0.45139224,10.2828492,10.34299168,1,1,218.13810599,1
4548,0.54550643,0.47745801,0.78964571,0.76699111,0.47203589,10.04878218,10.1354118,1,1,118.15224313,1
4549,0.55553384,0.47928653,0.77245374,0.7227482,0.4925886,9.95381105,10.0500745,1,1,280.91806167,1
4550,0.5546264,0.47887548,0.77217282,0.67829324,0.47273683,10.1121653,10.12659439,1,1,139.92144527,1
4551,0.57197617,0.43508016,0.79565579,0.66535095,0.45328432,10.31636641,10.36732462,1,1,412.59071227,1
4552,0.53728388,0.44172893,0.78988332,0.62215432,0.43423014,10.18639439,10.26125365,1,1,165.77886641,1
4553,0.53748611,0.46447094,0.74767697,0.57986239,0.43462998,10.22568922,10.24023099,1,1,281.29344321,1
4554,0.52190084,0.46627913,0.7507659,0.54110097,0.41593738,10.25885099,10.33439173,1,1,153.10151005,1
4555,0.5135839,0.46632692,0.71575817,0.58027895,0.43761847,10.2870864,10.37921444,1,1,185.83577509,1
4556,0.52486182,0.46161958,0.70815459,0.53976686,0.45857094,10.3291833,10.34515251,1,1,1041.76912091,1
4557,0.52470375,0.46405669,0.70830638,0.49897178,0.43994078,10.07688434,10.17693306,1,1,133.81302479,1
4558,0.59486655,0.45738963,0.72589292,0.46371221,0.46110735,9.97397631,10.05628293,1,1,125.91372719,1
4559,0.59918113,0.46064823,0.71060617,0.50173519,0.4418853,10.18714563,10.25832045,1,1,145.02988146,1
4560,0.58504397,0.47537989,0.69395509,0.53990872,0.46304486,10.28533702,10.34472684,1,1,119.01880622,1
4561,0.55262248,0.47185406,0.68241536,0.4991213,0.48346402,10.59179018,10.63869601,1,1,1470.6150998,1
4562,0.55730358,0.48128409,0.69756962,0.45914641,0.50379342,10.21691816,10.22478754,1,1,143.62146295,1
4563,0.53953425,0.51472629,0.6744316,0.4996294,0.48372658,10.15502003,10.23269327,1,1,171.56764014,1
4564,0.53938197,0.51480808,0.67456522,0.52409697,0.46405205,10.24969387,10.32562993,1,1,259.19744981,1
4565,0.5823857,0.50628869,0.66871672,0.5633807,0.48292735,10.20622912,10.24585386,1,1,131.4217964,1
4566,0.55682268,0.48981335,0.66847329,0.59137856,0.46567811,10.4623371,10.53856514,1,1,449.14429897,1
4567,0.56059723,0.5139645,0.66835626,0.57490416,0.44636455,10.13404598,10.17369592,1,1,109.40402625,1
4568,0.53869629,0.51770825,0.6664445,0.61340608,0.42743737,10.28065118,10.37354233,1,1,885.41887504,1
4569,0.54768622,0.51969437,0.63997243,0.57115027,0.41346757,10.39120683,10.48699514,1,1,199.97321956,1
4570,0.54290599,0.5458635,0.64963555,0.52973291,0.43519809,10.4643546,10.49669743,1,1,121.20531121,1
4571,0.54344849,0.54573867,0.64975248,0.49045068,0.43766773,10.23474065,10.29330123,1,1,178.8969109,1
4572,0.52392484,0.51488972,0.67145832,0.53063775,0.45891431,10.3830734,10.46195288,1,1,1367.82597264,1
4573,0.49671557,0.51544262,0.66174363,0.49008739,0.44055135,10.53996693,10.5592433,1,1,108.44219171,1
4574,0.51964135,0.50249735,0.66606153,0.45081623,0.46174031,10.29568654,10.38517864,1,1,162.1444655,1
4575,0.51629213,0.51036749,0.66633209,0.49060269,0.44825946,10.31285413,10.31745563,1,1,185.76739316,1
4576,0.51490762,0.49972836,0.66803538,0.45101962,0.42929433,9.99959781,10.04919549,1,1,216.50162471,1
4577,0.5003388,0.4842747,0.63755622,0.484872,0.41260965,9.97520742,10.01463248,1,1,1264.00720364,1
4578,0.49293187,0.48545661,0.65098618,0.47117622,0.3948434,10.02801446,10.06649347,1,1,101.18282642,1
4579,0.49372014,0.48458192,0.65116339,0.46281724,0.41479047,10.37418941,10.39842544,1,1,354.50084977,1
4580,0.54778823,0.51412919,0.68421727,0.42356768,0.4230319,10.14020715,10.15459891,1,1,158.53357003,1
4581,0.56432161,0.53647406,0.66594164,0.46509457,0.40457126,10.31909422,10.42028395,1,1,112.54601459,1
4582,0.5560674,0.52694578,0.66143163,0.45496706,0.39732239,10.32669014,10.34728574,1,1,759.25046272,1
4583,0.53737131,0.52534611,0.66725997,0.41603942,0.37937597,9.80981958,9.83983636,1,1,1255.03749501,1
4584,0.53880074,0.53547885,0.63319448,0.45768606,0.39734191,10.13956955,10.16761842,1,1,1470.90593437,1
4585,0.55959336,0.54944756,0.64631035,0.41853237,0.37946381,10.2736121,10.30499586,1,1,211.22506515,1
4586,0.5592895,0.54844722,0.64645118,0.45356406,0.40187453,10.11911596,10.17749904,1,1,226.00217038,1
4587,0.54482568,0.51478029,0.65267067,0.4441262,0.42378924,10.05571113,10.06502252,1,1,301.50193248,1
4588,0.55020574,0.52213248,0.65540072,0.40524621,0.44531345,10.12452264,10.19280837,1,1,188.62017649,1
4589,0.52003499,0.53226442,0.63947105,0.44596779,0.42640719,10.26988082,10.27209439,1,1,1408.20077263,1
4590,0.51204858,0.50481613,0.63000974,0.41427356,0.44787904,9.95408947,9.97848417,1,1,101.20929897,1
4591,0.5135062,0.51441682,0.64141597,0.45517176,0.43636883,10.06723697,10.11231568,1,1,141.6194412,1
4592,0.53335776,0.50199216,0.62644975,0.49606821,0.45755448,10.26488705,10.31959248,1,1,991.14872096,1
4593,0.53332941,0.50215224,0.6264487,0.53596226,0.44213172,10.52699972,10.5846188,1,1,139.79353277,1
4594,0.61153028,0.52860996,0.6321265,0.57524285,0.46271415,10.14185744,10.23957266,1,1,719.33711274,1
4595,0.58760922,0.50908313,0.63115304,0.61274149,0.44352763,10.1019382,10.16301108,1,1,399.73087322,1
4596,0.57982921,0.53780487,0.63159566,0.65047189,0.46465707,10.37955214,10.43528581,1,1,168.33225723,1
4597,0.59345689,0.54469991,0.65164929,0.68746221,0.48069825,10.01685183,10.04428566,1,1,116.9247193,1
4598,0.58117074,0.56305217,0.65040028,0.7073078,0.4610874,10.2589164,10.35720303,1,1,694.84331981,1
4599,0.56705903,0.55877948,0.63742098,0.66316174,0.44229652,10.15180092,10.17716395,1,1,122.72109811,1
4600,0.57520965,0.56761127,0.61687043,0.62013832,0.4276328,10.34392847,10.38826258,1,1,140.81552932,1
4601,0.55836146,0.55905968,0.62585048,0.65715213,0.40910319,10.09450774,10.15415639,1,1,729.44344464,1
4602,0.55852732,0.55739034,0.62585053,0.61401026,0.43060139,10.08380052,10.18112817,1,1,223.39918026,1
4603,0.54429499,0.49604082,0.62735486,0.65170905,0.45192328,10.32196694,10.39913553,1,1,111.67674371,1
4604,0.5410584,0.50443923,0.64726914,0.60867637,0.47045041,10.23354134,10.24677112,1,1,298.04845899,1
4605,0.51507886,0.49835482,0.63517221,0.64649952,0.45105147,10.59513363,10.68061203,1,1,371.07754449,1
4606,0.52729532,0.51579042,0.6105882,0.61324633,0.46462403,10.29300516,10.32253227,1,1,203.42105367,1
4607,0.52462661,0.51837503,0.62772772,0.57143193,0.48063652,10.37042424,10.40092757,1,1,1435.24703955,1
4608,0.52478263,0.51722927,0.62777355,0.53000329,0.50101556,10.07887962,10.13799821,1,1,927.98307455,1
4609,0.56662035,0.54012275,0.65965085,0.48940322,0.52098525,10.17776024,10.26078102,1,1,254.46080636,1
4610,0.56103854,0.53721866,0.62827503,0.52960337,0.50059016,10.43523303,10.4735824,1,1,484.12139857,1
4611,0.57475617,0.53645897,0.64517576,0.48901193,0.48483998,10.07592354,10.11629956,1,1,429.40543132,1
4612,0.54646815,0.55410841,0.63431182,0.45014187,0.4651438,10.19551904,10.27440447,1,1,1083.17517402,1
4613,0.5477792,0.54716938,0.60789815,0.41164639,0.4458685,10.28584413,10.38053414,1,1,120.12606652,1
4614,0.5490146,0.57548397,0.59867803,0.45302456,0.42850508,9.67311112,9.74441848,1,1,260.79153578,1
4615,0.54951566,0.57397475,0.59848851,0.493964,0.44993471,10.14987762,10.20836165,1,1,102.68467911,1
4616,0.56851241,0.54108883,0.62931343,0.53408467,0.470936,10.32093478,10.35781406,1,1,629.2733571,1
4617,0.55610009,0.5420404,0.61162666,0.4934051,0.45152075,9.78706285,9.86181064,1,1,793.62369169,1
4618,0.57080381,0.55466837,0.59294654,0.45406459,0.46580713,10.13613666,10.21261412,1,1,852.82909451,1
4619,0.55223303,0.57502221,0.60947464,0.4949833,0.4858142,10.22405507,10.29977855,1,1,165.34067036,1
4620,0.54657207,0.5685552,0.61435476,0.53508352,0.50609732,9.81292861,9.8588319,1,1,105.42363889,1
4621,0.52673229,0.57259286,0.59589146,0.49460421,0.52597537,10.3032326,10.30563904,1,1,100.61332504,1
4622,0.52703058,0.57520862,0.59583749,0.45471217,0.54544982,10.32211127,10.42089933,1,1,179.8531046,1
4623,0.47416878,0.5501336,0.61428025,0.4156183,0.52487113,10.31074583,10.35592763,1,1,163.31423401,1
4624,0.49809142,0.56026037,0.59543982,0.45730593,0.50439609,10.23787517,10.29225529,1,1,880.8344041,1
4625,0.49312676,0.55172193,0.612842,0.42047027,0.4947364,10.22606161,10.28565033,1,1,122.20368503,1
4626,0.48558704,0.55069041,0.59204791,0.38206138,0.48483918,9.94620897,9.96020288,1,1,1186.09795769,1
4627,0.49511676,0.54500416,0.61515834,0.42441839,0.47690256,10.58100808,10.65407361,1,1,744.26080214,1
4628,0.49211148,0.53189843,0.61251398,0.38593006,0.45884895,10.29080225,10.34042501,1,1,408.35122682,1
4629,0.47812995,0.53127466,0.5999309,0.34821154,0.47348025,10.28781476,10.32367892,1,1,846.32710064,1
4630,0.47917711,0.53365271,0.60022322,0.39045227,0.45806482,10.47466895,10.57539859,1,1,106.91507853,1
4631,0.53122209,0.61596707,0.61736665,0.43098301,0.43890377,10.08152319,10.08880965,1,1,100.75566801,1
4632,0.53387875,0.60911618,0.59850674,0.47236318,0.46012569,10.48433488,10.53462986,1,1,137.27239397,1
4633,0.53702955,0.59103243,0.6158627,0.51211097,0.46956635,10.27373692,10.29770198,1,1,750.41567425,1
4634,0.53706393,0.6205008,0.61439961,0.55186561,0.48608177,10.23400288,10.31849412,1,1,135.08804774,1
4635,0.54513369,0.60591918,0.58158818,0.59082281,0.46636716,10.00386985,10.04935157,1,1,418.6827924,1
4636,0.54455779,0.60483851,0.58160929,0.62855021,0.48690912,9.86505946,9.89653942,1,1,274.56264445,1
4637,0.51441316,0.56985613,0.61394258,0.64811073,0.50662998,10.3030865,10.36928857,1,1,349.42513027,1
4638,0.5159281,0.57848011,0.59152109,0.68514852,0.52629147,10.20932004,10.22443806,1,1,323.27607078,1
4639,0.51068048,0.57000071,0.59407562,0.64243533,0.50581196,10.04405019,10.06921783,1,1,161.10658598,1
4640,0.50808654,0.5618763,0.5909919,0.67924785,0.48569574,10.25486511,10.27285066,1,1,108.70046543,1
4641,0.50312158,0.56870543,0.60321006,0.63568802,0.47196089,10.09637376,10.09651544,1,1,155.4491276,1
4642,0.4936619,0.56384163,0.5898045,0.67117809,0.45252219,10.0356002,10.03638472,1,1,149.08557779,1
4643,0.49348094,0.56203361,0.58992762,0.7076541,0.43347195,10.06603748,10.15547367,1,1,406.67922295,1
4644,0.46172419,0.55648411,0.59602591,0.74014693,0.41584365,10.37501656,10.46977363,1,1,566.34958756,1
4645,0.46491481,0.5499547,0.60232234,0.77534399,0.43752677,10.23076121,10.24540028,1,1,112.11890309,1
4646,0.45069115,0.55846079,0.58333556,0.72985014,0.45877603,10.25081374,10.34405327,1,1,230.46575799,1
4647,0.47009617,0.53603176,0.58277793,0.6852624,0.43963491,9.88656939,9.9439485,1,1,100.63763529,1
4648,0.46606799,0.53357899,0.57951319,0.72155713,0.46084221,10.13858535,10.19327533,1,1,118.58301316,1
4649,0.47307516,0.53083035,0.57886099,0.71404851,0.48162537,10.12300255,10.1843893,1,1,359.8144519,1
4650,0.47309336,0.53079355,0.5790215,0.74976637,0.46199288,10.08338434,10.18055659,1,1,140.22188467,1
4651,0.54128177,0.61314591,0.59037368,0.7047754,0.44275369,9.96688372,10.00498684,1,1,114.97012958,1
4652,0.53581929,0.62196548,0.5855545,0.66067989,0.42391023,10.31120497,10.38491101,1,1,313.59408858,1
4653,0.5505116,0.60195993,0.57426968,0.69745614,0.4454311,10.38112665,10.429241,1,1,118.88485276,1
4654,0.55472166,0.59162014,0.56299148,0.6535104,0.42655457,10.2392747,10.2999431,1,1,312.08226431,1
4655,0.55404414,0.60166266,0.55315125,0.61068754,0.40802592,10.29244967,10.3000702,1,1,1087.648544,1
4656,0.55464588,0.601576,0.55343225,0.64847378,0.42019486,10.30400286,10.30829347,1,1,1118.42677587,1
4657,0.56156178,0.54487756,0.55721379,0.68538423,0.40179223,10.14304991,10.16604891,1,1,294.70259301,1
4658,0.56267402,0.57211184,0.55699314,0.72167537,0.39225356,9.94454695,9.97090964,1,1,165.7281636,1
4659,0.53727308,0.56475402,0.56527389,0.67724941,0.38154438,10.56314305,10.56445792,1,1,195.24869376,1
4660,0.53176796,0.56774878,0.57138575,0.67061263,0.40391349,10.13396832,10.2293815,1,1,128.31318584,1
4661,0.54902678,0.5944792,0.55638444,0.62720038,0.42581574,9.95089224,9.98202772,1,1,102.52733096,1
4662,0.54850147,0.59535843,0.55656637,0.66452504,0.40731037,10.29582664,10.33536352,1,1,436.15444336,1
4663,0.56731034,0.55013486,0.56582062,0.62124792,0.38983956,10.00917981,10.05571517,1,1,131.51703513,1
4664,0.53940078,0.57802412,0.5689404,0.57882783,0.37204301,10.09777442,10.18747682,1,1,486.62165298,1
4665,0.54102144,0.5648304,0.57230318,0.5372627,0.39460215,10.17543816,10.21325869,1,1,145.49428941,1
4666,0.53276871,0.58098364,0.57383247,0.54356789,0.40804913,10.3441461,10.36380307,1,1,195.62474794,1
4667,0.52713161,0.59602511,0.56670835,0.50269653,0.42988571,10.30370338,10.3247015,1,1,125.47189086,1
4668,0.52711694,0.59587104,0.56652931,0.54264115,0.41502687,10.23764772,10.2605093,1,1,705.17435877,1
4669,0.50834101,0.56857562,0.59078067,0.50430999,0.39672645,10.18057044,10.21504918,1,1,154.33799613,1
4670,0.50526122,0.57927855,0.59359912,0.46422419,0.41475218,10.12878135,10.17156572,1,1,376.04593432,1
4671,0.50596822,0.58350164,0.58322472,0.42760186,0.43645713,10.49661277,10.54563613,1,1,1257.08834285,1
4672,0.5011173,0.56341192,0.57047705,0.46904782,0.45764443,10.07100094,10.07172448,1,1,660.43626438,1
4673,0.51085506,0.55198238,0.5893501,0.43063532,0.43849406,10.11930455,10.19184041,1,1,313.60624922,1
4674,0.5068434,0.57362478,0.56440606,0.47202249,0.41972418,10.02861578,10.05895635,1,1,149.51344593,1
4675,0.50690476,0.57586797,0.56419027,0.51258204,0.40224467,10.46163249,10.47141159,1,1,1031.29274342,1
4676,0.47634888,0.57917717,0.5760775,0.55223171,0.42419741,10.11716754,10.13050744,1,1,116.84651522,1
4677,0.49106195,0.58970529,0.58098946,0.59118503,0.41121526,10.5699999,10.58220311,1,1,143.60836978,1
4678,0.48765623,0.56721455,0.58709207,0.54989625,0.39300628,10.32634731,10.35470674,1,1,137.4859763,1
4679,0.4894274,0.57184952,0.58715666,0.51960184,0.41514613,10.28910048,10.37112729,1,1,1281.4631588,1
4680,0.50299151,0.55769759,0.56398762,0.47922708,0.39684321,10.16996794,10.18971506,1,1,826.52173362,1
4681,0.49221366,0.52805313,0.56712839,0.51964254,0.37890635,10.3578818,10.3746267,1,1,925.87405089,1
4682,0.48804094,0.54418521,0.55932863,0.47926409,0.36132823,10.22760424,10.25636574,1,1,216.79850293,1
4683,0.50540806,0.51707444,0.57152925,0.43967881,0.37051125,9.99913734,10.04199952,1,1,108.11709195,1
4684,0.50541849,0.51662787,0.57144323,0.40124724,0.37638506,10.26815754,10.28347263,1,1,100.1328101,1
4685,0.47102493,0.54358476,0.56938816,0.44301915,0.39885736,9.97587028,10.07012142,1,1,293.72266616,1
4686,0.47577324,0.53060965,0.57333583,0.40429865,0.38088024,10.03175086,10.03940747,1,1,226.55728112,1
4687,0.48967913,0.53158018,0.57385874,0.43194777,0.36345718,10.00364813,10.05012015,1,1,156.34702536,1
4688,0.48223363,0.5032807,0.57742085,0.39494504,0.38618804,9.89902038,9.93913951,1,1,465.52340624,1
4689,0.49164302,0.49786514,0.55249509,0.35704821,0.40836932,10.09262921,10.10872687,1,1,1407.03337996,1
4690,0.49180451,0.50054715,0.55282573,0.39680743,0.39020195,10.23094402,10.24768028,1,1,1237.24709485,1
4691,0.45847367,0.49192181,0.56014623,0.35887148,0.4123979,10.11457981,10.1515968,1,1,990.12955239,1
4692,0.47061226,0.4881658,0.57118114,0.32169405,0.43378675,10.0978777,10.14913805,1,1,180.72657724,1
4693,0.4712384,0.48653948,0.56309207,0.36523895,0.42675692,10.20692847,10.25649907,1,1,683.35328545,1
4694,0.47442374,0.46152817,0.54612073,0.40286761,0.4090045,10.36596152,10.3796949,1,1,330.51003669,1
4695,0.45873697,0.48209513,0.53410727,0.44460094,0.43079327,9.88676285,9.94033523,1,1,180.25010936,1
4696,0.45816243,0.48045667,0.5342973,0.40570907,0.42802638,10.37898928,10.46166101,1,1,138.55668667,1
4697,0.51492976,0.56370102,0.55601609,0.38939786,0.44818358,10.24082555,10.27994007,1,1,256.26294047,1
4698,0.51536431,0.55503529,0.5515764,0.3516593,0.42922069,10.17498297,10.22985493,1,1,986.11117667,1
4699,0.51722209,0.5460124,0.55321662,0.35834866,0.44285279,10.12790668,10.18757592,1,1,746.84946172,1
4700,0.54084017,0.54831217,0.53300669,0.40041913,0.42399577,10.35640526,10.38659469,1,1,466.17519121,1
4701,0.54925637,0.54742062,0.5330502,0.36325906,0.40551585,10.48589233,10.49437538,1,1,364.61856446,1
4702,0.52972558,0.57355322,0.53567723,0.40477738,0.42728687,10.23209676,10.27364921,1,1,133.99574664,1
4703,0.52915273,0.57408699,0.53559244,0.36668183,0.40941488,9.97447596,10.02278679,1,1,399.73599857,1
4704,0.57679451,0.57788435,0.54111573,0.4091871,0.39122658,10.25644918,10.28494091,1,1,159.30732836,1
4705,0.55218626,0.55644152,0.53205611,0.37100494,0.37376229,10.24713198,10.26445227,1,1,105.84303022,1
4706,0.54648187,0.5980124,0.53395724,0.33358484,0.35628706,10.26056037,10.29846408,1,1,101.57140154,1
4707,0.5375346,0.59393218,0.53306878,0.36739196,0.3773093,10.1876429,10.21738696,1,1,151.72036538,1
4708,0.52640229,0.61158773,0.51151891,0.40997338,0.39879549,10.12120105,10.20888724,1,1,748.75698574,1
4709,0.52596498,0.60866287,0.51145777,0.37191531,0.42076436,10.75006844,10.79550634,1,1,203.06280339,1
4710,0.49823362,0.59558213,0.52676609,0.35218714,0.43973143,10.09074956,10.10694582,1,1,824.78875675,1
4711,0.49326059,0.60251351,0.51952176,0.31811933,0.46093554,10.2120021,10.23410609,1,1,122.82034339,1
4712,0.516484,0.58283641,0.52794828,0.28175694,0.46212979,10.22350145,10.30155929,1,1,196.55165714,1
4713,0.49324688,0.58686349,0.53831245,0.24619508,0.47988746,10.23228943,10.25155423,1,1,119.35131549,1
4714,0.5147317,0.57233052,0.52309167,0.28664876,0.46286307,10.48664718,10.54109939,1,1,129.96952446,1
4715,0.4915506,0.56485759,0.52216651,0.33053908,0.44360581,10.05673621,10.10239757,1,1,999.2502254,1
4716,0.50118588,0.57971561,0.53771031,0.29433826,0.42538401,10.06416779,10.06773452,1,1,115.16004881,1
4717,0.50155524,0.57965097,0.53792201,0.33832402,0.44224809,9.99940794,10.08336341,1,1,167.78684776,1
4718,0.53788068,0.549271,0.54707221,0.38155594,0.4633817,10.33735166,10.37103295,1,1,1097.31710754,1
4719,0.52745127,0.57766803,0.52972456,0.42389606,0.45748848,10.28351089,10.28523849,1,1,233.93066129,1
4720,0.52851988,0.57644937,0.52369765,0.46541764,0.47833842,10.04018196,10.04174502,1,1,146.29273634,1
4721,0.51882357,0.57882378,0.52957275,0.42611493,0.49811253,10.38676862,10.40103801,1,1,205.9629833,1
4722,0.50553003,0.58454924,0.50260265,0.40692559,0.47815077,10.33566003,10.34779981,1,1,285.01412294,1
4723,0.50553145,0.58415816,0.50292891,0.44831731,0.45859543,10.33972388,10.34228681,1,1,368.14393624,1
4724,0.46608391,0.57871927,0.52245457,0.4093514,0.4445817,10.39376563,10.46247517,1,1,104.91881769,1
4725,0.47545034,0.58752925,0.52795392,0.44269267,0.4656821,9.99273208,10.04810289,1,1,100.35317257,1
4726,0.47503688,0.5816677,0.52351937,0.40384339,0.44678,10.32183434,10.41032044,1,1,261.49527894,1
4727,0.47101997,0.56811103,0.51086145,0.4457662,0.4678444,10.15464465,10.22541288,1,1,808.82341442,1
4728,0.4767612,0.55762483,0.53068165,0.48635188,0.48837293,10.09369629,10.16034682,1,1,435.58792608,1
4729,0.48640132,0.56173541,0.50982086,0.51139247,0.50860057,10.18622573,10.24063828,1,1,605.30533077,1
4730,0.48684829,0.54434155,0.51902918,0.5510788,0.48848768,10.56887471,10.62910687,1,1,109.21947257,1
4731,0.48163179,0.53713295,0.50932329,0.51005728,0.50266538,9.89486897,9.89598081,1,1,365.30379648,1
4732,0.48849631,0.52265739,0.51393183,0.54985613,0.52241244,10.49735486,10.52825918,1,1,116.67033012,1
4733,0.48805546,0.52265204,0.51427854,0.58881891,0.50196423,9.97113288,9.98117456,1,1,1251.30782111,1
4734,0.47092581,0.59897514,0.51709349,0.54704263,0.49013839,10.41438903,10.43393513,1,1,266.18667258,1
4735,0.47314111,0.57068326,0.5318159,0.50708915,0.47033578,10.27150656,10.32119192,1,1,109.14613487,1
4736,0.49911218,0.57182366,0.53426738,0.53888963,0.48557666,9.89205209,9.91523885,1,1,103.49252859,1
4737,0.50590453,0.56983133,0.52224974,0.49811303,0.46586514,10.29745675,10.30806312,1,1,571.60962079,1
4738,0.51752922,0.54119265,0.52811792,0.45815189,0.48642716,10.27821425,10.31519118,1,1,101.36031171,1
4739,0.51757478,0.53980154,0.5280817,0.49854935,0.46917927,10.02988034,10.09548001,1,1,145.19854357,1
4740,0.55956975,0.52555483,0.54434862,0.47506711,0.45199583,9.94962211,9.96783147,1,1,215.52255315,1
4741,0.56670899,0.53703174,0.52508866,0.43556621,0.45323281,10.21588145,10.23633253,1,1,217.36268522,1
4742,0.5352384,0.5299681,0.52765033,0.47667051,0.47416815,10.07153465,10.14538294,1,1,584.11006161,1
4743,0.54045768,0.56324883,0.53921123,0.43713835,0.46629155,10.22032836,10.23109176,1,1,1331.87792723,1
4744,0.51691713,0.56056343,0.54764321,0.39839558,0.48664422,9.98456582,10.01661446,1,1,194.76164211,1
4745,0.51673353,0.55942608,0.54788302,0.36042792,0.50691134,10.3598865,10.41536167,1,1,111.32376764,1
4746,0.49428339,0.53292055,0.56552147,0.32350615,0.48678101,10.09291848,10.15535975,1,1,100.26228754,1
4747,0.48659638,0.52039828,0.53691929,0.36687501,0.46704539,10.47997182,10.57873436,1,1,109.59922663,1
4748,0.49354154,0.5444846,0.549581,0.40953725,0.44963016,10.28640036,10.29629499,1,1,111.95144232,1
4749,0.49527387,0.54533105,0.55362045,0.45134646,0.43080432,10.26287892,10.36094728,1,1,966.51694396,1
4750,0.47597203,0.54236911,0.54596129,0.49212136,0.41221,10.25660041,10.3379145,1,1,122.17145322,1
4751,0.47610255,0.54307986,0.54562937,0.47725221,0.43387445,10.27546212,10.2949424,1,1,201.89520625,1
4752,0.51700887,0.60399285,0.55322088,0.45908404,0.41520253,10.1704747,10.22246988,1,1,228.15563413,1
4753,0.51524301,0.6228949,0.55499015,0.49988062,0.43689438,10.06624172,10.07663489,1,1,141.88290487,1
4754,0.53655897,0.60232851,0.56264357,0.53681391,0.4563767,10.32879274,10.41731623,1,1,105.89131035,1
4755,0.52942375,0.61296728,0.56495764,0.57607745,0.47723453,10.10733476,10.1306323,1,1,145.04322566,1
4756,0.53688752,0.59024411,0.56095225,0.5345559,0.49768984,10.22586466,10.28326878,1,1,919.2428575,1
4757,0.53748664,0.58897202,0.56124223,0.50277858,0.51773481,10.21101098,10.28622983,1,1,140.61374333,1
4758,0.53258628,0.54047712,0.58185111,0.5358207,0.49739996,10.20564469,10.23552063,1,1,1508.51759293,1
4759,0.53871004,0.53479707,0.55707907,0.57510428,0.51737157,10.30008555,10.38567057,1,1,289.77864979,1
4760,0.52980559,0.5439165,0.56807648,0.57241737,0.49712674,10.67672637,10.73523864,1,1,787.77801845,1
4761,0.51707783,0.5571266,0.55382691,0.59616222,0.51714839,10.06656229,10.10865072,1,1,191.94771912,1
4762,0.49595052,0.55552084,0.54758791,0.63423893,0.49801239,10.17836499,10.2348595,1,1,1153.82835578,1
4763,0.49610834,0.55563059,0.54740403,0.66349172,0.51804952,10.39772876,10.43093243,1,1,592.82441352,1
4764,0.54320515,0.61680664,0.5481116,0.62468858,0.51662749,9.95797015,9.984396,1,1,141.11184939,1
4765,0.54831912,0.61927362,0.54820562,0.66219374,0.49645173,10.23050126,10.25215289,1,1,1292.22055957,1
4766,0.56487478,0.59812369,0.52072639,0.61896904,0.47691391,10.46315309,10.50806654,1,1,289.01885875,1
4767,0.54521003,0.60128721,0.53746954,0.57659152,0.45909597,10.14007856,10.20433702,1,1,451.03029845,1
4768,0.54510992,0.60010781,0.53753757,0.60286894,0.44003872,10.35078575,10.36624142,1,1,113.31793136,1
4769,0.50202244,0.56633565,0.55186918,0.64081144,0.42123805,10.20587653,10.30721131,1,1,118.35242417,1
4770,0.50085067,0.58781812,0.54357655,0.67797232,0.44194608,10.4469126,10.50257163,1,1,133.60827974,1
4771,0.51041245,0.57121801,0.53471634,0.67596118,0.46200769,10.11661944,10.17247648,1,1,1189.22374296,1
4772,0.51537586,0.56177772,0.54813474,0.71211922,0.48276748,10.12502666,10.14092056,1,1,131.64649818,1
4773,0.4991793,0.56511713,0.56234063,0.66787685,0.46480097,10.09156272,10.11400831,1,1,170.25428891,1
4774,0.51042888,0.56167442,0.5332295,0.70447768,0.48530941,10.40143174,10.46066715,1,1,150.31254627,1
4775,0.50967908,0.56551479,0.53323097,0.73995219,0.50357332,10.04196456,10.06715373,1,1,124.46708842,1
4776,0.4782422,0.56286864,0.54450592,0.77460164,0.50411596,10.0657387,10.15144361,1,1,143.83498084,1
4777,0.48324641,0.57087124,0.53888477,0.72911751,0.48403786,10.36019552,10.4199006,1,1,160.81895302,1
4778,0.48399621,0.55619646,0.53421516,0.75690518,0.50435671,10.15176107,10.23454142,1,1,1493.32645416,1
4779,0.47317124,0.55199127,0.53289585,0.71176724,0.52414511,10.19767041,10.26980696,1,1,195.52243566,1
4780,0.46679435,0.53086365,0.55679361,0.68877641,0.50369891,10.09684091,10.15204043,1,1,588.8113522,1
4781,0.47352583,0.53097602,0.54058658,0.6452189,0.48364514,10.37446473,10.43585175,1,1,154.75809553,1
4782,0.4736652,0.53051066,0.54082789,0.68222912,0.5036529,10.15350619,10.17964088,1,1,701.97068112,1
4783,0.42809949,0.58167436,0.56957832,0.64441704,0.48360792,10.19276538,10.26225561,1,1,117.08383671,1
4784,0.43731462,0.5655997,0.56963403,0.60991286,0.49762571,10.07600343,10.10244076,1,1,145.1459996,1
4785,0.45787282,0.55777031,0.56152206,0.56771607,0.5176732,10.31256869,10.32219154,1,1,103.59334099,1
4786,0.45773667,0.55046133,0.53733911,0.59946537,0.49732273,10.37129443,10.47229721,1,1,134.54523369,1
4787,0.4641072,0.53800737,0.54133341,0.63747606,0.51698289,10.24552627,10.25886422,1,1,170.319331,1
4788,0.47834749,0.51855402,0.55026805,0.67469485,0.53569786,10.16392421,10.2094392,1,1,194.09887568,1
4789,0.47867457,0.51931016,0.54996501,0.71055448,0.51897436,10.03633509,10.13441288,1,1,245.99132067,1
4790,0.46810573,0.54478567,0.57086406,0.74630604,0.49885712,10.18486683,10.26579536,1,1,241.72506553,1
4791,0.47109727,0.52377467,0.55671382,0.77622109,0.51776401,9.97086492,10.01330068,1,1,104.30185431,1
4792,0.46946575,0.52136537,0.55657569,0.73069805,0.53740826,10.223854,10.27065441,1,1,241.75973959,1
4793,0.48734568,0.50735396,0.56855359,0.72169926,0.52707741,10.372064,10.45036245,1,1,143.31454054,1
4794,0.49247086,0.49286261,0.54253305,0.67958816,0.54653421,9.95749041,9.96053775,1,1,1110.25407396,1
4795,0.48712739,0.509903,0.54481482,0.63674037,0.56560353,10.03614858,10.09077882,1,1,922.84496353,1
4796,0.48690181,0.50839037,0.54486787,0.67400549,0.56947196,10.27025062,10.28386922,1,1,158.71240139,1
4797,0.55097962,0.57777428,0.56193694,0.70681204,0.5880482,10.1750387,10.20363381,1,1,123.58985964,1
4798,0.55278455,0.56932832,0.54496018,0.7426758,0.60104166,10.29382932,10.31798951,1,1,793.15444534,1
4799,0.56597029,0.59761591,0.5398431,0.764931,0.61901958,9.99747063,10.03125119,1,1,744.47653543,1
4800,0.56877412,0.59456695,0.53881267,0.71963276,0.59714304,10.24738473,10.34840829,1,1,101.99309025,1
4801,0.55249724,0.59736255,0.54550822,0.73915925,0.61386186,10.22993659,10.2819096,1,1,105.35002628,1
4802,0.55227637,0.59480559,0.54522716,0.77437606,0.63158462,10.31417527,10.33505961,1,1,115.94967226,1
4803,0.53499967,0.55488844,0.55131815,0.80888853,0.60895311,9.87534989,9.89762564,1,1,132.55642974,1
4804,0.53209836,0.54511265,0.54811134,0.84159871,0.62327024,10.65676547,10.69761336,1,1,277.19928379,1
4805,0.50516013,0.53878267,0.54292486,0.83985298,0.60080658,10.01546387,10.05111637,1,1,185.01673614,1
4806,0.49738464,0.53984072,0.56301847,0.87305564,0.58663327,10.34051196,10.41070902,1,1,985.255179,1
4807,0.5039604,0.54142617,0.54879203,0.82677681,0.60470612,10.06244153,10.09348466,1,1,501.46940536,1
4808,0.51170629,0.55862209,0.5383571,0.85932568,0.6223584,10.13527865,10.1968481,1,1,350.62590122,1
4809,0.5115431,0.56074245,0.538548,0.86765053,0.5999165,10.20859523,10.27956987,1,1,1517.73635021,1
4810,0.47618487,0.56268081,0.56137966,0.90010454,0.5986206,10.2009225,10.29857849,1,1,118.30102531,1
4811,0.48416194,0.56684529,0.54092932,0.85210246,0.57665404,10.33121788,10.38001866,1,1,1458.7625208,1
4812,0.47656939,0.54527092,0.53602039,0.88506037,0.55512096,10.09207514,10.09493256,1,1,121.4915082,1
4813,0.48409821,0.55368035,0.56282523,0.91735916,0.57379523,10.44228935,10.53151158,1,1,217.37136536,1
4814,0.48667444,0.53781895,0.54343689,0.87716182,0.55232137,10.30170492,10.37089773,1,1,104.61571845,1
4815,0.50177489,0.54623539,0.54609619,0.90759385,0.57127493,10.35723184,10.40618201,1,1,822.99248119,1
4816,0.50203278,0.54810351,0.54611126,0.85956533,0.58984661,10.03645706,10.08447543,1,1,404.51679916,1
4817,0.49253524,0.56861224,0.56053821,0.81272735,0.60799641,10.3115765,10.36253915,1,1,117.74301846,1
4818,0.476302,0.55749342,0.56350365,0.84646016,0.62583648,10.19009642,10.24932561,1,1,102.62090144,1
4819,0.50096445,0.55714315,0.5580693,0.86461302,0.63772666,10.36834115,10.39325088,1,1,181.68837161,1
4820,0.49448057,0.5291872,0.56358105,0.81741972,0.65497213,10.30912861,10.36734013,1,1,156.03122673,1
4821,0.51488084,0.54117913,0.54804431,0.77423339,0.67184774,10.24406212,10.31461646,1,1,380.16297196,1
4822,0.50283988,0.51202546,0.5399154,0.72874878,0.68841077,9.94403153,9.96882876,1,1,118.32298,1
4823,0.50372378,0.51066688,0.53983989,0.76417378,0.70464097,10.41757469,10.47514921,1,1,1164.53611586,1
4824,0.58064577,0.51925957,0.54922418,0.79340116,0.71729315,10.62332568,10.69915063,1,1,513.1871475,1
4825,0.55781409,0.5340683,0.55915105,0.82561626,0.73294722,10.19191503,10.22800714,1,1,122.49297318,1
4826,0.56096394,0.53745338,0.54186282,0.8551728,0.70830121,10.21334307,10.2855536,1,1,100.85626502,1
4827,0.57149564,0.54888025,0.54802543,0.80831781,0.72208673,10.16503828,10.21815302,1,1,1441.08967974,1
4828,0.56396024,0.5528907,0.54404845,0.76215146,0.69788783,10.14284367,10.14589536,1,1,108.1046225,1
4829,0.55616486,0.57602994,0.55463592,0.79690775,0.67461771,10.29882312,10.30123021,1,1,257.54060277,1
4830,0.55545184,0.57785533,0.55462506,0.75936214,0.65112554,10.22317559,10.28696898,1,1,107.72177512,1
4831,0.51325151,0.53815986,0.5793887,0.71630094,0.66810155,10.05320236,10.08577848,1,1,773.04270485,1
4832,0.5254917,0.52746495,0.57738743,0.67197492,0.65169949,10.39815725,10.48055354,1,1,132.92560924,1
4833,0.52003495,0.52641334,0.57456164,0.7080516,0.628752,10.1647539,10.23829106,1,1,475.72856959,1
4834,0.51807804,0.52764358,0.54716615,0.66420955,0.60617808,10.15636171,10.1793661,1,1,103.28775362,1
4835,0.49447721,0.52687047,0.56469185,0.62333242,0.58440387,10.37924459,10.4091768,1,1,137.81800505,1
4836,0.50057195,0.53317575,0.55916049,0.66086577,0.58859839,10.40634627,10.41343778,1,1,1165.82171153,1
4837,0.50080064,0.53493584,0.55874072,0.65293534,0.57060451,10.07886383,10.12269177,1,1,202.50946817,1
4838,0.4741435,0.53821286,0.57523144,0.61184878,0.58919146,10.23210161,10.31892772,1,1,109.48503302,1
4839,0.49489843,0.55185349,0.55612761,0.56961277,0.56740806,10.40277506,10.42197984,1,1,286.36492124,1
4840,0.49533601,0.53342276,0.55783405,0.52822052,0.54680628,10.14649628,10.20257295,1,1,115.56515247,1
4841,0.48720261,0.53565261,0.52455644,0.56029086,0.56556394,9.86633578,9.91031299,1,1,178.42870604,1
4842,0.50989161,0.51482859,0.52453139,0.52057628,0.54426506,10.00221253,10.08593881,1,1,493.49728417,1
4843,0.51032838,0.51532558,0.52444656,0.48607051,0.54715006,10.09363492,10.14687536,1,1,107.25474224,1
4844,0.50285079,0.48946187,0.52763151,0.5222115,0.52620727,10.08712701,10.17677046,1,1,139.62702619,1
4845,0.5052688,0.47165883,0.52489235,0.482158,0.50568397,10.29086084,10.37719346,1,1,120.6208647,1
4846,0.48076005,0.48707855,0.52187576,0.51826216,0.52556758,10.01285499,10.08184496,1,1,572.43638618,1
4847,0.48920758,0.47888688,0.51209231,0.55787066,0.50505623,10.43810028,10.4604404,1,1,284.23090629,1
4848,0.48851375,0.47789406,0.51224231,0.51926467,0.52492497,10.38816503,10.4235909,1,1,101.22394189,1
4849,0.55507495,0.5045408,0.53443412,0.50148034,0.50442739,10.10180203,10.123513,1,1,199.71130836,1
4850,0.55163053,0.49669959,0.5240148,0.48784707,0.48433885,10.18085549,10.19288655,1,1,192.61583023,1
4851,0.56760647,0.50706398,0.51635389,0.44849912,0.46465207,10.35807062,10.41307088,1,1,136.56077242,1
4852,0.54767153,0.52462558,0.51174694,0.48531223,0.48531807,10.0020039,10.01897575,1,1,105.00948577,1
4853,0.54587863,0.54439918,0.53347246,0.5247636,0.46561958,10.24786818,10.28692234,1,1,1265.56646922,1
4854,0.55270203,0.53281473,0.53654123,0.56386303,0.4463106,10.25650485,10.29958361,1,1,106.98141146,1
4855,0.53923062,0.53278811,0.52159701,0.52421634,0.46738398,10.3021043,10.37143251,1,1,149.17656386,1
4856,0.53941178,0.53057932,0.5215708,0.4845038,0.48803599,10.36960838,10.42976582,1,1,130.65059793,1
4857,0.52709486,0.51548628,0.54674514,0.52443289,0.50827482,10.30827698,10.38223193,1,1,310.81043278,1
4858,0.52284246,0.51572733,0.5405418,0.56392649,0.52806213,10.27541362,10.37335572,1,1,106.56277977,1
4859,0.51686293,0.51394117,0.54339476,0.52355653,0.51197326,10.03978218,10.12140432,1,1,118.26211546,1
4860,0.52143649,0.51465509,0.54176192,0.53301169,0.4917338,10.40598795,10.46229478,1,1,419.12139828,1
4861,0.52870182,0.48401914,0.53939236,0.57234637,0.51148473,10.19670834,10.23558113,1,1,1336.31219318,1
4862,0.51382503,0.49863889,0.53063223,0.61089764,0.49125512,10.1570258,10.23029645,1,1,1195.84123922,1
4863,0.53082242,0.49662216,0.53925491,0.64865332,0.51142997,10.08477689,10.11895824,1,1,116.30412704,1
4864,0.53113998,0.49831733,0.53912263,0.60580293,0.49120624,10.08292171,10.11760686,1,1,161.799646,1
4865,0.57827793,0.48024925,0.56046729,0.63846639,0.51067841,10.19964709,10.2434573,1,1,282.61284848,1
4866,0.57013729,0.50622322,0.55109205,0.65958333,0.49084589,10.23108077,10.32200434,1,1,740.22032361,1
4867,0.57237795,0.52010369,0.55632178,0.6924467,0.51099626,10.43388748,10.52358606,1,1,170.24034655,1
4868,0.55265233,0.52533071,0.54126006,0.69538267,0.52802104,10.28058994,10.36409245,1,1,185.38667713,1
4869,0.56111592,0.52848151,0.53858272,0.73147502,0.50746062,10.06203519,10.09715594,1,1,388.07522202,1
4870,0.56599979,0.54070672,0.55759319,0.68684773,0.48758548,10.21089676,10.23143488,1,1,167.6161854,1
4871,0.56594504,0.54226297,0.55763517,0.72310853,0.4867756,10.40021486,10.46957879,1,1,148.45003415,1
4872,0.53996089,0.46446691,0.57732389,0.67864636,0.47303689,10.41518108,10.50358336,1,1,230.91306563,1
4873,0.55241195,0.47025654,0.55625192,0.63578723,0.46883639,10.48435602,10.52738664,1,1,523.84579619,1
4874,0.5314692,0.47109331,0.57945789,0.59307372,0.48866887,10.46622292,10.55451435,1,1,1149.00129777,1
4875,0.53552785,0.49070459,0.56896472,0.58838288,0.50710163,10.44273545,10.45483153,1,1,202.09696525,1
4876,0.51711136,0.49871156,0.56191002,0.60363821,0.49186579,10.05545438,10.0770632,1,1,181.07734529,1
4877,0.52553558,0.49022209,0.56733596,0.64156534,0.51200946,10.15693253,10.17724611,1,1,135.26221968,1
4878,0.52519768,0.48905372,0.56733335,0.59873474,0.49240668,10.04562986,10.05969303,1,1,402.38860375,1
4879,0.58034977,0.48726228,0.5795619,0.55676006,0.51223447,10.14658842,10.20078778,1,1,196.86663735,1
4880,0.55154115,0.48792327,0.5778268,0.51562498,0.49198979,9.9441162,9.99052824,1,1,111.71092053,1
4881,0.55592499,0.49338094,0.56623836,0.47531249,0.51214999,10.85868752,10.89425545,1,1,620.73332469,1
4882,0.54266495,0.50887298,0.56683251,0.49647046,0.52686809,10.05583027,10.13562593,1,1,124.90419864,1
4883,0.5463189,0.52284672,0.56320994,0.45654402,0.50754997,10.18414041,10.19590328,1,1,129.60133873,1
4884,0.53861356,0.53068618,0.57085657,0.49741213,0.49872676,10.50803191,10.54346976,1,1,1123.59295566,1
4885,0.52260544,0.53382244,0.58276131,0.50597615,0.47998527,10.37905168,10.45316001,1,1,659.03659754,1
4886,0.52289257,0.5348158,0.58271639,0.54585663,0.50037281,10.26713999,10.35374283,1,1,1205.32998036,1
4887,0.58047865,0.50132409,0.59524517,0.56821641,0.51790632,9.95041667,9.9628438,1,1,141.83627316,1
4888,0.54178684,0.52590871,0.59136399,0.60667395,0.49757927,10.44460168,10.50532289,1,1,237.75697878,1
4889,0.53531988,0.51444816,0.57611545,0.56541646,0.490931,9.88789692,9.95888355,1,1,1371.03251834,1
4890,0.54927755,0.53855667,0.55523255,0.60167873,0.47371006,10.31453425,10.31536445,1,1,121.37800699,1
4891,0.52752221,0.54524717,0.55351755,0.63811771,0.45424548,10.53754603,10.632717,1,1,123.59145161,1
4892,0.52725314,0.5452734,0.55364837,0.59939478,0.43552495,10.09739144,10.15598928,1,1,320.34297781,1
4893,0.51765641,0.4806342,0.55691735,0.63740688,0.45681445,10.10835671,10.140107,1,1,495.21549684,1
4894,0.50729487,0.48062117,0.55145972,0.59465877,0.47687873,10.37289418,10.40014158,1,1,104.4232703,1
4895,0.49945826,0.49735244,0.53948358,0.63216697,0.49734114,10.29479241,10.39440813,1,1,158.82061418,1
4896,0.49141425,0.49312837,0.55602391,0.65695427,0.51739427,10.22237486,10.31852547,1,1,683.70310279,1
4897,0.49920309,0.52007479,0.55883989,0.61453178,0.53462235,10.16852243,10.20538823,1,1,503.53040462,1
4898,0.49940342,0.5180852,0.55859476,0.65224114,0.5504213,10.62540713,10.63086139,1,1,585.64421367,1
4899,0.47894923,0.52443117,0.57932203,0.67715206,0.56940362,10.39300717,10.45824985,1,1,297.6952774,1
4900,0.49323678,0.54637266,0.5768433,0.71360188,0.58801555,9.93112959,9.96022247,1,1,733.05285294,1
4901,0.47761927,0.53591919,0.57823288,0.67580754,0.57251738,10.25578507,10.31621019,1,1,261.85514816,1
4902,0.48404833,0.50741147,0.574596,0.63229689,0.59106698,10.2413232,10.2502007,1,1,150.06025411,1
4903,0.49251497,0.51492706,0.58126644,0.66965094,0.56931899,10.33827779,10.36179826,1,1,848.51757029,1
4904,0.50018484,0.50833913,0.58182261,0.70540384,0.5483269,10.12762535,10.15969456,1,1,428.1591819,1
4905,0.50052855,0.50733461,0.58195548,0.81383456,0.60100109,10.2179528,10.26590882,1,1,230.08857517,0
4906,0.45105344,0.44739848,0.41291943,0.68759217,0.53473212,10.08112597,10.11455956,1,1,161.81484342,0
4907,0.38266903,0.38490968,0.23948565,0.80379791,0.47146299,10.12502844,10.20506551,1,1,1102.51936522,0
4908,0.35137735,0.34223911,0.05874317,0.67826029,0.41286303,10.34469162,10.3978588,1,1,160.40487141,0
4909,0.3198497,0.30028903,0.94094971,0.55469549,0.34936362,9.98446515,10.05720034,1,1,152.54778125,0
4910,0.31998768,0.3005841,0.94110051,0.48358511,0.30104334,10.25314884,10.30607007,1,1,116.29752575,0
4911,0.39674673,0.38636493,0.87241478,0.60369847,0.24137164,10.38982905,10.45895068,1,1,141.05294236,0
4912,0.44141075,0.44644218,0.75794428,0.63428984,0.29926265,10.25368025,10.34603811,1,1,906.16003808,0
4913,0.47996884,0.51256792,0.58434648,0.51210704,0.35657474,10.33530087,10.43812612,1,1,881.43336453,0
4914,0.52121315,0.59759818,0.44759924,0.63177582,0.41603542,10.06266769,10.16166513,1,1,729.69023173,0
4915,0.54688136,0.65544029,0.32041249,0.74719367,0.35340004,10.38949575,10.49172189,1,1,512.3900366,0
4916,0.5681517,0.69094893,0.25031404,0.62227351,0.40149584,9.95954093,10.00898742,1,1,112.72720397,0
4917,0.56770998,0.69033977,0.25041104,0.49995707,0.43877714,10.25123051,10.33436268,1,1,102.20802494,0
4918,0.51996098,0.63768164,0.35944671,0.37995981,0.49873655,10.31837466,10.41254676,1,1,128.16393047,0
4919,0.48252152,0.55597493,0.48389907,0.26857999,0.45345894,10.44070385,10.44756887,1,1,553.63799961,0
4920,0.43218311,0.50250197,0.62295704,0.39195252,0.48655925,10.0956699,10.17086431,1,1,128.46076986,0
4921,0.40342038,0.40580565,0.74725246,0.51377038,0.51067952,10.39707302,10.41482918,1,1,1100.5404682,0
4922,0.37972445,0.34552957,0.86923476,0.63128884,0.57039237,9.98018228,10.06559357,1,1,233.43411588,0
4923,0.35533419,0.30403095,0.91842282,0.50972197,0.51517344,10.10080773,10.1207064,1,1,179.93879942,0
4924,0.35527266,0.30160132,0.91831835,0.38955766,0.45552627,10.2206693,10.25181283,1,1,683.33688937,0
4925,0.43813531,0.38999417,0.82478391,0.27181993,0.44267778,10.40919792,10.44567993,1,1,725.47195945,0
4926,0.48821381,0.44509423,0.74401732,0.21749314,0.49571034,10.09846775,10.14692282,1,1,220.60722392,0
4927,0.53653854,0.54074517,0.57870987,0.10475344,0.56135712,10.18924736,10.19232175,1,1,974.47243172,0
4928,0.58803633,0.5926897,0.44462665,0.23264886,0.62372535,10.20337691,10.29920799,1,1,114.20702267,0
4929,0.61614925,0.6626954,0.32567247,0.35799588,0.56907269,10.06253356,10.1435131,1,1,888.26016872,0
4930,0.6608893,0.68485089,0.25320987,0.24090225,0.51237129,10.1987774,10.2644299,1,1,141.30487406,0
4931,0.66098972,0.6852998,0.25329109,0.36235949,0.45756133,10.09383182,10.09695969,1,1,138.11153422,0
4932,0.59695707,0.60629705,0.33181364,0.48378518,0.40031414,10.31182786,10.35228991,1,1,183.08440677,0
4933,0.58166305,0.55196041,0.40293348,0.46161916,0.42224844,10.05944487,10.08376565,1,1,130.93910025,1
4934,0.52131791,0.47965449,0.47460177,0.50238678,0.40380703,10.00027618,10.00053257,1,1,378.57124158,1
4935,0.47691065,0.40618911,0.56215633,0.46252241,0.38739254,10.22441488,10.2847358,1,1,110.59248848,1
4936,0.45901721,0.34991947,0.62812233,0.42550511,0.40961491,10.00666229,10.01052434,1,1,774.19723296,1
4937,0.43537752,0.31880811,0.70298515,0.3872885,0.39142271,10.5362801,10.60869524,1,1,184.83316607,1
4938,0.43536676,0.31928991,0.70276247,0.42515252,0.38135702,10.13224712,10.21257374,1,1,283.88863043,1
4939,0.45174196,0.42174447,0.7088951,0.54663632,0.43923148,10.56485956,10.59243513,1,1,133.10284628,0
4940,0.46449221,0.408671,0.72674937,0.53308511,0.37845152,10.10381722,10.16224863,1,1,155.84275661,0
4941,0.49238784,0.39022676,0.70609775,0.6524142,0.43748314,10.54962352,10.60391508,1,1,1220.86267124,0
4942,0.50906536,0.39151584,0.69316371,0.7693659,0.49441411,10.18678056,10.22085944,1,1,111.68893136,0
4943,0.49247556,0.39907712,0.70350419,0.81202843,0.54852604,10.06053513,10.121764,1,1,115.71756174,0
4944,0.51580541,0.37724644,0.68122212,0.68586293,0.60206203,10.07943641,10.14260103,1,1,1271.47453076,0
4945,0.51626262,0.37473042,0.68094928,0.80142067,0.65817729,10.2074125,10.27538874,1,1,1185.64537429,0
4946,0.54468148,0.40811597,0.56955015,0.67543535,0.59257406,10.24541807,10.2955614,1,1,279.21260995,0
4947,0.48649886,0.46677587,0.41563999,0.74502011,0.57948174,10.027561,10.0761495,1,1,164.49365012,0
4948,0.42385121,0.57461224,0.24624987,0.62012659,0.51524347,10.25687407,10.33538052,1,1,105.29243763,0
4949,0.39136497,0.61287457,0.1003048,0.50603176,0.45395848,10.06088222,10.12021652,1,1,115.97610471,0
4950,0.36001557,0.68662327,0.00966757,0.38721317,0.39683968,10.356846,10.40568835,1,1,119.16369888,0
4951,0.36078158,0.68832376,0.00927868,0.2694758,0.33915934,9.946045,10.02372389,1,1,242.36007368,0
4952,0.39871726,0.70147552,0.32445592,0.39408619,0.2889174,10.24224244,10.33898095,1,1,1306.47221296,0
4953,0.45466223,0.67186445,0.64284046,0.27620815,0.34075354,9.99926557,10.0007228,1,1,138.55825208,0
4954,0.54684637,0.58984214,0.07644559,0.37535004,0.28644549,10.10117126,10.17202449,1,1,284.29933105,0
4955,0.63342164,0.54662637,0.36365065,0.25784361,0.34893658,10.17822831,10.2316018,1,1,172.65399689,0
4956,0.66502162,0.50332767,0.57832443,0.15150643,0.2937813,10.19284583,10.29071771,1,1,329.29878195,0
4957,0.66489541,0.50441986,0.57848393,0.27814805,0.24075117,10.334133,10.36716183,1,1,472.79428418,0
4958,0.60300193,0.47641274,0.58897001,0.40258508,0.30518815,10.19508345,10.28695056,1,1,103.61639939,0
4959,0.53242013,0.49513304,0.54334259,0.5245331,0.34705075,10.22305065,10.31573622,1,1,153.62885252,0
4960,0.40421929,0.53553477,0.54103798,0.40405523,0.40505922,10.35014145,10.38554868,1,1,206.79915238,0
4961,0.28679768,0.54978334,0.51508865,0.52594581,0.34759106,10.26421011,10.36561673,1,1,393.37093561,0
4962,0.20055784,0.56243891,0.49102959,0.64542689,0.40451572,10.21142986,10.21471858,1,1,477.12269407,0
4963,0.14303093,0.58831469,0.46993365,0.73560975,0.34206068,10.23147944,10.28847309,1,1,138.15924374,0
4964,0.1435969,0.58941714,0.4700655,0.85088019,0.39732716,10.10981515,10.11922287,1,1,1457.08665093,0
4965,0.24671761,0.67075081,0.50591977,0.96310333,0.34138003,10.27025336,10.28578817,1,1,194.85048874,0
4966,0.32543534,0.6590816,0.49764537,0.83494915,0.27217872,10.42203987,10.51236748,1,1,109.49697227,0
4967,0.45446561,0.66557296,0.51661865,0.7093688,0.21744929,10.43485372,10.48269919,1,1,121.16520088,0
4968,0.59249475,0.68274477,0.52847158,0.74878954,0.27013654,10.29382879,10.36110885,1,1,102.26113091,0
4969,0.67634405,0.67479782,0.54190261,0.62384404,0.32515786,10.01683865,10.03838872,1,1,149.16773116,0
4970,0.72395003,0.64116813,0.53036081,0.628499,0.34865429,10.47266908,10.47692539,1,1,171.26842475,1
4971,0.72452031,0.64307637,0.53034558,0.59260875,0.35668542,10.25366688,10.33596498,1,1,115.51038179,1
4972,0.71851546,0.59372505,0.55434443,0.62662866,0.37922541,10.32530423,10.35528979,1,1,129.8915704,1
4973,0.72071228,0.59518294,0.54272389,0.66395746,0.40153662,10.32352825,10.3561311,1,1,135.73278447,1
4974,0.72356297,0.58785946,0.54913241,0.69724224,0.42350238,10.25553184,10.25975292,1,1,163.80036445,1
4975,0.6765051,0.58493077,0.5486893,0.65329744,0.40503233,10.12642614,10.1357771,1,1,799.82228992,1
4976,0.66362937,0.60340745,0.55316548,0.61752542,0.3869327,10.12865939,10.13067286,1,1,279.38654009,1
4977,0.65242193,0.61316525,0.54629379,0.65517288,0.36919446,10.15954585,10.24748183,1,1,133.46092076,1
4978,0.65125651,0.60441006,0.52804184,0.68754355,0.39181056,10.35168655,10.40066211,1,1,632.31448452,1
4979,0.6201698,0.59653822,0.54534373,0.64379301,0.37397486,10.57127374,10.62293994,1,1,104.74967595,1
4980,0.61010135,0.6043975,0.55081293,0.67957095,0.37225418,10.34268773,10.36521712,1,1,155.31175637,1
4981,0.62551735,0.60359592,0.54309568,0.64028554,0.37602482,10.3568485,10.39070389,1,1,1337.78033443,1
4982,0.62529853,0.60378091,0.54314815,0.59747983,0.37604769,10.02346908,10.05731543,1,1,101.26049835,1
4983,0.59130471,0.55311972,0.55231543,0.63119484,0.39851293,10.1654638,10.2148714,1,1,331.60504393,1
4984,0.57801109,0.54175517,0.54615877,0.6683409,0.4179021,10.19504118,10.26807566,1,1,121.04342662,1
4985,0.5857091,0.54147636,0.56643084,0.62497526,0.39993803,10.25685083,10.31033546,1,1,577.99779003,1
4986,0.56088322,0.5556395,0.55973733,0.66216061,0.38226507,10.16557829,10.19355842,1,1,284.41566186,1
4987,0.57557215,0.55620011,0.54305865,0.61933421,0.40460683,10.34243754,10.3616003,1,1,1091.44278118,1
4988,0.57155689,0.54879305,0.56341369,0.65633542,0.42651461,10.20332242,10.23282392,1,1,328.81184702,1
4989,0.54879636,0.52762012,0.56233315,0.69270739,0.40847414,10.01787633,10.11133835,1,1,136.22497162,1
4990,0.54169278,0.55096093,0.56382715,0.72264136,0.39030466,10.08882893,10.10624992,1,1,454.64693034,1
4991,0.54196584,0.5516987,0.56393968,0.75818428,0.41249758,10.33072801,10.37869886,1,1,648.99360221,1
4992,0.53765577,0.47923329,0.59260007,0.71302059,0.43424763,10.36564803,10.43801199,1,1,1358.00733637,1
4993,0.54349267,0.50154645,0.56631866,0.74589253,0.45556005,10.22473119,10.26193728,1,1,451.93551969,1
4994,0.52494319,0.48992615,0.57455656,0.78097459,0.47536305,10.12047303,10.17488639,1,1,192.08292014,1
4995,0.51033064,0.52594766,0.55742836,0.73539405,0.49585566,10.37584129,10.45243217,1,1,265.54474602,1
4996,0.51673411,0.53137108,0.55069071,0.77029789,0.47593855,10.11901048,10.13732366,1,1,212.78507206,1
4997,0.51675973,0.52995064,0.55063446,0.72520304,0.45641982,10.16991565,10.20322161,1,1,331.45059778,1
4998,0.53797558,0.50129393,0.55055922,0.760289,0.464546,10.23072025,10.25357518,1,1,124.93240996,1
4999,0.53099498,0.49346267,0.56932358,0.79411851,0.44525642,10.17847366,10.18693369,1,1,128.14326998,1
